1 0.4296875 0 0 0 0 0.268966178125 0.007085653124999999 0.281444978125 0.025582349999999997 0.2861967984375 0.0481537078125 0.3013112328125 0.058041265625000005 0.3095928109375 0.0634736078125 0.31875 0.1884646796875 0.31875 0.4296875 0.2681983 0.4296875 0
0 0.6141978078125 0.08700405312500001 0.6194195171875 0.094535334375 0.6268304453125 0.098373246875 0.6369657296875 0.0887018828125 0.637849521875 0.0831256921875 0.6370062531249999 0.0682076734375 0.6319872484375 0.05847752187500001 0.6258087703124999 0.0533031359375 0.6197762453125 0.0545673390625 0.6155275328125 0.05653591249999999 0.606697675 0.06809009687499999 0.6077436484375001 0.08080924687499999 0.6141978078125 0.08700405312500001
0 0.54833464375 0.1115885796875 0.55370230625 0.125558446875 0.564259225 0.12334609375000001 0.569262003125 0.12121949531250001 0.571102565625 0.11328640781249999 0.562442959375 0.09892821874999999 0.5601807625 0.0994022953125 0.5553806875 0.0993300234375 0.5499725015625 0.10585436562499999 0.54833464375 0.1115885796875
0 0.86719090625 0.062018809375 0.8639557124999999 0.052993029687500005 0.8578502109375 0.0510379390625 0.8563420796875001 0.05135398906250001 0.8485257421875 0.05191381874999999 0.8447554140625 0.05270394375 0.840855359375 0.058912234375000004 0.8455419328125 0.076259421875 0.8607691984375 0.07953750468750001 0.86597468125 0.075212034375 0.86719090625 0.062018809375
0 0.8496959093750001 0.09794173125 0.8402984640625 0.0955983171875 0.831525359375 0.09851504375 0.8313388796875 0.1125706640625 0.8416363453125001 0.121194640625 0.85425275625 0.12070708125 0.8565717046875001 0.1115955484375 0.8496959093750001 0.09794173125
1 1 0.31875 1 0.1767804375 0.9750573671874999 0.1579260921875 0.9307539734375 0.1531939578125 0.9192240578125 0.14590645625 0.89631018125 0.137770040625 0.8684665031249998 0.1349795171875 0.8476121187500001 0.12856789531249999 0.8379552203125 0.1370608109375 0.8250631265624999 0.1365279484375 0.8072979828125 0.1327035203125 0.7984681265625 0.144257703125 0.7851544 0.1362658296875 0.7750028890625 0.134080440625 0.7539458 0.129867690625 0.7504106296874999 0.1521724484375 0.7432916078125 0.1612117125 0.7390996453125 0.154542828125 0.724756171875 0.14568855625 0.7080532265625 0.166440028125 0.6964827875 0.1796467359375 0.6878961578125 0.1685078390625 0.6748013625 0.17017384687499998 0.673950021875 0.199463540625 0.6616335890625 0.1686205609375 0.6387359390625 0.17234089375 0.6391008234375001 0.18843736093750002 0.653274046875 0.2232040078125 0.6442577109375 0.24881381406249997 0.6464631578125 0.256977196875 0.6396765671875 0.258399425 0.6334251109375 0.2500057453125 0.61326804375 0.25207355625 0.6152140359375 0.2710732671875 0.6262817921874999 0.2913959671875 0.627603446875 0.305135540625 0.6312815734375 0.31875 1 0.31875
0 0.026274246875 0.3555197390625 0.02182283125 0.35968718437499997 0.0220417609375 0.3693450640625 0.028293217187500004 0.37773874375 0.037212278125 0.3812606046875 0.0421420796875 0.3759147125 0.04192315 0.36625683124999997 0.038963637499999995 0.358251475 0.032306771875 0.35425553593750003 0.026274246875 0.3555197390625
0 0.0177311484375 0.31875 0.018133550000000002 0.3194888921875 0.023355259375 0.327020171875 0.030968892187500003 0.32865921249999996 0.037755482812500005 0.327236984375 0.041655539062500004 0.3210286953125 0.0404801421875 0.31875 0.0177311484375 0.31875
0 0.1526492265625 0.4045097453125 0.14091660781249998 0.3994211140625 0.130821846875 0.3885982671875 0.116754053125 0.3807644203125 0.1001483828125 0.372384225 0.11890274999999999 0.397565259375 0.1362787125 0.41764418125 0.1518546375 0.42516198124999993 0.1577412078125 0.417459190625 0.1526492265625 0.4045097453125
0 0.11858654531249999 0.4170390453125 0.11075398125 0.405742125 0.09949974687499999 0.3994750453125 0.095818621875 0.4153412171875 0.095980803125 0.43363655625 0.115586509375 0.42952789999999996 0.11858654531249999 0.4170390453125
0 0.21604956875 0.31875 0.21749071406249998 0.3348551078125 0.21539069843749997 0.3536245234375 0.2252097765625 0.36342694531249997 0.2355639921875 0.3634134625 0.23685319218749998 0.35343953125 0.23120985 0.33844924062500004 0.2271476140625 0.32636219375 0.22205276718750003 0.31875 0.21604956875 0.31875
0 0.0744048921875 0.5513686390625001 0.087078053125 0.5422436234375001 0.0802022609375 0.5285898046874999 0.06675880468749999 0.5260160953125 0.0595668078125 0.5318360656250001 0.054507278125 0.5426001218750001 0.064123653125 0.554601415625 0.0744048921875 0.5513686390625001
0 0.0389557359375 0.6030035390625 0.042117953125 0.6088100265625 0.053299209375 0.6118578109375 0.0595344390625 0.6083947375000001 0.055747884375 0.5973281125 0.049772109375 0.58995485625 0.044420671875 0.5878417390624999 0.039490871875 0.593187634375 0.0389557359375 0.6030035390625
0 0.08152425468749999 0.9434180828125001 0.0826432046875 0.9593565265624999 0.088416275 0.968928653125 0.095551521875 0.9717461421875001 0.1064408734375 0.9619167531249999 0.1034651359375 0.94205464375 0.091108178125 0.9317058734374999 0.08152425468749999 0.9434180828125001
0 0.0758157484375 0.5801842578125 0.0758724984375 0.5715467984375 0.06057225625 0.5650494234375 0.051450490625 0.56372643125 0.0403422109375 0.563897940625 0.0205905515625 0.5615680109375 0.0078281859375 0.5556169828125 0.0031010875 0.5587640046875 0.018895943749999998 0.575939684375 0.0345286171875 0.5748200234375 0.0488720890625 0.58367429375 0.064999375 0.5932329390625 0.06945079374999999 0.58906549375 0.0758157484375 0.5801842578125
0 0.0149311515625 0.735265321875 0.0023147390625 0.7357528796875 0.0011714921875 0.752165396875 0.010033803125 0.76432471875 0.020590721875000002 0.7621123640625 0.026404317187499998 0.75119028125 0.0149311515625 0.735265321875
1 0.4296875 1 0.4296875 0.3887372453125 0.41203973281249995 0.3943567671875 0.39022858125000004 0.390302040625 0.371912075 0.38443676718750003 0.3754067203125 0.3826262171875 0.369820128125 0.35899846874999997 0.3538063421875 0.332164909375 0.3509522609375 0.35109235 0.34877926718749996 0.3666424703125 0.33958452656250004 0.36210018593750004 0.330389784375 0.3575579015625 0.3177733734375 0.3580454609375 0.318211234375 0.3773612234375 0.3088137890625 0.37501780937499996 0.29406490625 0.370561278125 0.2822755375 0.37411010624999996 0.288048609375 0.38368223281249997 0.27831873281249997 0.3889558546875 0.26952940000000003 0.3800158296875 0.25671028281249997 0.38270225937499996 0.24402089531249999 0.379970525 0.22216921875 0.3964100078125 0.20874198906250002 0.40569305 0.199749953125 0.3989518953125 0.186322725 0.40823493749999995 0.1687765125 0.4140683890625 0.1717522515625 0.4339304984375 0.1619088734375 0.45647903593750006 0.137543615625 0.44002121093749996 0.1475086484375 0.45626222187500004 0.156370959375 0.46842154062499997 0.142797778125 0.471265996875 0.13623011875 0.482346103125 0.12787864531249998 0.4927218390625 0.12298936875 0.47757352343750004 0.11201081406249999 0.4723268671875 0.10215121093749999 0.4830186546875 0.097237634375 0.5002212984375001 0.101299871875 0.512308346875 0.1067405109375 0.5294975078124999 0.1234759078125 0.5324595390625 0.12507324375 0.547219534375 0.11355955468750001 0.5517887828125 0.101656684375 0.572612525 0.080599596875 0.5683997765625 0.0755562953125 0.591020584375 0.0659885984375 0.614589546875 0.0601344796875 0.6460058390625 0.060848021875000005 0.666342021875 0.0684211328125 0.6884752734375 0.062461582812500006 0.69295876875 0.0632481015625 0.7165142453125 0.0770402140625 0.723327671875 0.075896965625 0.739740190625 0.06423732343750001 0.7378708546875 0.047704631250000004 0.7327099515625 0.0492289890625 0.744250653125 0.054669628125 0.7614398140625 0.0416478078125 0.7663251140625 0.0402451078125 0.7935739609375 0.055950759375000006 0.7956735953125 0.065786065625 0.8173327703125001 0.057361615624999994 0.8244892109374999 0.0636860484375 0.8361021843749998 0.0740564890625 0.8479454531249999 0.09224326875 0.8592288906250001 0.096856865625 0.8733567859375 0.090272978125 0.872580140625 0.0749889625 0.8779395187500001 0.0944973953125 0.9029625296875 0.1019245515625 0.9186571906250001 0.10517597031249999 0.9395397234375 0.11609777343750001 0.9534238375000001 0.12556819531250002 0.9589865421875 0.139100853125 0.9766362984375 0.1436414734375 0.9875448984374999 0.1463193359375 1 0.4296875 1
0 0.6090601171875 0.42163095156249997 0.6098709328125 0.41283546718749997 0.6071871015625 0.40585053281250005 0.6020383703125 0.4015385453125 0.5960625953124999 0.394165290625 0.591611178125 0.3983327359375 0.5873786921875 0.4121580609375 0.589105753125 0.421499890625 0.5980248140625 0.4250217515625 0.6090601171875 0.42163095156249997
0 0.65866626875 0.39290594375 0.6706015921875 0.3957957046875 0.6826666421875001 0.3932673 0.6860883125 0.38823745781249996 0.6870288546875 0.374023809375 0.6772097765625 0.3642213859375 0.6681609890625 0.366117690625 0.6561689140625 0.3718653890625 0.6515877718749999 0.381450996875 0.652966175 0.3865531109375 0.65866626875 0.39290594375
0 0.8921509343749999 0.3428976890625 0.8846832562500001 0.3476972359375 0.8786507312499999 0.3489614390625 0.8768831437500001 0.3601138171875 0.8795669765625 0.3670987515625 0.885064365625 0.3756504546875 0.8946645140625 0.375794996875 0.9059025234375 0.37020532500000003 0.9076701078125 0.359052946875 0.9047673453125 0.34241013124999997 0.9036646234374999 0.3383284390625 0.89803750625 0.33519489999999996 0.890350896875 0.330336565625 0.8921509343749999 0.3428976890625
0 0.5078776953124999 0.6929765640625 0.5043100703125 0.691567821875 0.49745050312499994 0.68977075625 0.4932747671875 0.6949586234374999 0.49246395156249995 0.70375410625 0.49864242968749994 0.7089284906250001 0.5077641953125 0.7102514828125 0.5146805125 0.703411090625 0.5078776953124999 0.6929765640625
0 0.47353941875 0.8047576218749999 0.4722502171875 0.8147315531250001 0.4769935421875 0.8234412828125001 0.4881748 0.8264890671875001 0.49345325781250005 0.8253828890625 0.4970776328125 0.8181541765624999 0.49630734062500004 0.80645545 0.4857341953125 0.796811053125 0.48374767968750004 0.79830555 0.47771515468750003 0.7995697515625 0.47353941875 0.8047576218749999
0 0.5477622125 0.8258618234374999 0.5593488765625001 0.824511865625 0.5635246125 0.8193239984375001 0.5630300015625 0.8086456953125001 0.5545730984375 0.792088634375 0.5494973437499999 0.790995940625 0.5279780984375 0.7998183890624999 0.5257321265625 0.812149215625 0.5321862859375 0.8183440234375 0.5477622125 0.8258618234374999
0 0.6223661140625 0.87491924375 0.6115335140625 0.8761111734375 0.605922625 0.8848343859375 0.618757965625 0.8940047078125 0.6225282937500001 0.8932145828125 0.63095274375 0.8860581406249999 0.6223661140625 0.87491924375
1 1 1 1 0.4602697671875 0.9864579031249999 0.45898696250000004 0.9636737546875 0.44543238125 0.9338273328125 0.43227960468750004 0.9063323140625 0.4337287984375 0.8878860812500001 0.4332816890625 0.8708182515625001 0.43793669218750003 0.850312525 0.4357647875 0.8358555515624999 0.44418543125000004 0.81774175 0.4361212859375 0.8014847359375 0.4319808078125 0.79511978125 0.44086204531249995 0.7856655859374999 0.4471560890625 0.76983020625 0.45047461875000006 0.7573029984375 0.46603822343749995 0.7499812734375 0.47727635625 0.7401054421875 0.476111390625 0.7311863828125 0.47258953125000003 0.7154239796875 0.4791273546875 0.71012929375 0.46837678125000004 0.6889424796875 0.4695821953125 0.6779234031250001 0.484829746875 0.6924290578125 0.51197935625 0.6917641953125 0.5272134296875001 0.6864452109375 0.5488138140625 0.6803559359375 0.558715475 0.6768450625 0.5486692718749999 0.6581961265625 0.550421034375 0.6622745875 0.5743648328125 0.6700504 0.5942992109375 0.6750451078124999 0.636380325 0.6598502953125001 0.656815746875 0.6626395578125 0.6907334765625001 0.6529096796875 0.6960071 0.6524637484375 0.72089905 0.642879825 0.7326112593749999 0.6258282234375 0.7491230140625 0.6218714171874999 0.7639687640624999 0.6153037578125 0.7750488718749999 0.6166254109375 0.78878844375 0.633247309375 0.809025390625 0.6391095828125 0.8336735624999999 0.6497557046875 0.846537253125 0.6602721 0.8648191093750001 0.6470475765625 0.8719032796875 0.6515314468750001 0.8914493390625001 0.648807090625 0.9049586140624999 0.6432529515625001 0.9050443687499999 0.6355258171875 0.92068024375 0.6535990953124999 0.9492385984375 0.6680722953125 0.9526747046875 0.664172240625 0.9588829953125 0.6472341390625 0.9581198328125 0.646917934375 0.9775936203125 0.6544748171875 0.9878701203125001 0.672791321875 0.9937353953125001 0.6778685734375001 1 1 1
0 0.892159090625 0.398962153125 0.8870103593749998 0.394650165625 0.8774831859375001 0.3977249171875 0.8761939859375001 0.4076988484375 0.8843022296874998 0.42001619218749997 0.8921185656249999 0.41945636249999996 0.8975997296875 0.41615131562499996 0.8971780953125 0.40869230468750006 0.892159090625 0.398962153125