0 0.4390625 0.363683390625 0.4260312203125 0.359292734375 0.41792156875 0.36354804375 0.411071075 0.3725505078125 0.41685778281249997 0.38533710781249997 0.4314314890625 0.3861022046875 0.4390625 0.385784790625 0.4390625 0.363683390625
1 0 0 0 0.436789228125 0.0018023546875 0.4368838484375 0.006461803125 0.42542583125 0.0050208265625 0.41676825156249997 0.0143896375 0.4172601 0.0210355078125 0.4261909265625 0.061633690625 0.42832226718750005 0.070711596875 0.422557440625 0.0703116 0.41395451093749996 0.0942541171875 0.4152114546875 0.1109461453125 0.4168679359375 0.10727775937499999 0.40497272031250003 0.13047020468749998 0.4124316890625 0.15068516406250002 0.422855046875 0.1723639078125 0.4200922703125 0.186332996875 0.4301877296875 0.20057943281249999 0.4239140671875 0.213784890625 0.41758575468750003 0.20677538750000002 0.4008340828125 0.2136258828125 0.3918316171875 0.2352682625 0.3882867546875 0.24372799218750002 0.369226490625 0.26641135 0.3657362796875 0.2953769484375 0.36335605000000004 0.294758771875 0.3500606140625 0.3091142984375 0.3461332046875 0.3140282875 0.3401497765625 0.331870384375 0.34420716093750003 0.342484796875 0.326820365625 0.354408290625 0.337588609375 0.373218640625 0.340136475 0.4035888484375 0.3456317390625 0.408066478125 0.33026330000000004 0.39108354375 0.32235014375 0.3886379515625 0.3144199984375 0.4078347421875 0.30294499375 0.42240844843750003 0.303710090625 0.4295862125 0.3017463859375 0.4390625 0.300920103125 0.4390625 0.23928943593750002 0.43809155625 0.23899869218749997 0.437400653125 0.2241390890625 0.4390625 0.22473784375 0.4390625 0.0285324515625 0.4224867609375 0.015049293750000001 0.40999728125 0 0 0
0 0.06211996875 0.46111516406249997 0.07691185625 0.46657276718749996 0.09417213906250001 0.4581168 0.09481312343750001 0.44956852031250005 0.0819941046875 0.44187396406249996 0.0632201203125 0.440108184375 0.05916529375 0.44223583906249997 0.059347109375 0.44614626093750004 0.06211996875 0.46111516406249997
0 0.8273822953125001 0.46875 0.8288668078124999 0.459932096875 0.8303305875 0.446745959375 0.8249075140625 0.4417802046875 0.8090019218750001 0.4347037828125 0.7997422015625 0.4365581890625 0.8000331062499999 0.44281486406250004 0.8026968765625 0.455437515625 0.81149743125 0.46604181093749997 0.814388040625 0.46875 0.8273822953125001 0.46875
0 0.8331989828124999 0.44143531874999997 0.835849196875 0.4314321703125 0.830426121875 0.4264664140625 0.8210209484375 0.42519248281250005 0.8085655640624999 0.4253187703125 0.8045107359375001 0.42744642343750006 0.8014968890624999 0.4296287296875 0.8080700328124999 0.4369953875 0.8331989828124999 0.44143531874999997
0 0.8160934031250001 0.40855011093750004 0.81081578125 0.40671269218750006 0.800442353125 0.40694827968749997 0.7948146546875 0.41991581718750004 0.8054062625 0.42437273593749997 0.8156342359375 0.42100881250000005 0.8165661249999999 0.4187172078125 0.8160934031250001 0.40855011093750004
0 0.49820405 0.338809496875 0.49659481406249995 0.34886729375000003 0.4960265578125 0.3589797421875 0.5069090703125 0.3696933375 0.521337325 0.3673300953125 0.5323517328125 0.3585462296875 0.53302908125 0.3507800359375 0.5233693625 0.3440315109375 0.516905309375 0.3390111078125 0.5043408328125001 0.33679114062500004 0.49820405 0.338809496875
1 1 0 0.4390625 0 0.4390625 0.2949965796875 0.455605884375 0.2936635109375 0.4710387546875 0.290572834375 0.4854805640625 0.3108353921875 0.49667679062500003 0.30596195000000004 0.499254278125 0.29439463125 0.5126779171875 0.292758825 0.51172321875 0.31689414375 0.528487975 0.3201147921875 0.552903215625 0.331538834375 0.565249509375 0.32906629375 0.623703346875 0.3578808171875 0.6346813921875001 0.348314865625 0.636290628125 0.3382570671875 0.649364190625 0.351426215625 0.668174540625 0.3539740796875 0.6684882515625 0.33838704062499997 0.67663426875 0.3349138171875 0.6871167843749999 0.3370244828125 0.7009767828125 0.34477369062499996 0.716336925 0.34011884531250003 0.7287195828125 0.3384283890625 0.7304151015625 0.3525605578125 0.7482571984374999 0.3566179421875 0.749698175 0.3652755203125 0.765858309375 0.3778265328125 0.7779136984375 0.36909731562500003 0.7783365015625 0.35585653125 0.79678321875 0.35058354999999997 0.7927875609375 0.33164957500000003 0.79026924375 0.3221552609375 0.8025064499999999 0.31733646718749997 0.8051837781250001 0.3525849171875 0.8274079703125 0.36155340625 0.8451409765625 0.3632645359375 0.8868436124999999 0.4114842078125 0.848091346875 0.31504855 0.8665017015625001 0.308993484375 0.8910488390625 0.300920065625 0.9232828265624999 0.3018321234375 0.922482834375 0.284626265625 0.9260285750000001 0.2715494296875 0.9236193468749999 0.26440136875000003 0.9336655031250001 0.25712702187500003 0.942707046875 0.250580109375 0.9559260593750001 0.266877596875 0.9741182343750001 0.256130025 0.9611537640625001 0.24530713125 0.9629811765625 0.23994183906250002 0.97569110625 0.2452901421875 0.9869600593750001 0.24198086718749998 1 0.24922677499999998 1 0.2262817609375 0.991401325 0.22583034375 0.9826734968749999 0.21679021562499998 0.978036859375 0.20640451875000002 0.9948379765625 0.210407253125 1 0.20824518125 1 0.18064898125 0.99765645 0.181688728125 1 0.176788921875 1 0
0 0.3427525 0.9475453312500001 0.3411069 0.9568210453125001 0.34362521875 0.966315359375 0.350089271875 0.9713357640625 0.3699042375 0.9731561937500001 0.3684632609375 0.9644986156249999 0.3692496984375 0.9590786734375001 0.3739455078125 0.9484027390625 0.37157264375 0.9420367640624999 0.35584886718750003 0.938870765625 0.348634740625 0.9400523859375 0.3427525 0.9475453312500001
0 0.03900049375 0.8691848 0.04898748125 0.8829720828125 0.06140650156250001 0.8820637125000002 0.07156175000000001 0.8771356171875 0.07543475937500001 0.8710975421875 0.0675297296875 0.8574195578125 0.047823856250000005 0.8579453812500001 0.03900049375 0.8691848
0 0.0702163078125 0.84819849375 0.063534075 0.83848558125 0.0499286203125 0.8362109671875 0.0449419046875 0.840630225 0.046637421875 0.85476239375 0.058488189062499994 0.8639664703125 0.07072539375 0.8591476765625 0.0702163078125 0.84819849375
1 0.4390625 0.46875 0 0.46875 0 0.8152865640625 0.004330165625 0.8158730859375 0.0247633078125 0.8309889500000001 0.035100371875 0.8299712796875 0.053765265625 0.8293908046875 0.0747303015625 0.8336121375 0.08607198125 0.83186703125 0.1018321203125 0.8358151171875001 0.1079097328125 0.854858390625 0.1259336484375 0.862826196875 0.15318091875 0.8681575125000001 0.1662772859375 0.8594829453124999 0.20393434843749997 0.8653607593749999 0.20665728906249997 0.8569217796874999 0.20320708281250002 0.8497190703124999 0.212430440625 0.8470825796874999 0.2242448421875 0.855504571875 0.225540365625 0.8610338125 0.2679659640625 0.8577998609374999 0.2696842875 0.850088315625 0.29554050468750004 0.8701699359374999 0.3073912703125 0.8793740124999999 0.32828357812500003 0.8820311765625 0.3287791078125 0.8703545593750001 0.33846163125 0.8552593671875 0.3690136578125 0.86466505625 0.37303211875 0.8617553156250001 0.36368611562500003 0.8394197531250001 0.362499684375 0.8362367671875 0.3745914359375 0.828289634375 0.4125258484375 0.8177983234375 0.4380776015625 0.80899746875 0.4390625 0.80890050625 0.4390625 0.46875
0 0.9765793281249999 0.6987497921875001 0.9694379265624999 0.70149558125 0.96556491875 0.7075336578125 0.9649239359374999 0.7160819375 0.9712788984374999 0.7187560890625 0.9806113468749998 0.7184658515625 0.9877527484375002 0.7157200625 0.9905120531249999 0.7080631671875001 0.9891801671875001 0.7017518421875 0.9765793281249999 0.6987497921875001
0 0.98047450625 0.8495281390624999 0.9779198250000001 0.8392517421875001 0.9776652828125 0.8337771515625001 0.9754742328125001 0.8313216000000001 0.9678601109375 0.8239002890625 0.9644826312500001 0.8182617499999999 0.9539273875 0.8145869140625 0.9447403906249999 0.8180054890624999 0.9461086406250001 0.8250989000000001 0.9494497578125 0.8299553546875 0.959182203125 0.8382680468749999 0.9636006609375001 0.8439612375 0.9678736656249999 0.8465260890625 0.9745195359375 0.8554569171875 0.9813108609375 0.8675160828124999 0.9812381343750001 0.8659519124999999 0.9850384187500001 0.8583496687500001 0.98047450625 0.8495281390624999
0 0.9244748703125001 0.9628343874999998 0.9274159921875 0.9590879140624999 0.9278024312500002 0.94506504375 0.9224157187500002 0.940881371875 0.9109285875000002 0.9394981421875 0.9069101234375001 0.9424078796875002 0.9093920781249999 0.9511201078125 0.9143559859374999 0.9685445640625 0.911851225 0.9816760500000001 0.9110647875 0.9870959921875 0.9240656234374999 0.9987009718750001 0.9240292609375 0.9979188875 0.9235928999999998 0.9885338749999999 0.9231929046874999 0.97993094375 0.9229383625 0.9744563546875 0.9244748703125001 0.9628343874999998
0 0.8739310093749999 0.8361330203125 0.8692580078125001 0.8249652390625 0.862793953125 0.8199448359374999 0.8503022046875 0.8192890375000002 0.8476883531249999 0.8300742718749999 0.8502430359375002 0.84035066875 0.850352125 0.8426969203125001 0.8546614921875001 0.8460438578125 0.8588981375 0.8478266265624999 0.8630256890624999 0.8472631406250001 0.8721763218749998 0.8430624812499999 0.8739310093749999 0.8361330203125
0 0.8291553546875001 0.8111572828125 0.8263824953124999 0.7961883796875 0.8223141109375 0.7756902343750001 0.8130907531249999 0.778326725 0.8156226265625 0.8104468359375 0.8127905953125 0.8165395625 0.818504578125 0.8277619937499999 0.8146315671875 0.8338000703125001 0.8219184203125 0.8341826187500001 0.8391558968750001 0.847570365625 0.836346675 0.8318193781250001 0.8381740875 0.8264540859375 0.8407879406250001 0.8156688531249999 0.8291553546875001 0.8111572828125
0 0.6248781703125 0.750501828125 0.6242735500000001 0.7598321921875 0.6288011 0.7678716359375001 0.6433384421875 0.7678546484375 0.6505162078125 0.7658909421875 0.6587713125000001 0.7647639703125 0.6595941109375 0.7601261140625001 0.65711215625 0.7514138859375 0.6548120187500001 0.7466120796875 0.6464114609375 0.7446107140625 0.6360380328125 0.7448463000000001 0.6248781703125 0.750501828125
0 0.56150109375 0.772140246875 0.5642603984375001 0.7644833515625 0.563933128125 0.757444590625 0.561596628125 0.7518606999999999 0.551900546875 0.7443300921875 0.533162925 0.7433463984374999 0.525053271875 0.74760170625 0.5255623578125 0.7585508875 0.53231731875 0.7698279703124999 0.5430907406250001 0.7781953109374999 0.5575189953125 0.77583206875 0.56150109375 0.772140246875
1 1 0.46875 0.4390625 0.46875 0.4390625 0.635518975 0.45158506562499995 0.6415417609375 0.4627221203125 0.657729946875 0.4767639328125 0.6693895765625 0.492451346875 0.6717734906249999 0.5002109234375001 0.6823231375000001 0.5150028078125 0.6877807406249999 0.528476365625 0.7095528171875 0.5408590234374999 0.7078623593750001 0.5572237828125 0.70248008125 0.5685290984375 0.699952890625 0.5796297921875 0.71535899375 0.5963218203125 0.7170154734375 0.6042860203125 0.7096318265624999 0.60709524375 0.725382815625 0.6156776171875 0.731294603125 0.6290648937500001 0.7288767125 0.6341243343749999 0.7260216234375 0.6429612546875 0.7374080046875 0.65965328125 0.7390644843749999 0.676308946875 0.73993888125 0.689841675 0.7406493265625 0.7097293656250001 0.744033925 0.7052381796875 0.736776565625 0.7049836375 0.731301975 0.7153207 0.730284303125 0.7289625187500001 0.7333410046875001 0.7509685312500001 0.7376169859375 0.7638966390624999 0.747657796875 0.7784703453125 0.7484228921875 0.79233034375 0.7561721 0.811104328125 0.7579378796875 0.8222278296875001 0.7515002671875 0.8153637781249999 0.7378769328125 0.8128090984374999 0.7276005359375001 0.8281692406250001 0.722945690625 0.8405882625000001 0.72203731875 0.8484070078125001 0.711525334375 0.8619397359375001 0.7122357812500001 0.8859913453124999 0.715838978125 0.9139886875000001 0.7149682671875001 0.9260440781250001 0.7062390515625 0.946572753125 0.7010753703124999 0.9649103796875 0.6934561374999999 0.9801977953125001 0.6872371234375001 1 0.7030940453125 1 0.6677626796875 0.9944670406250001 0.6591197453125 1 0.6577280125 1 0.46875