0 0.2202773140625 0.043402959375 0.213937371875 0.045254337500000005 0.203707703125 0.051961864062499995 0.2076484546875 0.0632120171875 0.2229914828125 0.06369193906250001 0.22895952656250002 0.0545086078125 0.2202773140625 0.043402959375
0 0.2184511609375 0.14934407031250002 0.2049735125 0.14335905 0.20124274999999997 0.154369240625 0.1970861171875 0.16302360625 0.20038806406249998 0.1707400234375 0.2075797421875 0.1736002921875 0.2175425078125 0.17069098124999998 0.22212500624999998 0.16439243750000002 0.2184511609375 0.14934407031250002
0 0.30618195312499996 0.2390536515625 0.30538123906250003 0.25044830625 0.31278585 0.254486484375 0.3250938359375 0.243451771875 0.3200344453125 0.231288190625 0.31236293125 0.23104823125 0.30618195312499996 0.2390536515625
1 0.66875 0.3890625 0.66875 0 0.370293571875 0 0.369077040625 0.01731200625 0.3626262078125 0.05019807187500001 0.34807799687499996 0.080488353125 0.3360339671875 0.10880727500000001 0.3317154234375 0.13239003124999998 0.33485546093749996 0.155034834375 0.3397529390625 0.18212680312500001 0.34225417343750003 0.2012378734375 0.3538634921875 0.233810415625 0.339051321875 0.24681648437499998 0.332816371875 0.2597980359375 0.33846059375 0.280471478125 0.3482614484375 0.292490559375 0.34996492031250004 0.3019138515625 0.336592265625 0.3070590015625 0.34516653750000004 0.32811691249999997 0.366102765625 0.33316398125 0.3717469875 0.3538374234375 0.36812416406250004 0.354895353125 0.354430634375 0.368814853125 0.35922311875 0.3847766515625 0.34478579531250003 0.3840322453125 0.33770205937500003 0.37121971875000004 0.3304564109375 0.37333558125 0.31948 0.38646163125 0.32044260156250004 0.3890625 0.66875 0.3890625
0 0.9142023859374999 0 0.9204659046874999 0.01167428125 0.9323297687500001 0.014534287500000001 0.937537725 0.0119593890625 0.9381620999999999 0 0.9142023859374999 0
0 0.8225856593750001 0.1741250609375 0.8221344281249999 0.16266196875 0.813668584375 0.1472148171875 0.807328790625 0.1480120734375 0.799357546875 0.15771837187499999 0.8015294718750001 0.169733071875 0.809906071875 0.17571957656249998 0.8225856593750001 0.1741250609375
0 0.7700957265625 0.2200213578125 0.7772487406249999 0.23268964374999998 0.780101271875 0.2350188890625 0.7931428484375 0.23542682343750002 0.7956792671875 0.23152390781249998 0.794685053125 0.21705713750000002 0.7859005906250001 0.213297890625 0.780330646875 0.2138703390625 0.7700957265625 0.2200213578125
1 1 0.3890625 1 0 0.9682340937499999 0 0.9683317265625 0.0029669796875000003 0.9606332265624999 0.00521508125 0.95071441875 0.017598259375 0.9335049765625 0.030002282812499996 0.918199725 0.026039067187499997 0.90221386875 0.031761309375000005 0.8788940046875 0.0238140390625 0.8196639328125 0.0189746578125 0.8479190093750001 0.031805225 0.8625895281249999 0.041224184375 0.8755393546875 0.0500915390625 0.8891239109375 0.0535031484375 0.8821493874999999 0.059756151562500005 0.8801100749999999 0.070892453125 0.8912474546875 0.087667621875 0.9042456624999999 0.074385203125 0.90479115 0.0594688125 0.91647401875 0.0613275921875 0.91076645 0.0745891703125 0.9053749937500001 0.09408290625 0.9019311 0.1108997625 0.8957697953124999 0.13061830937500002 0.8911481875 0.1498872359375 0.8991144203125 0.17602106875 0.8978449562499999 0.18693255625 0.8945845640625001 0.186830575 0.8754300624999999 0.1839914125 0.866507975 0.1929212953125 0.85142959375 0.1857295953125 0.8374371734375 0.184545246875 0.8457220234375 0.1989911734375 0.8574941375 0.2103105984375 0.8685422765625 0.2176251234375 0.8690393828125 0.2248585078125 0.8839367703125 0.23104898281250003 0.8746985703125001 0.23374670625 0.8605251562499999 0.23156113281250001 0.8457628875 0.23060159218749998 0.8289179359375 0.227088 0.8317245937500001 0.233646953125 0.8229376234375 0.24780777187499997 0.8386048640625001 0.2537734359375 0.8484752875 0.2635400328125 0.8613358703125 0.262946740625 0.8708009390625 0.25702053281250004 0.8733807265625 0.266807971875 0.8816655765625001 0.28125389843750004 0.8779489406250001 0.30552895 0.898918390625 0.28254023125 0.8988266390625 0.2909996515625 0.900544828125 0.3094713203125 0.8994563609374999 0.3213840359375 0.905885396875 0.33004742187499997 0.9071064796874999 0.3412857078125 0.8959665921875001 0.3424306015625 0.8893081796875 0.35491576406249997 0.8966880609375 0.36435556562500004 0.8941057671875001 0.37248819218749996 0.8959157046874999 0.382500440625 0.9003204140625 0.3890625 1 0.3890625
0 0.1735275640625 0.3890625 0.17199242812499999 0.3987933625 0.1870249359375 0.41021477031250003 0.197124734375 0.3988328171875 0.1975815078125 0.3890625 0.1735275640625 0.3890625
0 0.2282631828125 0.5172833078125001 0.2212886578125 0.5235363109375 0.22327958906249998 0.5345497859374999 0.2289387765625 0.5434379828125 0.24012453906250003 0.5380633796875001 0.238541471875 0.52482264375 0.2334711390625 0.5147084125 0.2282631828125 0.5172833078125001
0 0.4264766265625 0.4615095109375 0.415155746875 0.46165318125 0.40659564687499994 0.4725855140625 0.4078626015625 0.4795940890625 0.41257094531250005 0.487705871875 0.42561252187500004 0.48811380781249997 0.42891879062499993 0.48398608125 0.433810634375 0.4751790234375 0.4264766265625 0.4615095109375
0 0.51332955 0.46671514218750004 0.5220247687499999 0.46101374531249995 0.5290451703125 0.45053103281249995 0.52687324375 0.43851633281249996 0.5194933625 0.42907653281249997 0.5056819359375 0.42889340625 0.4990693984375 0.437148859375 0.49843466718749996 0.44260460312500005 0.49947475468749997 0.4528416625 0.5053149375 0.4627310859375 0.51332955 0.46671514218750004
0 0.09961225781250001 0.8457773750000002 0.10794548906250001 0.8380735250000001 0.10636242031250001 0.8248327921874999 0.09857467656249999 0.8176202499999998 0.0901522015625 0.8158634515625 0.0850793625 0.8236692859375001 0.0861653265625 0.829676634375 0.0922323765625 0.8363375718749999 0.09961225781250001 0.8457773750000002
0 0.1324305359375 0.93316905 0.13179830937499998 0.9207047296875001 0.1203423109375 0.9156174640625 0.102046903125 0.9220141359374999 0.09787903437499999 0.9348260937500001 0.0733789515625 0.9472509578124999 0.098738128125 0.9440619281250001 0.103446471875 0.9521737109374999 0.120248053125 0.94199695 0.1324305359375 0.93316905
1 0.66875 1 0.66875 0.5401476109375001 0.6522495078125 0.535772128125 0.6323251562500001 0.5331577750000001 0.62077740625 0.5365299296874999 0.6133057734375 0.535549546875 0.5963257046875 0.5268050203125 0.5842808484375 0.5229437890625 0.565353215625 0.5168761421875 0.551314921875 0.5199215015625 0.5370522656250001 0.5082752828125 0.5227871015625001 0.5145491265625 0.5155882140625 0.5061105515625 0.5025007625 0.5099323265625 0.48991041874999997 0.5209874859375 0.48021847968750003 0.5301421796875 0.4635520171875 0.5455498765625 0.4497405921875 0.5453667515625 0.42524051093750004 0.5577916171874999 0.41437086093750003 0.5693983796875 0.39802301562500003 0.5731181703125 0.3828528828125 0.5743858921875 0.37162124531249996 0.58399020625 0.3617024390625 0.596373384375 0.3544576765625 0.5921645171875 0.3422777 0.583072353125 0.32176449375 0.5816840375 0.31592180625 0.5897146796875 0.32053589531250004 0.6242059453125 0.3209871265625 0.635669040625 0.3084426578125 0.642494490625 0.31573078906249996 0.6603937109375 0.3133728578125 0.6832179171874999 0.2949857 0.6980740093750001 0.29258690625 0.6892877953125 0.27592295 0.686775428125 0.269534775 0.709722459375 0.28492927031250004 0.72314631875 0.28705532031250003 0.7393907265624999 0.2804886578125 0.74341646875 0.28030515624999996 0.7603353109375 0.2681660453125 0.7828535640625001 0.25675341406249996 0.791456653125 0.2435692015625 0.8395779765625001 0.2355954515625 0.8672043406250001 0.24492038906250002 0.891887328125 0.24242733906249997 0.909480596875 0.2244046765625 0.9084190734375 0.2190590953125 0.9236830999999999 0.20714935781250002 0.9250528062499999 0.1996293453125 0.9462221984374999 0.21438910781249998 0.9651018015624999 0.224394653125 0.9800993343750001 0.22148201250000002 1 0.66875 1
1 1 0.3890625 0.6778043874999999 0.3890625 0.6763972265625 0.395006196875 0.66875 0.3935461328125 0.66875 0.441347078125 0.6703226578125 0.44210545312500005 0.66875 0.443058015625 0.66875 0.94660694375 0.6731942656250001 0.9556571546875 0.6691615171875 0.9737000453124999 0.71498551875 0.99404910625 0.7132679234375 1 0.7708524046875 1 1 0.9335873218749999 1 0.3890625