0 0.2859092390625 0 0.287879896875 0.0084724203125 0.29562962656249997 0.020710931250000002 0.30917065625 0.0195209921875 0.31343686875 0.011033828125 0.31338312031250004 0.0016042890625 0.3099825109375 0 0.2859092390625 0
0 0.239775821875 0.046951425000000005 0.237669590625 0.0559097765625 0.244603028125 0.06118939375 0.25022972656250003 0.0643003875 0.261247978125 0.0595464171875 0.26682092968750004 0.053227873437499997 0.2638446578125 0.045797790625 0.24805294843749998 0.045743332812499995 0.239775821875 0.046951425000000005
0 0.2578383625 0.021508085937499997 0.2534814515625 0.0292220390625 0.255876578125 0.040669187499999995 0.2719403859375 0.043043276562499996 0.3042124484375 0.0579942078125 0.28353978281250003 0.0342722421875 0.278040734375 0.0232781296875 0.2697098578125 0.0150566828125 0.2578383625 0.021508085937499997
0 0.30283180781249996 0.07313824375 0.3104370890625 0.07517400625000001 0.308985903125 0.06280263593749999 0.296607165625 0.05595844531250001 0.28647910625 0.050358654687500004 0.281940796875 0.056526185937499994 0.2860424078125 0.06457846874999999 0.30283180781249996 0.07313824375
0 0.305462084375 0.0955613515625 0.29705730625000004 0.10465256249999999 0.31065208437499997 0.11289216093750001 0.3295477171875 0.1124935859375 0.351056825 0.11643224999999999 0.3523098140625 0.10917133125 0.33758969687499996 0.10030953125 0.32021915 0.09576682187499999 0.305462084375 0.0955613515625
0 0.1484990203125 0.2018345421875 0.1360463828125 0.2123030109375 0.141091934375 0.21943107031250003 0.1455932953125 0.22191986562500002 0.1568466953125 0.2281418578125 0.16673960625 0.2227656875 0.1688458390625 0.21380733749999997 0.1615496046875 0.205434878125 0.1484990203125 0.2018345421875
0 0.13468924843750002 0.1558767859375 0.1399901015625 0.1472386109375 0.13926450937499998 0.1410529265625 0.13260316875 0.13809294218749998 0.11425173125000002 0.1431307828125 0.11984148125 0.15489810625 0.13468924843750002 0.1558767859375
0 0.12291180625 0.1182733359375 0.11252844843750001 0.12843978125 0.11231009843749999 0.1355496890625 0.120187478125 0.13990508125 0.1395735578125 0.13471622968750002 0.1473971875 0.129642084375 0.1459090515625 0.1259270421875 0.13429285625 0.11661220937500001 0.12291180625 0.1182733359375
0 0.9333926890625002 0.288270940625 0.94415564375 0.29928320625 0.9538302062499999 0.30101694375 0.9574245749999999 0.29577363437500004 0.9615093890625002 0.2857400484375 0.9494934468749999 0.2819887015625 0.9333926890625002 0.288270940625
0 0.8610618890625 0.2547868953125 0.87171734375 0.24694008437499998 0.8719356921875001 0.2398301765625 0.861716934375 0.233457175 0.8474133593750001 0.23711775781250002 0.8457068765625 0.2405126234375 0.8447259828125 0.250093175 0.849499440625 0.254901603125 0.8610618890625 0.2547868953125
0 0.9063072484375001 0.093252696875 0.8942006062499999 0.0887281375 0.8793158890624999 0.0964057859375 0.8804042781250001 0.10568431250000002 0.892020475 0.11499914687499999 0.9138755796875 0.1039447859375 0.9063072484375001 0.093252696875
0 0.7809679125000001 0.3296875 0.782842378125 0.323614221875 0.7818446874999999 0.3151089046875 0.7644741421875001 0.31056619531249996 0.75296544375 0.3201104390625 0.7540888515624999 0.3296875 0.7809679125000001 0.3296875
1 0.5296875 0 0.5296875 0.3296875 0.7408326296875 0.3296875 0.7355579484375 0.3242240578125 0.7430019859375 0.2979712015625 0.7540941375 0.275904575 0.7640240015625 0.261872078125 0.7790162171875 0.2730535078125 0.78999751875 0.2769558671875 0.8110900796875 0.2683721484375 0.81831576875 0.24922919999999998 0.8081877093750001 0.243629409375 0.8089872031249999 0.2325024359375 0.8168108343749999 0.22742829062499997 0.8086983078125 0.2120969375 0.8298446187499999 0.212942759375 0.8200256078124999 0.2010062703125 0.838830540625 0.1998344828125 0.8730274343750001 0.204280640625 0.8431874515625001 0.19212052968749999 0.8408830234375 0.18144659375 0.84023133125 0.15794824999999998 0.8432277562499999 0.13863613749999998 0.8478399671875 0.11515594843750002 0.8443934015625001 0.08577394375 0.8435603109375001 0.0607291796875 0.8407486375 0.0367596515625 0.8480280734375001 0.027046240625000002 0.8663257609375 0.0125788625 0.84868311875 0.0057165203125 0.847549578125 0 0.5296875 0
0 0.4010814671875 0.73213398125 0.3869962421875 0.72868465625 0.376522184375 0.738077890625 0.3778826703125 0.7496760499999999 0.393946478125 0.752050140625 0.40843145 0.749935978125 0.40941234218749994 0.740355428125 0.40540142812499996 0.73307635625 0.4010814671875 0.73213398125
0 0.3016820484375 0.7639437499999999 0.29498375781249997 0.76964009375 0.291298690625 0.77411019375 0.29220568281250003 0.7818423 0.2937845171875 0.7863305515625 0.3023337421875 0.7874420921875 0.309304128125 0.784065378125 0.3137517421875 0.7771246359374999 0.3016820484375 0.7639437499999999
0 0.16838134062500001 0.72205673125 0.18636998124999998 0.7139260484375 0.1799269875 0.7038561578125 0.17843885312500002 0.700141115625 0.169798928125 0.6982563671875 0.159452521875 0.6997664828125 0.15829023125 0.7078006109375 0.1592879203125 0.7163059281249999 0.16838134062500001 0.72205673125
1 0.5296875 0.3296875 0 0.3296875 0 0.749788103125 0.00009768750000000001 0.7497644609375 0.021153298437500002 0.749837071875 0.0449500375 0.74636380625 0.0493439 0.7299935234375 0.0416311203125 0.709098684375 0.043555954687499995 0.698593909375 0.0667345953125 0.7077940375 0.088515803125 0.714052334375 0.119501278125 0.700092446875 0.114674071875 0.6858544796875 0.1468923828125 0.6913758718749999 0.1716330640625 0.6869783828125 0.1948318578125 0.6694363140625 0.2235297046875 0.6628883562500001 0.24841483281249999 0.6686936187500001 0.2676195125 0.6619583453125 0.2723761703125 0.64868090625 0.3100229859375 0.6376810046875001 0.34600026875 0.6214196375000001 0.352009915625 0.6008812796875 0.37858473125000003 0.58520580625 0.4072657765625 0.560571984375 0.42841208750000004 0.5614178046875 0.42605390937500004 0.541314328125 0.4526455234375 0.543724725 0.47774900000000003 0.5424200796875001 0.5009108437500001 0.5335343375 0.5072832890625001 0.5160888234375001 0.501021696875 0.507565353125 0.4912564328125 0.5050584046875001 0.50434396875 0.500002409375 0.514599678125 0.497719084375 0.5124766468749999 0.48859156718749996 0.5296875 0.4860795484375 0.5296875 0.42897359375 0.5288360546875001 0.4217150296875 0.5296875 0.42113251093750004 0.5296875 0.3296875
0 0.9310494015625 0.7811210109375 0.9313584468750001 0.7747843140625 0.9153853390625001 0.7731834359375 0.909540290625 0.777182346875 0.9075247578125 0.786913909375 0.914367496875 0.7914203140625 0.927055284375 0.79192780625 0.9321377906249999 0.7903995390625 0.9310494015625 0.7811210109375
0 0.739714753125 0.7917454953124999 0.72954974375 0.7948020328125 0.7282060546875 0.8012897406249999 0.7309102296875001 0.8064001921875 0.73483044375 0.8129060531250001 0.748280775 0.8109429031250001 0.74544895 0.81371556875 0.7541258234375 0.806943990625 0.7548883656250001 0.8044733468749999 0.7564134546875 0.7995320609375 0.7537999765625 0.7951948203125 0.7503332578125 0.7925550109375 0.739714753125 0.7917454953124999
0 0.8581676671875 0.5904276453125 0.8555172390625 0.5947467328125 0.863085571875 0.6054388234375001 0.8695655125 0.6068523859375 0.8786051828125 0.6031736484375 0.8860660171875001 0.5950066609375 0.8833618421875 0.589896209375 0.879985821875 0.5880296125 0.8682419750000001 0.586597896875 0.8581676671875 0.5904276453125
0 0.8948772484375 0.49069583593750005 0.8847122374999999 0.49375237343750006 0.87837674375 0.5025415609375 0.8885955015625001 0.5089145640625 0.8919715203124999 0.510781159375 0.8993047078125 0.5104972906249999 0.9024086296875 0.5100442546874999 0.908744121875 0.50125506875 0.9073466859374999 0.4983132375 0.8948772484375 0.49069583593750005
0 0.8693370734375 0.506220296875 0.8700996171875 0.503749653125 0.8659073062499999 0.4949241609375 0.8481370140625 0.4959449359375 0.841166625 0.4993216484375 0.838569946875 0.513070275 0.8489701046875 0.5209896984375 0.857428628125 0.521328028125 0.8661961999999999 0.515329659375 0.8686652296874999 0.5094641515625 0.8693370734375 0.506220296875
0 0.783357771875 0.697293303125 0.777331325 0.69974579375 0.7754971906250001 0.7110237765624999 0.7816680859374999 0.7187740359375001 0.7851348046875 0.7214138453125 0.7922865906250001 0.719583553125 0.79889418125 0.713113996875 0.8010004140625 0.7041556453125001 0.7972615984375 0.69919620625 0.783357771875 0.697293303125
0 0.8056865265625 0.6633627984375 0.7955215171875001 0.6664193359375 0.7872981390625 0.6770569671875 0.7931062375 0.681714384375 0.798460840625 0.682505746875 0.808897946875 0.6817688421874999 0.818609459375 0.6748462515625 0.8182466625 0.671753409375 0.815361090625 0.6650965375 0.8056865265625 0.6633627984375
0 0.6831320015625 0.8566283671875 0.6762523109374999 0.860778290625 0.6728393421875 0.8675680218749999 0.672802390625 0.87622435 0.6792823343750001 0.8776379125 0.6885034015625 0.8755055984375 0.6953830921875 0.871355675 0.697580021875 0.8631705343749999 0.6958197875 0.857135859375 0.6831320015625 0.8566283671875
0 0.6954303187499999 1 0.6942846406250001 0.9965613390625 0.6936497453125 0.9911488640624999 0.6913083671875 0.98913125625 0.6832495890625 0.983229440625 0.6795107734375 0.9782700015625 0.66880156875 0.9766872750000001 0.6599432953125 0.9819124328125 0.6617942296875 0.988720315625 0.665442346875 0.9929065453125 0.6756611046875001 0.9992795484375 0.676376315625 1 0.6954303187499999 1
0 0.556270753125 1 0.54500746875 0.9979015062500001 0.5412149046875 0.9835125265624999 0.5357528046875 0.9638620859374999 0.5296875 0.9668794609375 0.5296875 0.9874547109375001 0.5315571375 0.99986465625 0.5315086499999999 1 0.556270753125 1
1 0.5296875 0.3296875 0.5296875 0.9142923390625001 0.537862390625 0.9100756703125 0.55009668125 0.9067171093749999 0.55710401875 0.89468406875 0.57055435 0.8927209171874999 0.5946231859375 0.8915672828125001 0.622286390625 0.8851703390625 0.6336136906250001 0.8740796718750001 0.6535809140625 0.86487375625 0.6712067578124999 0.85365023125 0.6859100781249999 0.8444261624999999 0.718635634375 0.8632431453125001 0.7395803953125 0.8892847406249998 0.7128476890625001 0.8318435328125 0.6980738234375 0.8135521953125 0.7080574328125 0.8089492359375001 0.7093104234375 0.8016883171875001 0.7158273140625 0.7944455515625 0.729858790625 0.7884653359375 0.7302954890625 0.7742455203125 0.7163009625 0.7715694078124999 0.712689796875 0.7587268500000001 0.7182996984375001 0.7437519781249999 0.7298621453124999 0.7436372734375001 0.7377395250000001 0.747992665625 0.7463257000000001 0.7404478765625 0.7630243999999999 0.748234440625 0.7727359125 0.7413118515625 0.765930125 0.7281491171875001 0.7610659671875 0.722567478125 0.760468025 0.7084986750000001 0.763699596875 0.700162521875 0.7678751109374999 0.690902146875 0.7745734015625001 0.6852058031249999 0.7805460984374999 0.6733237734374999 0.7838683703125 0.66576083125 0.7986623890625 0.657309971875 0.816960078125 0.64284259375 0.8055252796874999 0.63507418125 0.8020417625 0.6143485046875 0.7992300890624999 0.5903789765624999 0.7989411953125 0.5699734765625 0.8004494828125001 0.546946321875 0.7924276562499999 0.532388178125 0.7969122171875 0.51679110625 0.821236353125 0.49987123593750005 0.826265109375 0.48891342968749996 0.8133421765625 0.477429975 0.7858603687500001 0.4853733421875 0.7749160171874999 0.47281465312500004 0.76086774375 0.46070900156250005 0.745149934375 0.4433418859375 0.74306385625 0.4255580421875 0.7283806875 0.40803991406249995 0.71391586875 0.38341188125 0.6933876531250001 0.3698926640625 0.674219925 0.367971609375 0.6556333390625 0.3620334890625 0.654944696875 0.3471914765625 0.6532214140625 0.3325004734375 0.64913425 0.3296875 0.5296875 0.3296875