0 0.2616787828125 0.38193565937499996 0.266377559375 0.37037933125 0.25607464062499996 0.361585125 0.2485737171875 0.36296616875 0.2429652875 0.3784953015625 0.2496522234375 0.388859878125 0.2616787828125 0.38193565937499996
0 0.13666080625000002 0 0.13397787187500002 0.0088938171875 0.1495162171875 0.006651096875 0.15169468125000002 0 0.13666080625000002 0
0 0.060789537500000004 0.057960046875000004 0.06495498125 0.0711460046875 0.07971608125 0.0610008296875 0.0804900625 0.043641715625 0.069883934375 0.036171734375 0.060789537500000004 0.057960046875000004
0 0.065567909375 0.014678015624999999 0.0496564921875 0.021412900000000002 0.029349518749999998 0.0383798328125 0.0179068375 0.0569764125 0.031330603125 0.053829984374999994 0.0502607875 0.0367041796875 0.065567909375 0.014678015624999999
0 0.212151109375 0.19480819375 0.22359378749999997 0.17621161406250002 0.230187184375 0.160863615625 0.2062437390625 0.17578195937500002 0.195886771875 0.1979008890625 0.2064673515625 0.20618343593750002 0.212151109375 0.19480819375
0 0.15964709375 0.186535709375 0.1461592734375 0.2006162640625 0.1622964578125 0.20634297343750002 0.1758595921875 0.1964163578125 0.1752553015625 0.1811250515625 0.15964709375 0.186535709375
0 0.1286543828125 0.22775841562500002 0.12228893593750001 0.23762833906249997 0.12380288749999999 0.24894679062499997 0.1355466453125 0.24696576874999998 0.1447915546875 0.233485175 0.1394499328125 0.2202912 0.1286543828125 0.22775841562500002
0 0.14125029375 0.20682602968750002 0.14078095468750002 0.1927274140625 0.1270673140625 0.19434628437499998 0.11282256093750001 0.202767596875 0.1061539 0.2139617703125 0.1128956796875 0.2248612765625 0.1263060203125 0.22456669375 0.14125029375 0.20682602968750002
0 0.12654048906249998 0.165269059375 0.11252362187500001 0.1682122328125 0.098582084375 0.1753092921875 0.101292978125 0.1908575328125 0.1194158953125 0.18741953281249998 0.12654048906249998 0.165269059375
0 0.1775820421875 0.3637149609375 0.16803391875 0.3785198046875 0.1641673390625 0.3998891953125 0.17265315781249999 0.3986892703125 0.18715700468750002 0.3928912015625 0.191142965625 0.3717281375 0.1775820421875 0.3637149609375
0 0.1698510859375 0.38851400156250004 0.1777326125 0.372022771875 0.169831790625 0.3621137578125 0.1553826484375 0.3665338234375 0.153182728125 0.38958966875 0.1698510859375 0.38851400156250004
0 0.7713466796875 0.05109506874999999 0.7621994234375 0.049413403125 0.7558069656249999 0.0599853875 0.7562749484375 0.071818621875 0.7680603328125001 0.0793249265625 0.7730449187499999 0.074901675 0.7776198531249999 0.0618596953125 0.7713466796875 0.05109506874999999
0 1 0.37079148906250003 0.9871612781250001 0.36095679375 0.97725175 0.3591349890625 0.971035603125 0.36546768125 0.9788333203124999 0.3765125859375 0.9793013046875 0.3883458203125 1 0.3707945765625 1 0.37079148906250003
0 1 0.374152578125 0.9900327437499999 0.3796394578125 0.9824087234375 0.39212088125 0.9990023796875 0.3994432296875 1 0.3988619859375 1 0.374152578125
0 0.9522704953125001 0.3780367421875 0.9457030328125 0.378965209375 0.9457017249999999 0.392848021875 0.9490437906250001 0.39559829375 0.9620024031250001 0.397980653125 0.9651694640624999 0.3910874078125 0.9632352718749999 0.3821884 0.9522704953125001 0.3780367421875
1 0.45 0.5 0.8568335250000001 0.5 0.8665330296875 0.48188229375 0.8745096718750001 0.46092227656249996 0.86723958125 0.4510423 0.8804924796875 0.44173156249999995 0.886943271875 0.4343740828125 0.9041241984374999 0.43219304999999997 0.9123938203125 0.41342275468749995 0.90483075 0.40135305781249997 0.8975023234374999 0.388258575 0.8972689859375 0.375400553125 0.887653746875 0.3618856515625 0.8739898921875 0.376460471875 0.8660741984375001 0.37286936718749997 0.8765709906249999 0.36518779375 0.887009453125 0.35429171249999997 0.9129863171875 0.348388121875 0.9262392171875 0.3390773859375 0.9189107921874999 0.3259829015625 0.9157450390624999 0.318993334375 0.9041929921874999 0.3243450546875 0.868481603125 0.3380703578125 0.8717083062500001 0.3205088046875 0.8751696562500001 0.3019224625 0.8731784375 0.2759261375 0.8638561796875 0.264600953125 0.8804524515625001 0.24415767656249998 0.8670841906250001 0.23315658906249997 0.8578772921875 0.2421432296875 0.84685418125 0.23477706562499998 0.8364170281250001 0.2317903328125 0.8310824359375001 0.21692654843749998 0.8284443078124999 0.211101909375 0.8409349359375 0.20165103437499998 0.8368319062499999 0.1848778125 0.8233443625 0.1952133359375 0.82088254375 0.185149403125 0.8278026281249999 0.17574234375 0.824636875 0.168752778125 0.844340565625 0.1520845609375 0.8357805796875001 0.140899515625 0.8205351531249999 0.138096740625 0.8119142140625 0.15146281718750002 0.8156659296875001 0.162831815625 0.7997749031250001 0.166317915625 0.78728558125 0.161885978125 0.7909232421875 0.139060340625 0.7847680453125 0.12084191250000001 0.7908688296874999 0.09419739687499999 0.775095778125 0.09022969374999999 0.7649502984375001 0.103315490625 0.76066834375 0.1185471875 0.7560350734375 0.12837466250000001 0.746303165625 0.1084307515625 0.730824403125 0.0927699515625 0.7369238796875 0.08000825 0.75093905 0.07083765 0.7471290015625 0.056254145312500003 0.7293037828125 0.05084123593749999 0.7192775875 0.04259041875 0.70057211875 0.044491175 0.6974050578125001 0.05138441875000001 0.6873192203125 0.053801909375 0.676647421875 0.0518399671875 0.6673251640625001 0.040514784375 0.657708615625 0.040882696875 0.6437530875 0.0393849890625 0.6303848265625 0.0283839015625 0.6124416312500001 0.03042479375 0.59338485 0.026921325000000003 0.57444604375 0.015964053125 0.5474722609375 0.02275229375 0.5382070296875 0.028524428125 0.5136950640625 0.045376603125 0.4766950859375 0.043914025 0.45581947500000003 0.0518233734375 0.45 0.0548141 0.45 0.5
0 0.3249795390625 0.7048216984375 0.3184704125 0.7089646703125 0.3140717875 0.7177673578125 0.31987567031249997 0.7305815640625 0.3281439859375 0.725694078125 0.33406845937499996 0.70328885625 0.3249795390625 0.7048216984375
0 0.358337934375 0.77075835 0.3592778234375 0.7527763796875 0.34889900625000003 0.7530041546875 0.34309381562499996 0.7540727625000001 0.3379912546875 0.7659498156250001 0.3415083234375 0.7783436046875 0.34637493125 0.781374153125 0.35546385156250004 0.7798413125 0.358337934375 0.77075835
0 0.22337327343750002 0.576145528125 0.2312319390625 0.5626393140625 0.231760871875 0.5499214296875 0.22413815937499998 0.5485200421875 0.21809832343750002 0.5506134375 0.20959536406249998 0.5565257125 0.2041414875 0.562998540625 0.2053134078125 0.571757409375 0.21346374531249998 0.5743237234375 0.22337327343750002 0.576145528125
0 0.2336315 0.6111371812499999 0.2367972546875 0.6181267484374999 0.23955205156249998 0.6303803984374999 0.2452976 0.6399801 0.2530966234375 0.637142190625 0.257495246875 0.62833950625 0.2583171609375 0.6178113390625001 0.25345055312500003 0.6147807890625 0.24606248593750002 0.6123546125 0.2336315 0.6111371812499999
0 0.2681926921875 0.9805862765625001 0.272884296875 0.9739733078124999 0.2710680796875 0.9576205015625 0.2592826953125 0.950114196875 0.2550020484375 0.9514630796875 0.24855125625 0.9588205593750001 0.24602848906250002 0.973307746875 0.24925257812499998 0.98351181875 0.2581651875 0.9862182718749999 0.2681926921875 0.9805862765625001
1 0 0.5 0 1 0.18717810625 1 0.18774063593749998 0.998901415625 0.2021667625 0.984466734375 0.21283986875 0.9725458640625 0.20891184218749997 0.9654161578124999 0.216887178125 0.9583389562499999 0.2254497796875 0.941758371875 0.225685734375 0.926850771875 0.23442464687500003 0.9060308953125 0.23196282968749998 0.8959669609375001 0.21654109375 0.8974034812499999 0.22258223593749998 0.881427271875 0.2335496296875 0.8578133062500001 0.25770897187499997 0.8494397234375001 0.257769921875 0.824888603125 0.26697681875 0.8159019609375001 0.2808740125 0.8141851640625 0.2946545390625 0.8060393546875 0.298467203125 0.7928572359375 0.303804409375 0.77995539375 0.282519146875 0.7792460140624999 0.27718455625 0.76438223125 0.296360621875 0.746549084375 0.304688578125 0.7309932953125 0.2792393390625 0.7380618109375 0.245288446875 0.7371597875 0.23842800468749997 0.7358985406249999 0.2377837109375 0.7283046000000001 0.2464072625 0.6871728984375001 0.244357709375 0.6579620671875 0.2376165515625 0.6353642046875 0.2310503984375 0.622409859375 0.2318723109375 0.61188169375 0.25585534375 0.6077474046875 0.2651802171875 0.5913069609375 0.2943824796875 0.5817246328125 0.2977258515625 0.570592090625 0.27092838124999996 0.5731410359375 0.2515773109375 0.5813306609375 0.23879500937499998 0.5747090078125 0.2139317296875 0.586156959375 0.200210846875 0.5836344625 0.18737021250000002 0.5737983015625 0.1770510359375 0.56335776875 0.16637923906250002 0.5613958265625 0.180512384375 0.5447714265625 0.1802207125 0.528698896875 0.1779352078125 0.51439566875 0.182275496875 0.5023784765625 0.1791356125 0.5 0.160282025 0.5 0.1584687765625 0.5022734703125 0.15237060625 0.5011523609374999 0.1519068609375 0.5 0 0.5
0 0.8752852578125001 0.5826786281249999 0.8883035125 0.5743926796875 0.8924674906250001 0.5666147828125 0.903080953125 0.5653622203124999 0.9104922390624999 0.5434020640625 0.8960674187500001 0.5439539328125 0.8796474578125 0.560157915625 0.8640481031250001 0.57971654375 0.8752852578125001 0.5826786281249999
0 0.697287003125 0.5447868578125 0.6856766234375 0.546924071875 0.6784052265625 0.55092690625 0.6737136203125 0.557539875 0.6744745859375 0.571562825 0.6885467828125 0.579489546875 0.69640545 0.5659833328125 0.697287003125 0.5447868578125
0 0.641839553125 0.6967464 0.628997609375 0.7007930531250001 0.6232507546875 0.705076165625 0.6201420265625 0.71518391875 0.6275884281249999 0.7208246015625 0.6369703296875 0.7214814765625001 0.6441250578125001 0.7110496312500001 0.641839553125 0.6967464
0 0.749189475 1 0.75058355 0.995467290625 0.7478870859375 0.9864281453124999 0.7395021015625 0.98488661875 0.7337552468749999 0.9891697296874999 0.7306465187500001 0.9992774843750001 0.731112665625 1 0.749189475 1
0 0.54596968125 0.674849621875 0.5504253328125 0.6831442546875 0.5565818390625 0.6874798703125 0.5623857203125 0.700294078125 0.5738794328125 0.6917278515625 0.5800372453125 0.682180653125 0.57927628125 0.668157703125 0.573882046875 0.6639622265625 0.56238964375 0.6586456390625 0.5518345140625 0.6631127078125 0.54596968125 0.674849621875