0 0.6890625 0.041009021875 0.685212865625 0.0366498890625 0.6741523171875 0.0329468984375 0.663245615625 0.0363492375 0.662765871875 0.045887625 0.6688437125 0.057180581249999994 0.6774559203125 0.058741290625 0.6878376625 0.05222410937500001 0.6890625 0.0514212046875 0.6890625 0.041009021875
0 0.639273365625 0.08607666093750001 0.6443873109375 0.0792654046875 0.64652795625 0.06719702968749999 0.6432921765625 0.060382484375 0.63236286875 0.05745820625 0.6251942984375 0.06446331718750001 0.624189596875 0.07088686093749999 0.625108275 0.0763378375 0.6307923953125 0.0852946609375 0.639273365625 0.08607666093750001
0 0.3098714625 0.509375 0.30878575937499997 0.49065467656250006 0.297069009375 0.48305813124999997 0.289398090625 0.4932750140625 0.2835193125 0.50174061875 0.29144052343750004 0.509375 0.3098714625 0.509375
1 0 0 0 0.4482756171875 0.015907293750000003 0.4557916296875 0.0255920265625 0.4699086453125 0.04331879375 0.46981829687500004 0.0544653671875 0.46164676406250005 0.06462984375 0.466225390625 0.06404146875 0.48131168437499994 0.0798448515625 0.4821939015625 0.08535251875 0.47771878125 0.0876696203125 0.479082346875 0.0893757375 0.489205590625 0.0859858984375 0.509375 0.15010443281250002 0.509375 0.1518470515625 0.500715425 0.152458034375 0.4919557484375 0.161812465625 0.48553549374999994 0.1617898578125 0.47920887656250005 0.18207359843749998 0.4757129015625 0.1841282203125 0.47551904531250005 0.1897897328125 0.4781492515625 0.180064190625 0.48855998906250003 0.187934175 0.49810166718750004 0.20426251718750002 0.502098728125 0.2166988828125 0.495387690625 0.21112339375000003 0.48088296250000007 0.21737328437499998 0.468426875 0.2217224 0.46326997031249995 0.22902661562499999 0.49422455625 0.23451167343749998 0.48342281875 0.2603482953125 0.488104953125 0.2717573484375 0.4814908421875 0.2714722609375 0.47360680312500003 0.27684868749999997 0.468352971875 0.316126378125 0.45990052343750004 0.31068212812499996 0.44617450625000005 0.33962329062499996 0.4568924734375 0.3659396578125 0.4520362203125 0.37728529375000003 0.463623246875 0.3947495796875 0.461975475 0.4116663 0.45088624531250004 0.4169975109375 0.432979178125 0.4291261796875 0.4120574859375 0.43896035624999996 0.39609884375000004 0.46591031406249994 0.388809528125 0.4630230375 0.371677884375 0.4967704546875 0.3613739421875 0.5077857875 0.3524236984375 0.5410308500000001 0.345331528125 0.5637855390625 0.3503044453125 0.59126045625 0.346129975 0.5833678671875 0.33026168125 0.5734658671874999 0.32724047500000003 0.571890990625 0.3178959421875 0.57892831875 0.310112121875 0.5898124140625 0.3003831671875 0.6148389890625 0.29406641875 0.6380734218749999 0.289500946875 0.6464865671875 0.2713030984375 0.6325839578125 0.2631216984375 0.6251303 0.2622427703125 0.6195774187499999 0.254064659375 0.634987084375 0.25261074375 0.634308278125 0.242390571875 0.61966344375 0.2421901390625 0.6198807078125 0.23109432812500003 0.6220439640625 0.2253525671875 0.6389832890625 0.2205899515625 0.6442058703125 0.208230790625 0.6427396234375 0.1933383546875 0.6387390125 0.188178159375 0.645731128125 0.1677411046875 0.637707296875 0.1510941015625 0.6269952515624999 0.1370740125 0.6250492624999999 0.1317199625 0.6276922609375 0.11643981249999999 0.6241487859375 0.0954146140625 0.619623215625 0.0871395765625 0.6187905609375 0.06981407656250001 0.6120339140625 0.0483009515625 0.5948729171875 0.026978390624999998 0.5917231609375 0.008289326562500001 0.5646193546875 0.0084733125 0.56035265 0 0 0
0 0.9620114531249999 0.42338050781250003 0.9519330015625 0.4069273578125 0.9413974109375 0.4063392125 0.9322828515625 0.40799027343749994 0.92948600625 0.41616509687500003 0.9335092265625 0.42765190625000005 0.942515153125 0.43154875156249994 0.9508648796875001 0.4315520390625 0.9620114531249999 0.42338050781250003
0 0.79722536875 0.4302261953125 0.8128749046875001 0.42400308437499995 0.8101414765625 0.4139767703125 0.8029276937500001 0.408328646875 0.79302569375 0.405307440625 0.7818565140625 0.40715235781250003 0.77905966875 0.4153271796875 0.7855312296875 0.4289562671875 0.79722536875 0.4302261953125
0 0.9187111265624999 0.2407678296875 0.935650453125 0.2360052125 0.9321521921875 0.22763324687500003 0.9214627562500001 0.219939775 0.9038446234374999 0.21448221875 0.8964135734375 0.21992990781250002 0.9045234296875 0.2247023921875 0.909945071875 0.23210179062499997 0.9187111265624999 0.2407678296875
0 0.8937165484375 0.1481948515625 0.8965133953125001 0.14002003125 0.8862402859374999 0.14098930625 0.8726227640625 0.1406919453125 0.86429564375 0.1470152734375 0.870767203125 0.1606443609375 0.8823301046875001 0.16113557812499998 0.8937165484375 0.1481948515625
0 0.77906025 0.2357488640625 0.7812008953125 0.22368048593749998 0.7791236687499999 0.21754772656250002 0.7721723625 0.21345702656249999 0.755997865625 0.2165652921875 0.7505128062499999 0.22736702968750003 0.75567196875 0.23320900781249998 0.7669949984375 0.23846941875 0.77906025 0.2357488640625
0 0.73823968125 0.135967053125 0.7467432578125 0.14307566875 0.7637051921875 0.14463966875 0.7699776890625001 0.138510196875 0.7720097046875 0.13198972656250002 0.7692988828125 0.1282900265625 0.7635061296875 0.12488110937500001 0.7494948875 0.1222476140625 0.7407740484375 0.12623480781250002 0.73823968125 0.135967053125
0 0.66392041875 0.578782046875 0.6551543640624999 0.5701160078124999 0.6447500140625 0.570306575 0.6326847625 0.5730271296875 0.6289692390625 0.5757509734374999 0.6450803171875 0.5908438453125 0.6529276937499999 0.59405890625 0.6625446046875 0.5891960734375 0.66392041875 0.578782046875
0 0.5277225875 0.569481815625 0.5111317640624999 0.5639273296875 0.5063889296874999 0.566748103125 0.5023248984375 0.579789046875 0.5071129515624999 0.58962150625 0.5173860609375 0.5886522281250001 0.524817109375 0.5832045421875 0.5244007828125 0.5745417921875 0.5277225875 0.569481815625
0 0.362017825 0.570876525 0.3628912890625 0.56367426875 0.35528378437499997 0.5556900140625001 0.3426935734375 0.555295725 0.3337328609375 0.5640521125 0.33557021875 0.57495406875 0.3390684796875 0.583326034375 0.3488392359375 0.585568528125 0.3589584984375 0.5774939234375001 0.362017825 0.570876525
0 0.2563988703125 0.7430159703125 0.24367741875 0.7418429703125 0.2399845 0.75089343125 0.256729171875 0.7635532421875 0.30943413125 0.8100015671874999 0.26555864218749997 0.75401814375 0.2563988703125 0.7430159703125
0 0.189632465625 0.8236782453125 0.1954252203125 0.8270871625 0.2101152671875 0.8399408296875001 0.20051655781250002 0.8139492921875 0.2014986546875 0.8011991312500001 0.204797853125 0.7898125374999999 0.20361669375 0.7828041390625 0.19423965625 0.7828977765625 0.1870710859375 0.7899028859375 0.17771665625 0.7963231421875 0.17389249843750001 0.804594890625 0.175992334375 0.8170542671875 0.189632465625 0.8236782453125
0 0.18969147656250002 0.768296121875 0.1776036171875 0.764690059375 0.1687515375 0.76789854375 0.168534275 0.7789943546875 0.1695841921875 0.7852240421875 0.1816494453125 0.7825034875 0.1871571109375 0.778028365625 0.18969147656250002 0.768296121875
0 0.922419771875 0.6772470703125 0.9241893078124999 0.6691691765625001 0.904910271875 0.666241609375 0.8910528765624999 0.6707134421875 0.892890234375 0.6816153953125 0.8970220843749999 0.6875543015625001 0.9024211203125001 0.688627084375 0.9138527796875 0.6883395906249999 0.922311140625 0.6827949765625 0.922419771875 0.6772470703125
1 1 0.509375 0.6890625 0.509375 0.6890625 0.6557055968750001 0.6942210890625 0.6608053296875 0.7024169703124999 0.653703290625 0.72580525 0.6562431484375 0.7064401874999999 0.665190103125 0.7030323578125001 0.6821246015625 0.7191660453125001 0.7035440890625 0.7229041765625001 0.7071468609375 0.7300953531250001 0.7064683656249999 0.7346843421875 0.69654226875 0.750881446875 0.69976061875 0.7735048953125 0.7039548250000001 0.77940628125 0.701815834375 0.7814382953125 0.6952953640625 0.7769127250000001 0.6870203265625 0.7708348828125 0.6757273703125 0.7731293765625 0.6707643203125 0.786593053125 0.6639563546875 0.79159836875 0.6626930046874999 0.8022425906249999 0.65773324375 0.8157514796875001 0.6635785109375 0.8243862937499999 0.6714658390625 0.8413482296874999 0.6730298390625 0.8477293609375 0.6613524625 0.8442311015625 0.6529804968749999 0.847815384375 0.649477940625 0.8632476578125001 0.6543506406249999 0.8876632484375 0.6567935703125001 0.900624571875 0.6531973765625001 0.9188310828125001 0.6435686390625 0.9346118609375 0.6381242390625 0.9385898640624999 0.6369578171875 0.9566651343749999 0.62655036875 0.9679655546875001 0.6254841640625 0.9891905796875001 0.6337657812499999 1 0.659838671875 1 0.509375