0 0 0.1985301984375 0.014580540625 0.2076777984375 0.0317269515625 0.20717878750000002 0.050001878124999996 0.2038879 0.0448462875 0.19668051875 0.007622828125 0.1839686625 0 0.1879333 0 0.1985301984375
0 0.1401196796875 0.1865503609375 0.12790431875 0.187825540625 0.12329403593749999 0.1962368140625 0.12348649687499999 0.20174928125 0.12983475312499998 0.2080022734375 0.1433069328125 0.20761019374999998 0.1504308578125 0.20096512031249997 0.153784321875 0.19167074687500002 0.1401196796875 0.1865503609375
0 0.479546075 0 0.478242221875 0.0038105578124999996 0.48217306562499995 0.01105358125 0.49445258125 0.011615889062499999 0.505379040625 0.0085388625 0.5042647703124999 0 0.479546075 0
0 0.5113044734375001 0.0377961078125 0.513978496875 0.04415603125 0.5191340859375 0.0513634109375 0.5353765203124999 0.0600874875 0.5349595218750001 0.048143810937499996 0.5307720640625 0.0335508328125 0.51098370625 0.0286086640625 0.5113044734375001 0.0377961078125
0 0.3155088109375 0.2237512046875 0.3212476078125 0.212548053125 0.31967002031249997 0.20247750781249998 0.308551096875 0.20004206875000002 0.296496121875 0.2059109703125 0.2994909109375 0.22145833750000002 0.3155088109375 0.2237512046875
0 0.27745065 0.2796875 0.27937013125 0.27722458437499997 0.281402621875 0.265209621875 0.273925853125 0.2617485046875 0.26777005625 0.2610079796875 0.255586771875 0.2632019046875 0.254907334375 0.27885620312500004 0.255852221875 0.2796875 0.27745065 0.2796875
1 0.559375 0.2796875 0.559375 0.071344875 0.5406924921875 0.071888590625 0.5275410796875 0.0814681140625 0.5094586171875 0.0902714671875 0.516384253125 0.1130618578125 0.497756484375 0.10624655937500001 0.44571362031249995 0.055339518750000004 0.43733287499999995 0.061101492187499995 0.4849258390625 0.1250135265625 0.4629125296875 0.1265738546875 0.44821560624999995 0.127001578125 0.43383944999999996 0.136616746875 0.413307496875 0.1454913859375 0.4001881625 0.15598965625 0.383875746875 0.1803760203125 0.37562330781250003 0.18981296718750001 0.37478348437500003 0.20087354375 0.365081765625 0.20391492812499998 0.35464228124999997 0.185825190625 0.34265145937499997 0.1935315796875 0.345357559375 0.2008102484375 0.3322382234375 0.211308515625 0.3252426046875 0.22162856562500002 0.33684267968750004 0.23784517031250002 0.3312642671875 0.25364204375 0.3056408796875 0.25714679375 0.29638823593749997 0.273050596875 0.29564013437500003 0.2796875 0.559375 0.2796875
0 0.84245711875 0 0.8386966000000001 0.00847768125 0.838969253125 0.0162870078125 0.83699625 0.0194713328125 0.8528571187499999 0.0260452703125 0.867213446875 0.01937365 0.8699275640625 0.0075687687500000005 0.8645134671875001 0 0.84245711875 0
0 0.8019357921875001 0.14947651875 0.8000718499999999 0.155784575 0.8231108828125 0.159022703125 0.83226205 0.152502565625 0.827607146875 0.13856696562499998 0.8222929265625 0.1355947203125 0.8212518937500001 0.13562501875 0.8078002718749999 0.138361678125 0.8028950296874999 0.1471034234375 0.8019357921875001 0.14947651875
0 0.10010604062499999 0.6582216578125 0.0903080890625 0.6585068078124999 0.0832483203125 0.66698936875 0.0947200859375 0.679530996875 0.10812811093750001 0.6773014296875 0.11022475625000001 0.6671239531250001 0.10010604062499999 0.6582216578125
0 0.0813208265625 0.8224710281250001 0.0687847 0.8145587640624999 0.0492208765625 0.8160478062500001 0.050702234375 0.8233621203125001 0.0545047734375 0.8269301656250001 0.062109848437500004 0.8340662578125 0.06839395312499999 0.8384817625000001 0.08051308125 0.8344503484375 0.0813208265625 0.8224710281250001
0 0 0.9584121203125001 0.007556284375 0.9570514093749999 0.0071713625 0.9460264765625 0 0.94098754375 0 0.9584121203125001
0 0.14179693437500002 0.93934944375 0.1283247546875 0.9397415234375 0.1212649828125 0.9482240843749998 0.1253562109375 0.9600608296875001 0.1366675953125 0.9680087359375001 0.14994731562500002 0.962104190625 0.1545575984375 0.953692915625 0.1505626 0.9446124046875 0.14179693437500002 0.93934944375
0 0.11654387343749999 0.8481165921875 0.1132224875 0.8583297109375 0.1146076140625 0.8628877906250001 0.1234374359375 0.8699882390625 0.1283043328125 0.8689269203125001 0.1451941296875 0.8610779546875001 0.1374286703125 0.8493481390625 0.11654387343749999 0.8481165921875
0 0.18517325 0.777143434375 0.186782915625 0.7881327234375 0.196709171875 0.7915225515625 0.20405763437500002 0.7913086890625001 0.213534815625 0.7818360953125 0.20953981718749998 0.7727555828125 0.19706784375 0.766680809375 0.18862294531249998 0.7706052921875 0.18517325 0.777143434375
0 0.246384184375 0.739494578125 0.23510487656249998 0.732465415625 0.22153646718750003 0.7301012640625 0.2144125421875 0.7367463359374999 0.21357272031250002 0.7478069109375001 0.2161184390625 0.75049185625 0.21743941093750002 0.753212446875 0.22491618125 0.7566735625 0.2334252328125 0.7545865703125 0.2467049515625 0.748682021875 0.246384184375 0.739494578125
0 0.26250996875 0.67464781875 0.25673909375 0.6849322250000001 0.2582846046875 0.6940840234375 0.26211921875 0.698570815625 0.2768802984375 0.6999805796875 0.28149058125000004 0.6915693078125 0.27984884062500004 0.6796612734374999 0.269858428125 0.67443395625 0.26250996875 0.67464781875
0 0.443544553125 0.4872829578125 0.4535028859375 0.49159152968750003 0.461723246875 0.4812358359375001 0.4575999421875 0.468480346875 0.45012317187499995 0.46501923125 0.44651309531249994 0.4669636515625 0.441774503125 0.4716999484375 0.439453325 0.4754462109375 0.44093468125 0.48276052499999994 0.443544553125 0.4872829578125
0 0.442588078125 0.424772696875 0.45428438125000004 0.4437455359375 0.45863222343750004 0.4629322359375 0.47016814531250006 0.47731135468749997 0.4775807625 0.47893498125 0.47993401875 0.4761074609375 0.479549096875 0.46508252812500006 0.46785279375 0.4461096890625 0.43746456718750004 0.41848406093749996 0.442588078125 0.424772696875
0 0.49282298906250005 0.4941259109375 0.47586903906250005 0.5001373875 0.4763181125 0.5129998109375 0.478799678125 0.513847265625 0.48140954843749995 0.5183697 0.492330184375 0.5502406046875 0.4939777515625 0.5272007078125001 0.5009733703125 0.5168806578125 0.5006205265625 0.5067744703124999 0.49282298906250005 0.4941259109375
1 0.559375 1 0.559375 0.5656108390625001 0.555465721875 0.5677164109375 0.5391912109375 0.5580735906250001 0.5388383671875 0.5479674015625 0.5201785203125 0.5402333578125 0.50451346875 0.548046678125 0.49497213125000006 0.5556817828125 0.4954532828125 0.5694629499999999 0.46825230937500006 0.562897153125 0.471311253125 0.5802820093750001 0.4182681828125 0.535841825 0.40102554062499995 0.5335846015625 0.45097176250000004 0.5946691171875 0.4143256828125 0.5984946578125 0.39872478437500003 0.6081454703125 0.3829635 0.613202559375 0.3492480578125 0.63073798125 0.340899390625 0.6374186953125001 0.3413484640625 0.6502811171875 0.33796292499999997 0.658656746875 0.339861278125 0.6779147359375 0.333801715625 0.6799304421875 0.3234905359375 0.6655156828125 0.301573459375 0.66983224375 0.3081141734375 0.681597703125 0.28642163125 0.6923454765625 0.2895126546875 0.7106490765625 0.30227331875 0.72499255 0.26214546875 0.7344374890625 0.252828671875 0.7485038046875 0.2410944625 0.7635601484375 0.248859921875 0.7752899640625001 0.2371577875 0.7912650546875 0.2228778625 0.8036364546874999 0.20905284062499999 0.7939223484375 0.195708965625 0.7979894046875 0.203763115625 0.8179879203125001 0.2269690921875 0.8154732015625001 0.20885455 0.8233578109374999 0.18932280625 0.8257655984374999 0.19109285468749998 0.8413486093749999 0.1999547515625 0.8493678031249999 0.21155482656250002 0.8655844078125 0.2035590015625 0.8823713109375 0.20884289687500002 0.8932536703124999 0.19817304687499998 0.9036806500000001 0.19658963437500002 0.9285580359375001 0.204515475 0.9448815734375 0.20995975625000002 0.9603576515625001 0.2054136234375 0.9706064140624999 0.21356400468749998 0.9933611625000001 0.21678747187499997 1 0.559375 1
0 0.3365515484375 0.6182319953125 0.345509675 0.629007421875 0.3577891875 0.6295697312499999 0.3637525203125 0.624797790625 0.363431753125 0.6156103453125 0.3582120109375 0.6065654765625 0.346124959375 0.6115156359375 0.3365515484375 0.6182319953125
0 0.587294553125 0.4716579578125 0.5972528859375 0.47596652968750003 0.605473246875 0.46561083593749997 0.6013499421875 0.452855346875 0.593873171875 0.44939423125 0.5902630953125 0.4513386515625 0.585524503125 0.4560749484375 0.583203325 0.4598212109375 0.58468468125 0.46713552499999994 0.587294553125 0.4716579578125
0 0.586338078125 0.409147696875 0.59803438125 0.4281205359375 0.6023822234375 0.4473072359375 0.6139181453125 0.46168635468749997 0.6213307625 0.46330998125 0.62368401875 0.4604824609375 0.6232990968750001 0.44945752812500006 0.61160279375 0.4304846890625 0.5812145671875 0.40285906093749996 0.586338078125 0.409147696875
0 0.9247989203125 0.5170162625 0.91448774375 0.5026015015625 0.8949559984375 0.5050092890625001 0.8880245328124999 0.517166825 0.8944369421874999 0.5252573078125 0.8995604546875 0.5315459421875 0.9071655312499999 0.5386820359375 0.9255687625 0.5390661265625 0.9312754828124999 0.5269442328125 0.9247989203125 0.5170162625
0 0.6365729890625 0.4785009109375 0.6196190390625 0.48451238750000003 0.6200681125 0.4973748109375 0.622549678125 0.49822226562500005 0.6251595484375 0.5027447 0.636080184375 0.5346156046875 0.6377277515625 0.5115757078125001 0.6447233703124999 0.5012556578125 0.6443705265624999 0.49114947031249995 0.6365729890625 0.4785009109375
1 0.559375 1 1 1 1 0.614297178125 0.9980735984375 0.6142089640625 0.9976566 0.6022652890625 0.9886984734375 0.5914898609374999 0.9820936031249999 0.5778869140625 0.9688459609375 0.5847102062499999 0.9576308062500001 0.57951853125 0.9366497796875001 0.57553075 0.9277558062499999 0.5665928140625001 0.9190863703125001 0.5640860859375 0.8969768328125 0.5628901828125 0.881927065625 0.55321171875 0.8498591921875001 0.5477072421875 0.8350339609375 0.5444599890624999 0.82720435 0.530892684375 0.8077046812500001 0.5342192171875 0.799291859375 0.53906244375 0.7908790375000001 0.5439056718749999 0.7887182390625 0.5522456578125 0.7695772421875 0.5307304484375 0.76135688125 0.5410861421875 0.7592923140625001 0.5521823593749999 0.7410173906249999 0.555473246875 0.7172661093749999 0.5423693125 0.699215721875 0.5520914109375 0.6829412109375 0.5424485906250001 0.6825883671875 0.5323424015625 0.6639285203125 0.5246083578125 0.64826346875 0.532421678125 0.63872213125 0.5400567828125 0.6392032828125 0.5538379499999999 0.612002309375 0.547272153125 0.615061253125 0.5646570093750001 0.5620181828125 0.520216825 0.559375 0.5198708078125 0.559375 0.5358148234375 0.5947217625000001 0.5790441171875 0.559375 0.5827340203125 0.559375 1