0 0.2262188953125 0.43641185312499997 0.219818978125 0.41874619218750003 0.2133394953125 0.41497737656250006 0.204495671875 0.41498349843750004 0.197097165625 0.428517284375 0.20212621875 0.4401098 0.20761478437499997 0.44305101718750006 0.21645860468749997 0.44304489374999995 0.2262188953125 0.43641185312499997
0 0.070018184375 0.3749507671875 0.0684162890625 0.378541115625 0.0719949109375 0.39795733125 0.0877751703125 0.40374440468749995 0.0950196546875 0.396652946875 0.0963930734375 0.3920504078125 0.09631861875 0.384595890625 0.093728359375 0.3766829546875 0.084733071875 0.3724557234375 0.070018184375 0.3749507671875
1 0.2890625 0 0 0 0 0.2752249046875 0.0048561890625 0.2786386640625 0.0201794953125 0.2824013546875 0.0393124578125 0.295916771875 0.060427260937500005 0.3110873875 0.0905399078125 0.3198095546875 0.10799651875 0.3294608 0.1124941625 0.3315744171875 0.1297248546875 0.329537790625 0.1429893109375 0.3348664484375 0.1528985078125 0.3431424421875 0.16654290624999998 0.35371664375 0.1787419875 0.3507631828125 0.1905585703125 0.353239859375 0.2091601234375 0.3572763765625 0.21723638906249998 0.37880620781249996 0.2340871375 0.3715240359375 0.22913509531249998 0.35671035624999997 0.23828440781250002 0.35449525937500004 0.252465328125 0.353197 0.2684766234375 0.3493205828125 0.27983625 0.3497728765625 0.2890625 0.34656055625 0.2890625 0
0 0.756758371875 0.45019759531250003 0.7648371968750001 0.46105174531250004 0.7698688046875 0.46196857968750005 0.77779871875 0.45791369375 0.776353403125 0.4443860296875 0.77551650625 0.43711610156249997 0.7581343484375 0.43491937500000005 0.756758371875 0.45019759531250003
0 0.5905509999999999 0.46908713593750007 0.5884125812500001 0.4845499484375 0.5955774968750001 0.491355334375 0.6016770375 0.4898786046875 0.6080820656249999 0.4861929015625 0.6082360890625 0.4797505734375 0.6034355140625 0.469170246875 0.5964220640625 0.46659821562500003 0.5905509999999999 0.46908713593750007
0 0.570801946875 0.48134102968750003 0.5766730109375 0.4788521078125 0.5861278109375 0.4744280390625 0.5838430390625 0.46430613125000003 0.5784314859374999 0.4581437515625 0.5704271171874999 0.45474411875 0.5645560546875 0.457233040625 0.5656214281249999 0.4655151578125 0.567677721875 0.4746248765625 0.570801946875 0.48134102968750003
0 0.47435423750000005 0.49935398906249995 0.48205311718750005 0.50496259375 0.48677923906250004 0.5080884015625 0.4947091546875 0.504033515625 0.4989808765625 0.49445925781250005 0.49799251406249995 0.48295597656249994 0.48831179375 0.475692171875 0.480458890625 0.47652589375 0.47481630468749997 0.4800270078125 0.47161251249999997 0.4872077 0.47435423750000005 0.49935398906249995
0 0.7022089031250001 0.290468284375 0.7080004 0.3018762078125 0.7173781875 0.3006733015625 0.72607054375 0.296433825 0.728360428125 0.28520436718750003 0.72264594375 0.2705752796875 0.709304478125 0.2684677859375 0.7025169484375 0.27758362812500004 0.7022089031250001 0.290468284375
0 0.6260956546875001 0.39856622656249996 0.6347880124999999 0.39432674687499997 0.6390597359375001 0.384752490625 0.62815961875 0.37564889687499997 0.624881371875 0.375375071875 0.6193157953125 0.37565501874999996 0.6141301640625001 0.38118051249999996 0.615729503125 0.3882658484375 0.6203786140625001 0.39461281875 0.6260956546875001 0.39856622656249996
0 0.748889821875 0.198036109375 0.7565887015625 0.203644715625 0.7679483296875 0.204097009375 0.7732109734375 0.195350353125 0.7751953703125001 0.18632987031249998 0.7607115171875 0.17916142031249999 0.75293306875 0.1874496625 0.748889821875 0.198036109375
0 0.8628299390624999 0.040214846875 0.8567303984375 0.0416915765625 0.857490284375 0.0521826671875 0.8622138484375 0.06598415625000001 0.8743359187500002 0.066251859375 0.8824943093750001 0.0632091640625 0.8844016937500001 0.05740984375 0.8816599703125 0.0452635546875 0.8737326124999999 0.0386427578125 0.8628299390624999 0.040214846875
0 0.9054190312500001 0.16120708125 0.902448828125 0.1480486 0.8941389718749999 0.146857940625 0.8841527625000001 0.1418031109375 0.8766798031249999 0.147882378125 0.876677246875 0.1585580609375 0.8820117875000001 0.167941603125 0.8929144609375002 0.166369515625 0.9013013296875 0.1643390109375 0.9054190312500001 0.16120708125
0 0.8739610890625 0.03965495 0.883261865625 0.0416732078125 0.9158928750000002 0.040178109375 0.8818165484375001 0.02814554375 0.872061375 0.013427220312499998 0.8552131828124999 0.0100337125 0.845681371875 0.0176789453125 0.8430115453125001 0.02366285625 0.8605451671874998 0.0300929375 0.8739610890625 0.03965495
1 0.2890625 0 0.2890625 0.374308584375 0.29255130937499996 0.37790594375 0.30779504687500003 0.39556548281250004 0.3208310265625 0.39988194843749997 0.3418713734375 0.407598046875 0.3662669796875 0.4123668078125 0.3831921828125 0.412539153125 0.395922671875 0.41906459218750003 0.4131508078125 0.42770364687500007 0.42550135468750006 0.428983540625 0.44486279531249995 0.443511146875 0.46010908906250003 0.4504950046875 0.4767339171875 0.431524959375 0.48832457968750004 0.42231376249999997 0.5097474249999999 0.42459972187500006 0.5230169953124999 0.408577015625 0.5367409625 0.405254371875 0.55656446875 0.400454996875 0.5736436953125 0.394185015625 0.584315334375 0.4022764203125 0.6084105656250001 0.38790278906250003 0.5979699609375 0.37014789375 0.6084926906250001 0.36333025937499996 0.613069903125 0.35154702968749996 0.61924645625 0.3468491359375 0.6293892421875 0.3347859578125 0.6353347609375 0.33975155468749996 0.64287961875 0.3518024875 0.6571375515625 0.3472830609375 0.656380221875 0.3261162890625 0.6579846765624999 0.3118502609375 0.667667953125 0.3084383828125 0.66439481875 0.28681319375 0.6636349328125 0.27632210156250003 0.670573928125 0.2714396171875 0.6882615734374999 0.271427371875 0.6976393609375 0.270224465625 0.7034385265624999 0.24960534375 0.7152551093749999 0.2520820203125 0.7172420625 0.23238585625 0.741409190625 0.236142425 0.7605472671875 0.22830647656249997 0.724794590625 0.212409740625 0.7322675515625 0.2063304734375 0.7395890453125 0.19601785 0.74561413125 0.187086603125 0.754157578125 0.1679380875 0.7590428359375 0.143270203125 0.7598848484375 0.1291887671875 0.7580595875 0.11041555781250001 0.745714153125 0.08778430000000001 0.7560828625 0.08740899375 0.7999194765625 0.092808515625 0.7595202453125001 0.05988912656249999 0.7487767078124999 0.0336675234375 0.7650164796875 0.030803296875000004 0.7730978609375 0.030981765625 0.7803423421875 0.0238903078125 0.7829377156249999 0.010451878125 0.77465166875 0 0.2890625 0
0 0.2705311875 1 0.2633453828125 0.9915973578124999 0.25724840000000004 0.9823984078125001 0.2482505546875 0.98884685625 0.2505353265625 0.9989687640625 0.25076810312500003 1 0.2705311875 1
0 0.2834769359375 0.9739133296875 0.27722592968750004 0.9711567062500001 0.2714318765625 0.9704244625000001 0.26601776718750003 0.9749377656250001 0.267540096875 0.9852442640625 0.2769923390625 0.9914958781250001 0.284999265625 0.9842198281249999 0.2834769359375 0.9739133296875
0 0.14430855 1 0.1498235625 0.9945289359375 0.14426054375 0.9841332031250001 0.131150109375 0.9723622171875 0.12009597187500001 0.9697009515625 0.113079965625 0.9778046 0.113077409375 0.9884802828125 0.11950830625 1 0.14430855 1
1 0.2890625 0.5296875 0 0.5296875 0 0.8119608984375001 0.007824228125 0.8463641328125 0.022000035937500002 0.8664172359375 0.0547054984375 0.8723766546875 0.0660625703125 0.8835046312499999 0.0808493546875 0.8991397875 0.110351025 0.9122799015625 0.1243009109375 0.9206451296875 0.148770971875 0.9328684078125 0.1755334734375 0.923186546875 0.18689054375 0.9343145234375001 0.20556655468749999 0.945805559375 0.2343827921875 0.9559090999999998 0.2644979953125 0.9539555843749999 0.28439595781250004 0.956610728125 0.2890625 0.9564188296874999 0.2890625 0.5296875
0 0.831640215625 0.7542161249999999 0.8433886953125 0.7601629859375001 0.8498488390624999 0.7510636140625 0.8472514734375001 0.73536588125 0.841960128125 0.7328792749999999 0.83164623125 0.729096875 0.8248266906249999 0.7407950375000001 0.831640215625 0.7542161249999999
0 0.7677846625 0.7269756328125 0.75666136875 0.7321804203125 0.752623403125 0.739437484375 0.7553113703125 0.751345609375 0.762934290625 0.755779509375 0.7728011968749999 0.75339068125 0.7722666125 0.7384494281249999 0.7677846625 0.7269756328125
0 0.7580023437500001 0.750694109375 0.7552237765625 0.7425755875 0.7493948375 0.7377073546874999 0.7396185359375 0.7363065796875 0.73719335 0.7507085171875 0.746697846875 0.76347810625 0.759165125 0.764227384375 0.7580023437500001 0.750694109375
0 0.6911298703125001 0.9615472 0.7009967734375 0.959158371875 0.707994509375 0.952440625 0.7008215859375 0.9416183296875001 0.6887137078125 0.9382702578125001 0.6803719890625001 0.9390339421875 0.684135140625 0.9557053203125001 0.6911298703125001 0.9615472
0 0.728631325 0.922326546875 0.7323068828125 0.9302279046875 0.73957040625 0.9372605953125 0.7560726390625 0.9433124375 0.76208278125 0.9406014609375 0.7619951890625 0.9318314390625 0.760382409375 0.9246865640624999 0.7522218953124999 0.9178710375 0.741908 0.9140886375000001 0.728631325 0.922326546875
0 0.6886321296875 0.9043809859374999 0.69392046875 0.9194272171875 0.70082459375 0.9290587015625 0.7164298359375 0.9353277109375 0.7309598921875 0.93683346875 0.7293471125 0.9296885906250001 0.721099003125 0.91410304375 0.715360665625 0.9054452062499999 0.702537 0.8947350953125 0.6886321296875 0.9043809859374999
0 0.710881725 0.8814117859374999 0.7055873703125 0.8914848046875001 0.7113257078124999 0.9001426421875 0.7207426124999999 0.9041422078125001 0.7273809515625 0.9000232546875001 0.728012153125 0.8860556484375 0.7216456203125 0.878805790625 0.71868585 0.8782664765625 0.710881725 0.8814117859374999
0 0.6939193312499999 0.5296875 0.6894381593750001 0.534954246875 0.68136223125 0.54946836875 0.6866505671875001 0.564514603125 0.696248675 0.5609349625 0.7019900203125 0.5570331734375 0.7108723421875001 0.5460914890625 0.7093501609375 0.5351570062500001 0.706749790625 0.5320188984375 0.7039583078125 0.5296875 0.6939193312499999 0.5296875
1 0.2890625 0.5296875 0.2890625 1 0.6682351140625 1 0.6691460609375 0.9982668359375001 0.6643047140625 0.989391834375 0.6553378109375 0.979003871875 0.64412993125 0.9628790109375001 0.64278895625 0.9443653218750001 0.6548092421874999 0.9389433687500001 0.652211878125 0.9232456359375 0.6613629953125 0.9134947640625001 0.6738302703125 0.914244040625 0.6767930468750001 0.902223728125 0.6848659703125 0.9002692312499999 0.6902509265625 0.886406609375 0.69940505 0.8640961140625001 0.7013802359375 0.8560825718749999 0.7081121828125 0.8356143843750001 0.7088339859375 0.817857175 0.70363625 0.7990213390625 0.708840003125 0.792737925 0.7074084265625 0.7780138375 0.7037328671874999 0.77011248125 0.6960193453125 0.7694681843750001 0.6952159640625 0.7533361234375 0.7045452734375 0.7485656671875001 0.7130651859375 0.7527824015625 0.7252636671875 0.752340865625 0.717193753125 0.7417357359375 0.725807275 0.729603240625 0.7389933484375 0.72515493125 0.74949145625 0.7087984984375 0.730835840625 0.7057797796875 0.71926555625 0.7048133390625 0.723306528125 0.68499665 0.7223249515625 0.6638841703125 0.7123734625 0.6449433499999999 0.6979340078125 0.6396479890625 0.6870825187499999 0.6334839624999999 0.69300506875 0.6220029640625 0.6992870156250001 0.607923175 0.6881697375 0.5880087078125 0.6763396796875 0.5481725734375 0.6589404546875001 0.5423378999999999 0.6523717625 0.5296875 0.2890625 0.5296875