0 0.503792446875 0.3397918890625 0.506042415625 0.343917646875 0.5161888421875 0.344782034375 0.52266625625 0.33529794062499996 0.5228119343750001 0.329047940625 0.5222480875 0.3196865765625 0.5161105890625 0.31458733906249997 0.510609775 0.3157244625 0.5050604015625 0.31894491875000003 0.502519078125 0.3273191640625 0.503792446875 0.3397918890625
0 0.4365227546875 0.2732835921875 0.44038600624999996 0.2752987421875 0.443491175 0.27628586093749996 0.451217678125 0.2803161609375 0.46326874374999993 0.26656994218749996 0.46353582031249996 0.25511160781250003 0.46285057500000004 0.250958578125 0.4511879828125 0.2480381296875 0.441017275 0.2482154078125 0.436177425 0.2545472296875 0.4343699046875 0.26499116875 0.4365227546875 0.2732835921875
0 0.2076683015625 0.19397310625 0.27675354531249996 0.14903670625 0.2854323671875 0.145761703125 0.2894898546875 0.13944351875 0.2880465296875 0.134262459375 0.283449475 0.1301776140625 0.2811023890625 0.1302185234375 0.2643814296875 0.1430048953125 0.2076683015625 0.19397310625
0 0.24228908593749998 0.050719303125000004 0.23529638749999998 0.0487587 0.2186482671875 0.0584200703125 0.20960525 0.077320075 0.2181869546875 0.0782117375 0.2338341953125 0.07793900312499999 0.24026304999999998 0.0705382421875 0.245248578125 0.057956421875 0.24228908593749998 0.050719303125000004
0 0.23449515937499998 0.0831337 0.24070549687499998 0.0851079390625 0.2508276453125 0.08701399531250001 0.2540299328125 0.083834446875 0.2558131734375 0.074432171875 0.25053087500000004 0.0661942984375 0.24752282499999997 0.0610405109375 0.24123964843749998 0.062191271874999995 0.23715788125 0.0695511234375 0.23449515937499998 0.0831337
0 0.2748569390625 0.0626465578125 0.27585781875 0.053257921875 0.2696960390625 0.0492003484375 0.25803344687499996 0.0462799 0.2522898375 0.057833690625 0.25747501562499997 0.07023823125 0.266032440625 0.0721715625 0.2748569390625 0.0626465578125
1 0.5890625 0 0.32558591875 0 0.325505409375 0.0034541062499999996 0.3103977328125 0.014129873437500001 0.31245346406249996 0.026588964062499998 0.3286888328125 0.0346359234375 0.33297025156250004 0.0522624359375 0.3245153609375 0.07948213750000001 0.3351285171875 0.09387455624999999 0.34070216875 0.0896124328125 0.3507272 0.0956851546875 0.356567928125 0.07996469687499999 0.371214290625 0.0890805984375 0.36935821406249997 0.101607871875 0.38234815 0.14823740937500002 0.3916879359375 0.1501571015625 0.39222750156249997 0.16056013125 0.390983828125 0.18036543437500002 0.4050420671875 0.1811616390625 0.41694745624999996 0.173665421875 0.42396443437500003 0.17458435781249998 0.4422798125 0.19404874218749998 0.42396985000000004 0.207904053125 0.43438876875 0.2306298046875 0.4409147421875 0.21906237968750003 0.45179497187499995 0.2219964640625 0.445905684375 0.2398002546875 0.45744687968750003 0.24792903593750001 0.4684970671875 0.2435714546875 0.47338547656249996 0.2351563 0.4827009828125 0.23811765937499998 0.47925589999999996 0.2517138734375 0.48292491406250004 0.2620623578125 0.4903600625 0.2785926546875 0.5043454609375 0.282513859375 0.5142976531250001 0.2917115828125 0.5261302031249999 0.28734036406249996 0.5285744078125 0.2831327875 0.5401398828125 0.2902199015625 0.54938255 0.296306259375 0.5349358390625001 0.312176721875 0.5330312 0.3267873296875 0.548532765625 0.33276459375 0.561269075 0.3231714046875 0.5710216124999999 0.3073827640625 0.5672366171875 0.3355623125 0.5822228953125 0.330094878125 0.5890625 0.3235015578125 0.5890625 0
0 0.43053373281249996 0.429574503125 0.430018446875 0.41812980624999996 0.4262765921875 0.41090632187500004 0.4192110546875 0.41207072031249997 0.414468321875 0.41423587343749996 0.4096527515625 0.4195260296875 0.41019231874999995 0.4299290578125 0.41943498593750006 0.436015415625 0.4249358 0.43487829375000003 0.43053373281249996 0.429574503125
0 0.6551577578125001 0.46875 0.655285884375 0.46325294687499996 0.648036734375 0.45847933125000007 0.6323323640625 0.46120305000000006 0.6321564578125 0.46875 0.6551577578125001 0.46875
0 0.7104987031250001 0.3838910671875 0.7130314671875 0.3936468578125 0.7203663109375 0.394744003125 0.7333665328125 0.38961743437499996 0.73828286875 0.37605682812499996 0.73767665 0.3625924796875 0.7295356359375 0.3566094171875 0.7231783468749999 0.3530452484375 0.71196185 0.360590709375 0.7088578015625 0.375344721875 0.7104987031250001 0.3838910671875
0 0.662487359375 0.351653125 0.66789565625 0.356458825 0.6754304515625 0.3489775375 0.6784202421875001 0.3391254859375 0.676779340625 0.3305791421875 0.6713424765625 0.32699893125 0.6638933765624999 0.33080374687499997 0.6590627328124999 0.3406878859375 0.65802805 0.3456058890625 0.662487359375 0.351653125
0 0.96941768125 0.32792836406250003 0.986042478125 0.32518860781250003 0.9956752 0.3066458203125 0.988511740625 0.2981957359375 0.9802850359375 0.2958891453125 0.9691256656250001 0.3009836265625 0.9587153390625 0.313415003125 0.9602991140625001 0.324412328125 0.96941768125 0.32792836406250003
1 1 0 0.6315766453125 0 0.634702978125 0.0042395953124999995 0.642793234375 0.05187328125 0.659075259375 0.063839403125 0.675506478125 0.10887771718749999 0.683418978125 0.12466470156250001 0.6827048734375001 0.1553019578125 0.68963981875 0.1735559640625 0.6997137484375 0.21503011249999998 0.7145548203125001 0.209871459375 0.722695834375 0.21585451875 0.7302655640625 0.2463473859375 0.752098709375 0.256991759375 0.765498828125 0.23470832968750002 0.7829583578125 0.235628996875 0.8013668765624999 0.23530813281250001 0.8209878375 0.26191596562499997 0.8412943374999999 0.2591120328125 0.8502986484375 0.26753003125 0.8579762625 0.25392129375 0.8865951625000001 0.2497474828125 0.8985607 0.24953892031249997 0.9261734796875001 0.24905762187499997 0.9400655625000001 0.24514050312500002 0.9675355203125001 0.25078665624999996 0.9869215953125 0.2479987671875 1 0.2332379515625 1 0
0 0.3745986703125 0.8891593265625 0.360735153125 0.8918509562499999 0.3502676953125 0.9067333140624999 0.35257194687500004 0.926293028125 0.3579802453125 0.9310987296875 0.36810492968749997 0.9309222531250001 0.37284988281250003 0.9247145875000001 0.3803561109375 0.9184587875 0.3835172875 0.9012537953125002 0.378280375 0.889095153125 0.3745986703125 0.8891593265625
0 0.1527599671875 0.617402759375 0.1560925296875 0.5928448265624999 0.155314925 0.58673341875 0.147031090625 0.5868778078125001 0.1394677328125 0.5955845859375 0.1355860796875 0.604227190625 0.13716985312500002 0.615224515625 0.1453679953125 0.6187565953125 0.1527599671875 0.617402759375
0 0.321642425 0.871707484375 0.3209505125 0.861919603125 0.30892784687499997 0.8645791468749999 0.299380815625 0.8794454609375 0.2992094296875 0.886798403125 0.30461773124999997 0.8916041031249999 0.3110321484375 0.8927172921875 0.321642425 0.871707484375
0 0.1202117375 0.5138457375 0.12469960937499999 0.5186674828125 0.131028334375 0.5234571406249999 0.138563128125 0.5159758515624999 0.138848771875 0.5037209500000001 0.13902015625 0.496368009375 0.13269143125 0.491578353125 0.1234871703125 0.49173878593750003 0.11603806875 0.4955436015625 0.11491769375000001 0.504138075 0.1202117375 0.5138457375
1 0.5890625 0.46875 0.24806096875 0.46875 0.244205796875 0.48350966562500003 0.25571430781250004 0.502908946875 0.257383775 0.510229803125 0.26900654375 0.524727121875 0.28675808593749996 0.5525925328125 0.29096031718750004 0.5696691781250001 0.3012341953125 0.6025648953125 0.3066424953125 0.6073705953124999 0.314269353125 0.63541248125 0.319277753125 0.65737504375 0.333918875 0.6607948218749999 0.325984184375 0.6854329734375 0.3254700296875 0.7074917968750001 0.3277742796875 0.7270515109375 0.33663577031249997 0.7415969578125 0.35682801249999996 0.7436949875 0.3632424296875 0.744808175 0.3737733875 0.7666744796875 0.378924609375 0.782509590625 0.3870084921875 0.7909436328125 0.4107967484375 0.7966539625 0.4076577640625 0.7734338187500001 0.40618824531250003 0.7575345359375 0.4188171328125 0.768339340625 0.43187448125000005 0.7607617921875001 0.4473503375 0.7678419984375 0.4585446421875 0.800721671875 0.4769817265625 0.7991753171875 0.48206945 0.77826176875 0.4914800296875 0.8087225453125001 0.5009413671875 0.797532703125 0.50116988125 0.7877287796875001 0.520298878125 0.7959703031250001 0.5463278828125 0.78449168125 0.561803740625 0.7915718875 0.578599921875 0.7814791859375 0.5890625 0.7835062718750001 0.5890625 0.46875
0 0.18494396562499998 1 0.18526710625 0.9990337562499999 0.1932303625 0.9731701125000001 0.18187104375000002 0.986843025 0.16826460468749999 0.9785052437499999 0.1580827890625 0.9811326984375001 0.15587060156250002 0.9970961593750001 0.1602803390625 1 0.18494396562499998 1
0 0.1521950546875 0.6811122078125 0.1650238890625 0.6833385812499999 0.17790985625 0.6831139765625001 0.18360379531249998 0.6756647765625 0.1838608734375 0.6646353640625 0.1775892765625 0.657394725 0.1611073015625 0.654007034375 0.150696975 0.6664384109375 0.15130319375 0.679902759375 0.1521950546875 0.6811122078125
0 0.647573640625 0.93798701875 0.6366448499999999 0.93713626875 0.63007031875 0.9507870281249999 0.6376754234375 0.9600256609375 0.6461842890625 0.9640423234375 0.6588234796875 0.958615803125 0.6622928421875 0.9439779218750001 0.647573640625 0.93798701875
0 0.619057859375 0.8864218843749999 0.6120651578125 0.8844612828125001 0.601773053125 0.8898468937499999 0.6000626515625 0.8961241671875001 0.6029735828125 0.9054446203125 0.6091353625 0.9095021921875001 0.6139023734375 0.906295371875 0.618008421875 0.897893853125 0.619057859375 0.8864218843749999
0 0.5890625 0.9422444406250001 0.5920016515625 0.9399968968749999 0.61092401875 0.933419615625 0.6219256468750001 0.9311453671875001 0.63060446875 0.9278703625 0.6441231421875 0.9182635375 0.6419702921875 0.9099711140625001 0.633534265625 0.9028294531250001 0.62813056875 0.899799909375 0.614539059375 0.912531734375 0.6025365515625001 0.92419461875 0.5890625 0.926217184375 0.5890625 0.9422444406250001
1 1 1 1 0.46875 0.6075010328125 0.46875 0.6051288671874999 0.47745598749999996 0.6095559640625 0.4888325 0.6099984125 0.503402196875 0.6081666140624999 0.5148878031249999 0.59909931875 0.5348294765625 0.591105740625 0.5422575078125 0.5890625 0.54660246875 0.5890625 0.6243343718750001 0.5915590203125001 0.6234665984375 0.59043674375 0.63806356875 0.5890625 0.6394050609375 0.5890625 0.762726225 0.5922659265625 0.7608984140625 0.6033161140625001 0.7565408343750001 0.60842845625 0.7720703765625 0.5964745078125 0.781649928125 0.6014168921875 0.8044711359375001 0.6083853125 0.8074734046875001 0.6062864375 0.8304173453124999 0.6105192984375 0.85012719375 0.6239219890625 0.8790483968749999 0.6390836390625 0.8996089953125 0.6495511171875 0.9202514140625 0.66930440625 0.9115771609374999 0.68610361875 0.9289854859375 0.6985728546875001 0.9308506296874999 0.7005800265625 0.9453930546875 0.68478710625 0.9519157890625 0.6835919921875 0.9696377593750001 0.682518275 0.9821513953124998 0.6915424265625 0.9976127546875 0.6951676671875 1 0.711209609375 1 0.7134242859375 0.9982725921875 0.714570840625 0.9826339546875001 0.725329675 0.9907763734374999 0.734499503125 0.9999877328124999 0.7485820203125 0.9997422703125001 0.7484725531249999 1 1 1