0 0.15050991875 0.20947609531250003 0.16364548750000002 0.2054149796875 0.182885375 0.19835233125 0.16943845156249998 0.18684807812499998 0.15869947812500002 0.1801398453125 0.1460537953125 0.1799638609375 0.139803796875 0.180905709375 0.138115609375 0.190527484375 0.145458215625 0.20503327031250002 0.15050991875 0.20947609531250003
0 0.13532196093749999 0.21800977187499998 0.1452596890625 0.213389740625 0.14038651875 0.1891444484375 0.13291822656250002 0.18402497499999998 0.1307929984375 0.18746769531250002 0.128740609375 0.191940259375 0.12883344531250002 0.2044160984375 0.13027025781249998 0.21356694843750001 0.13532196093749999 0.21800977187499998
0 0.1245629921875 0.19985554218749998 0.1277408390625 0.1889684625 0.12310618437500001 0.1792586953125 0.1102619765625 0.187439178125 0.11020913125000001 0.197855334375 0.11213583281249999 0.2027690828125 0.1222920828125 0.20123857812499998 0.1245629921875 0.19985554218749998
0 0.254907478125 0.3123971859375 0.2556687328125 0.3008334578125 0.2428773703125 0.2985977875 0.2289605515625 0.3027766328125 0.23295963749999998 0.314663815625 0.2383755421875 0.324255853125 0.250385653125 0.3266092546875 0.254907478125 0.3123971859375
0 0.8527951046875 0.2469807 0.8513582921874999 0.23782985 0.8466507968750001 0.22709023906249998 0.8380570453124999 0.22838528125000002 0.8321712484375 0.23447634375 0.8332638546875 0.249923978125 0.84534680625 0.253307221875 0.8527951046875 0.2469807
0 0.8714179984375001 0.1307250234375 0.8638240187499999 0.1349918625 0.8643339015624999 0.142200759375 0.8684058265625 0.1551177828125 0.8756556 0.1571477296875 0.8810515078125001 0.155293771875 0.88381230625 0.14967363281249998 0.8822298125 0.1384630984375 0.8770324281249999 0.13196058906250002 0.8714179984375001 0.1307250234375
0 0.7603333953125 0.022566728124999998 0.759062259375 0.0269215609375 0.7607904343749999 0.040191778125 0.763935428125 0.051166851562500004 0.7708938390625 0.049077428125 0.7762169078125 0.0461936265625 0.7776337265625 0.043898478125 0.7724891890625 0.026979815624999997 0.766729078125 0.0236845625 0.7603333953125 0.022566728124999998
1 0.2796875 0 0.2796875 0.4390625 0.5901182484375 0.4390625 0.5928987859375 0.4349831421875 0.5919573671875 0.4390625 0.6227286015625 0.4390625 0.6226391328125 0.42009320156249996 0.6275051640625 0.3995843484375 0.6387140312499999 0.390609484375 0.6363902749999999 0.40240867500000005 0.6467122015625 0.4143838515625 0.66417106875 0.4044671375 0.662694265625 0.3724242953125 0.6655079078125 0.356388003125 0.653987684375 0.3497975015625 0.656801328125 0.333761209375 0.6648123546875 0.324227428125 0.6669175890625001 0.3093387109375 0.66846009375 0.2976572515625 0.6775437328125 0.2921251078125 0.6763782859375 0.2756476296875 0.6826811312500001 0.2642896265625 0.6974320453125 0.24957689374999997 0.70738263125 0.2116487140625 0.720412509375 0.2284199078125 0.7332167265625 0.19734743125 0.7339979765625 0.1972296984375 0.7510198015625 0.1811339328125 0.73771855625 0.1716893640625 0.7369173124999999 0.16036109999999998 0.7268867484375 0.1525052921875 0.729991753125 0.1405883703125 0.739658115625 0.143294965625 0.7683658390625 0.14729538281250001 0.7729276515625 0.1559753078125 0.7849377640624999 0.1583287078125 0.8134798109375 0.14882344375 0.80926220625 0.13384673281249998 0.7926902796874999 0.12281340624999999 0.7711594875000001 0.11981309375 0.7300974453125 0.11975606093749999 0.7292233593749999 0.107397953125 0.7309643921875 0.087360025 0.7353205390625 0.059642273437500004 0.73996805 0.03604389375 0.74212613125 0.010739021875000001 0.7370001937499999 0 0.2796875 0
0 0.1205824453125 0.9717833312499999 0.1186357484375 0.955423584375 0.1057915421875 0.9636040671874999 0.1003427875 0.9758741828125 0.11144596250000001 0.9877316296875 0.1205824453125 0.9717833312499999
0 0.10461895624999999 0.9023724468750001 0.1151194140625 0.8945451562500001 0.1172446421875 0.8911024359375 0.1170789671875 0.877596753125 0.10399624375000001 0.8712417140625 0.097984759375 0.8867190875000001 0.10249372812499999 0.9058151671874999 0.10461895624999999 0.9023724468750001
0 0.0488974125 0.8066875453125 0.037105823437500005 0.8074236703125 0.027188089062499997 0.8234897015625 0.040217967187499995 0.8402608953125 0.0454681953125 0.83634725 0.0500828546875 0.8346110203125001 0.056968423437500006 0.8314917546875 0.05687559062500001 0.8190159156250001 0.05480320625 0.8120424828124999 0.0488974125 0.8066875453125
0 0.10813245 0.7176179984375001 0.11152881875000001 0.7098204453125 0.11043621249999999 0.694372809375 0.104311896875 0.6859283484375001 0.09124916875 0.6910193046875 0.089435296875 0.710027390625 0.09968438125 0.720972725 0.10813245 0.7176179984375001
0 0.1225648703125 0.6425857546875 0.12322043437500001 0.6518543343750001 0.1298346359375 0.656061696875 0.136793046875 0.653972275 0.1407521421875 0.6429674640625 0.13753430625000002 0.63096255 0.125888396875 0.6337583609374999 0.1225648703125 0.6425857546875
0 0.2796875 0.495855034375 0.269365609375 0.4966060125 0.260281971875 0.5021381546875 0.25846809843749996 0.5211462421874999 0.2667904828125 0.5271778265625 0.2790719609375 0.5222046 0.2796875 0.5209515515625001 0.2796875 0.495855034375
1 0 0.4390625 0 0.787604421875 0.0093778765625 0.794949053125 0.0032335671875 0.7750585937500001 0.012535726562499998 0.7726159781249999 0.0345364140625 0.75993319375 0.049890046874999996 0.7649051968749999 0.05697414375 0.7534294625 0.062892790625 0.7254762484375 0.0507170046875 0.709617165625 0.05765541875 0.6960817453125 0.0722806484375 0.6907553265624999 0.07970895156249999 0.6729828046874999 0.094916903125 0.675895125 0.113832578125 0.6865752578125 0.1348006421875 0.692782828125 0.1520809765625 0.70266858125 0.169758365625 0.6958413953125 0.18580041249999998 0.688219828125 0.168864284375 0.6720372906250001 0.134614971875 0.6678311499999999 0.113699753125 0.6512074265625 0.12486863125 0.6193405671875001 0.1373814875 0.5841487203125 0.13683161562499999 0.5540478312499999 0.1429159390625 0.5396002984375 0.1387711734375 0.5256534312500001 0.1306473171875 0.5112653765624999 0.136678796875 0.5072340015625001 0.14790765625 0.5097051328125 0.1692399234375 0.5210619140625 0.19100923125 0.5385977515625 0.1995501375 0.5477188625 0.21910138125 0.5562215796875 0.24457841249999998 0.5815252296875 0.24890171093750002 0.5756696296875 0.231237178125 0.54918866875 0.252767971875 0.5521889828125 0.2594350203125 0.5459801875 0.22147798281250003 0.5340062359375 0.20568730624999998 0.522855175 0.17823072812500002 0.50305393125 0.1503570984375 0.48851962968749996 0.16427391875 0.48434078437499994 0.17352323281249998 0.4923143234375 0.19185618437500002 0.49475571562500004 0.1935243765625 0.47368794531249997 0.1982447265625 0.45111940781250004 0.166901890625 0.44335281562500006 0.1662479703125 0.4390625 0 0.4390625
0 0.653254984375 0.8785624484374999 0.6629941859375 0.8822988875 0.6701511203124999 0.8718529953124999 0.6719849890624999 0.8642909046875001 0.6683501046875 0.8575529328125 0.6650794250000001 0.8559641734374999 0.655704425 0.8573769453125 0.6505270375000001 0.8623204343750001 0.653254984375 0.8785624484374999
0 0.4640996484375 0.8945775546875 0.468879984375 0.9063470078125 0.47456725468750005 0.9086124156250002 0.47854634375 0.9090536046875 0.4813071421875 0.9034334671875002 0.48343237187499993 0.8999907468749999 0.4881927109375 0.9003142015625001 0.4870272640625 0.8838367250000001 0.47706954062499995 0.877010759375 0.4714551109375 0.8757751921875 0.4639339734375 0.881071875 0.4640996484375 0.8945775546875
0 0.37125658437500003 0.8992012546874999 0.3676416953125 0.9039092796875 0.37007828125 0.9160319250000001 0.3769110046875 0.9233288140625 0.382598275 0.9255942218750001 0.39253600312500003 0.9209741906249999 0.3916619203125 0.9086160828125 0.3902979453125 0.9004950765625 0.38851692499999996 0.8976410109374999 0.377996471875 0.8940223062499999 0.37125658437500003 0.8992012546874999
0 0.8243987390624999 0.5967302890624999 0.8359718062500001 0.5929046359375001 0.8367330609374999 0.5813409093749999 0.8185257968750002 0.5695132 0.8114217046875 0.569542940625 0.8086080625000001 0.5855792296875 0.8243987390624999 0.5967302890624999
0 0.818114465625 0.49671785156250003 0.8274894671874999 0.4953050765625 0.843114465625 0.492950453125 0.8473649234374999 0.48606501093750004 0.8489802687499999 0.47541339374999997 0.8403665234375 0.465262440625 0.823887434375 0.466704953125 0.8148037953125 0.4722370984375 0.812625721875 0.4860959703125 0.818114465625 0.49671785156250003
0 0.813261290625 0.48391855625 0.8077925406249999 0.484742675 0.8043233328125 0.491510384375 0.8052702593750001 0.504898334375 0.8125928703125 0.507958121875 0.8202596906250001 0.5047211265625 0.8212394656249999 0.496246925 0.813261290625 0.48391855625
1 0.2796875 0.4390625 0.2796875 0.8135606296875 0.29295163125 0.8079604 0.29607663125 0.807489475 0.3103776484375 0.8199058390625 0.3120129875 0.8207002171875001 0.32133514218750003 0.8297036 0.3339079828125 0.82884974375 0.341303434375 0.8329393734374999 0.3536049078125 0.8394121437500001 0.367396040625 0.8446196109375 0.3787705828125 0.849150428125 0.38309388125 0.8432948296875 0.39103206875 0.8327312062499999 0.40026138749999995 0.8292587453125 0.41666763749999997 0.8267863921874999 0.42269911562499995 0.8227550140625001 0.4427930953125 0.8166044781250001 0.4573454828125 0.8102482156249999 0.4662106 0.8016265453125 0.47160650937500004 0.7997725843750001 0.49113775937500004 0.796829303125 0.5033663921875 0.8022722328124999 0.5195541218749999 0.7967103515625 0.5273666218749999 0.7955330390625 0.5353776484375 0.785999259375 0.5397009468749999 0.7801436578125001 0.554419009375 0.7872930796875 0.567667409375 0.8071538015625 0.58292820625 0.7996499640625 0.5768567390625 0.7807893484375 0.5650651468750001 0.7815254734374999 0.556451403125 0.77137451875 0.5644624296874999 0.7618407390625 0.5802331109375001 0.7615457984375 0.5861717546875 0.7450385828125 0.59483834375 0.7447733828125 0.6021938078125 0.7259710203124999 0.596142334375 0.7185564 0.6001542750000001 0.697135434375 0.61719609375 0.6924856640625 0.6237574515625 0.7071091796875 0.63718438125 0.707167434375 0.639289615625 0.6922787171875 0.625239971875 0.6610897296875 0.6306558765625001 0.670681765625 0.6458438328125 0.6621480890625 0.63799134375 0.64043340625 0.649471578125 0.624131915625 0.6716379390625 0.6249548125000001 0.6718893125000001 0.6061821875 0.689632403125 0.5556306984375 0.6952068437500001 0.533974271875 0.6986032109375 0.52617671875 0.7152808281249999 0.516377734375 0.72929048125 0.5246747296875001 0.7289062859375 0.5080795203124999 0.73084584375 0.4796851203125 0.7468150515625 0.47103371093749996 0.7455039218749999 0.4524965515625 0.731421428125 0.44316971406250005 0.7322804781250001 0.4390625 0.2796875 0.4390625
0 0.9580196203125 0.6327983984375 0.9708838234375001 0.6360639109375 0.9794047328125 0.633739025 0.9791662156250001 0.619203503125 0.9682815625 0.610435584375 0.9560529296875 0.6049926546875 0.9559472375 0.6258249640625 0.9580196203125 0.6327983984375