0 0.079381896875 0.499414675 0.0892166359375 0.5020513109375 0.1008963265625 0.5030588609375 0.10391453125000001 0.4896396796875 0.088394315625 0.484947928125 0.075020284375 0.49251155 0.079381896875 0.499414675
0 0.0663045765625 0.4617182546875 0.055763496875 0.4577242734375 0.0400851484375 0.463077384375 0.044817259375 0.466257303125 0.0564623046875 0.47606870937499995 0.0681766546875 0.4682725 0.0663045765625 0.4617182546875
0 0.14909258593750002 0.433051928125 0.147919340625 0.44484212031250003 0.1562450109375 0.454188303125 0.1689397984375 0.453450615625 0.1751809953125 0.44992089531249996 0.1738029203125 0.438402390625 0.1628025140625 0.4305689140625 0.14909258593750002 0.433051928125
0 0.1492582765625 0.40601998124999994 0.12970475937499998 0.4164927921875 0.1103982609375 0.42448340625 0.110301853125 0.43390773749999995 0.1308975828125 0.4298729234375 0.151033971875 0.42199856249999995 0.1636398734375 0.41369811562500003 0.1709579515625 0.4078025875 0.1792293734375 0.40078225156249997 0.16340041875 0.3991932296875 0.1492582765625 0.40601998124999994
0 0.149010946875 0.3066810390625 0.14119021874999999 0.3010731203125 0.1296957890625 0.2982038484375 0.12237772031250001 0.3040994265625 0.12228131406250001 0.31352375781249997 0.1336522703125 0.3176339890625 0.14659405625 0.31441419531250003 0.149010946875 0.3066810390625
0 0.28232535 0.5316300453125 0.2824835046875 0.5215851875 0.277353775 0.5139452390625 0.2616483078125 0.5111151140625 0.2489188921875 0.5206566125000001 0.24959060625 0.5308178156250001 0.2556736765625 0.53733295625 0.27377982031250003 0.532949253125 0.28232535 0.5316300453125
0 0.276598790625 0.5890625 0.2822840109375 0.5840672890625 0.27883273750000004 0.5751838578124999 0.274841596875 0.5645575218750001 0.2622085515625 0.56467473125 0.2559673265625 0.5682044 0.2547940796875 0.5799945921874999 0.25411483281249997 0.586820478125 0.2558375171875 0.5890625 0.276598790625 0.5890625
0 0.3019179828125 0.571497921875 0.3104288875 0.578982525 0.3212169671875 0.580494353125 0.3266629765625 0.5680445796875 0.32223962031250003 0.56176198125 0.3138793453125 0.5612195640625 0.30533381406250004 0.5625387703125 0.3019179828125 0.571497921875
0 0.3091201140625 0.549856409375 0.3099846125 0.5411688953125 0.3004586171875 0.5354296265625 0.29166609062500004 0.539230940625 0.2837305265625 0.551331878125 0.276350715625 0.5578479359374999 0.2713987 0.5653334484375 0.2812334125 0.56797003125 0.2818306328125 0.5674903796875 0.2935306125 0.5627722703125 0.30493618906250003 0.558078740625 0.3091201140625 0.549856409375
1 0.359375 0.038638528125 0.34735914375 0.0387500328125 0.31671855937500004 0.0507155671875 0.3064786609375 0.060605990624999995 0.2892294734375 0.07328931562499999 0.2771446546875 0.08480868593749999 0.26192565 0.0940013421875 0.2523303578125 0.1058696875 0.23846232500000003 0.11839752031249999 0.22739260468750003 0.12817165156250002 0.2251425328125 0.14232770781249998 0.23156142656249998 0.1539234453125 0.22329003906249997 0.1609437859375 0.21827628125 0.1690497765625 0.2134130984375 0.18409799375 0.2072682546875 0.178203425 0.20342773906249997 0.1745192734375 0.19128871249999999 0.169672175 0.1731825578125 0.1740558296875 0.1792309828125 0.189374825 0.19533404062499998 0.19666502187499998 0.189675709375 0.2027930984375 0.180821425 0.20721503125 0.16898356875 0.2162522921875 0.1782896890625 0.2326569484375 0.1779191859375 0.2363802015625 0.175394965625 0.2448350734375 0.1571999421875 0.24165611562499997 0.15279613593750002 0.26054378749999996 0.1705589359375 0.268066578125 0.184728153125 0.2694231046875 0.19022836406250002 0.27333984375 0.185276359375 0.2808252625 0.167876553125 0.28656635625 0.1675602765625 0.306656078125 0.172717090625 0.3224793515625 0.178827284375 0.337177775 0.18054119375 0.35377692656250004 0.174909940625 0.3680882765625 0.1823439734375 0.37793868750000004 0.1932480171875 0.3951965515625 0.21245059375 0.413617315625 0.1978144515625 0.42540837343750004 0.2131222953125 0.42377846718749995 0.22308053593750002 0.4251740046875 0.224917965625 0.44053205625 0.23742750625000003 0.4416559484375 0.239697153125 0.45267021406249996 0.22822982500000003 0.457984271875 0.218545721875 0.46228986875 0.2254239890625 0.4777251578125 0.227570134375 0.489980525 0.254160090625 0.4848981453125 0.27199214375 0.47481331875 0.285208028125 0.47729455468750004 0.279576765625 0.4916059546875 0.3026891421875 0.4961032546875 0.304067196875 0.5076218015625 0.2996363109375 0.518326246875 0.309930390625 0.52480238125 0.31259766093749997 0.540276725 0.33801059375000003 0.55893861875 0.3566920703125 0.57414040625 0.359375 0.5756251265625 0.359375 0.038638528125
0 0.40468537656250003 0.5129400265624999 0.4123175703125 0.5232607828125 0.42533488124999996 0.51675894375 0.42389356874999995 0.50638065 0.435015603125 0.4940624921875 0.4200122171875 0.49566041250000004 0.3947039390625 0.5013649328125 0.40468537656250003 0.5129400265624999
0 0.395112596875 0.397808871875 0.3954246875 0.4071037984375 0.40107081093749997 0.41252063281250007 0.42077267812499997 0.4134313921875 0.42570383125 0.40117077187500005 0.4218224796875 0.390450534375 0.41224392656250003 0.38725796875 0.40090059531250005 0.3893688046875 0.395112596875 0.397808871875
0 0.37237503906249997 0.21607449218750002 0.365054934375 0.21504866093750002 0.3604869515625 0.22365970000000002 0.37177920000000003 0.2344933703125 0.39007946250000003 0.2370579484375 0.3977627390625 0.23443419687499997 0.39894304687500004 0.22257305624999998 0.3857952328125 0.21795517968749997 0.37237503906249997 0.21607449218750002
0 0.57939229375 0.09984194843750001 0.5885168843749999 0.10759649062500001 0.5977322671875 0.11443863750000001 0.6089848046874999 0.113240196875 0.6076342828125 0.101949509375 0.6075037796875 0.09082979218750001 0.59444675625 0.0852995203125 0.58179261875 0.0881517796875 0.5801186359375 0.09254278593750001 0.57939229375 0.09984194843750001
1 1 0 0.7445156515625 0 0.7351063578125 0.0143497203125 0.7173394765625 0.031287390625 0.70956540625 0.0348235375 0.7123572421875 0.0564925171875 0.686958171875 0.063109434375 0.6784577578125 0.0739447421875 0.6788095578125001 0.0952717796875 0.6600950390625 0.10930129375 0.658097596875 0.1293739921875 0.656463325 0.14579710937499998 0.64805370625 0.1557200234375 0.645239128125 0.18400428124999998 0.6442404046875 0.19404063124999998 0.6404781890625 0.21941672968749998 0.62660403125 0.22209801875 0.6292653625 0.2326472828125 0.6347696109375001 0.251921021875 0.6288908203125001 0.26127348437500003 0.6321876984375 0.26543598125 0.6508000515625 0.2772954828125 0.659743059375 0.2868748171875 0.6610935781249999 0.29816550625 0.653903978125 0.308259390625 0.6698947093750001 0.32160174218750004 0.6600437734375 0.3211463609375 0.6397063578125 0.326622371875 0.6310243609375 0.3392824734375 0.6640953375 0.3550184265625 0.6814876734374999 0.36670695625 0.67289646875 0.3784546640625 0.6714437828125 0.3930529875 0.687888478125 0.40183336093750005 0.7150409546875001 0.4148896640625 0.74956461875 0.41602729375 0.7776647328124999 0.43199175468749995 0.8055832609374999 0.4497810078125 0.832463359375 0.4655744984375 0.8583050234375001 0.479372225 0.871855721875 0.49237263281250004 0.8962957828124999 0.5078241796875 0.9206961359375001 0.511243615625 0.9331176046875 0.5231606531249999 0.9487054562499999 0.528120471875 0.9707565656250001 0.53028556875 1 0.5355553921875 1 0
0 0.5586971171874999 0.394830071875 0.5369183875 0.38992778906250003 0.5259779390625 0.4004211546875 0.525523975 0.404983134375 0.5358685828125 0.41290864687499995 0.5459918953125 0.4106268375 0.5550767734375001 0.4063492703125 0.5586971171874999 0.394830071875
0 0.748809753125 0.585218284375 0.7460179218749999 0.5635493031250001 0.7317408796875 0.5578480609375001 0.7247328640624999 0.56611715625 0.7242788984375 0.5706791328125 0.729289471875 0.5824827375 0.7291078875 0.5843075265625 0.748809753125 0.585218284375
0 0.0797350828125 0.761257865625 0.07693187968750001 0.7645655031249999 0.0788271546875 0.77038181875 0.08880859375 0.781956915625 0.0985687328125 0.7833246890625001 0.100969059375 0.77163451875 0.098216934375 0.7619976515625 0.0898583984375 0.7589760578125 0.0797350828125 0.761257865625
0 0.2889708984375 0.8340605062499999 0.2769523078125 0.8305259984375001 0.27170906562499997 0.8334916906250001 0.2725148296875 0.8502567531249999 0.2784333328125 0.8529364031250001 0.28955536406250004 0.8406182453125 0.2889708984375 0.8340605062499999
0 0.27826311718749996 0.829784575 0.286803240625 0.8309813765625 0.287347996875 0.825507003125 0.2794434234375 0.8179234328125 0.27004645781250003 0.812906078125 0.271396975 0.8241967656250001 0.27826311718749996 0.829784575
0 0.286400359375 0.822598846875 0.29584841093750003 0.8146716921875001 0.296574753125 0.8073725312500001 0.29458868125 0.8024686093750001 0.2847377484375 0.8020132312499999 0.27556207499999996 0.8072031984375 0.286400359375 0.822598846875
1 0.359375 0.5890625 0 0.5890625 0 0.71671429375 0.00840096875 0.7198071453125 0.0374090109375 0.7266476531249999 0.08498969843750001 0.733315553125 0.108572915625 0.7449465453124999 0.1149850890625 0.755096328125 0.1360885609375 0.7543532671875 0.155024375 0.7505310765625 0.16156705625 0.7718005765625 0.1788288859375 0.772369390625 0.1951941640625 0.7570855390625 0.2125467890625 0.75674195625 0.2242929984375 0.7630136515625 0.2304327953125 0.7759006234375 0.21370435 0.7948340546875 0.2190270140625 0.8159325859375001 0.2540954328125 0.811595840625 0.2667495734375 0.8087435796874999 0.27064229375000004 0.7944871984375 0.2732752875 0.7680277296875 0.284709409375 0.7650045000000001 0.3012051890625 0.7608403640625 0.3270979375 0.7616935859375 0.359375 0.741814675 0.359375 0.5890625
0 0.44156363593750003 0.76104114375 0.4287335875 0.7631749125 0.432992575 0.7732079765625001 0.43652324374999996 0.7799935687499999 0.44697056875 0.7806712921875001 0.46187464531250005 0.7788281765625 0.45992121093750005 0.76675915625 0.44156363593750003 0.76104114375
0 0.6025901625 0.9919902562499999 0.6073990328125 0.975364440625 0.599797478125 0.9672220078125001 0.5852020953125 0.96596298125 0.5782082671875 0.9728463859375001 0.582467253125 0.9828794484374999 0.5891861421875 0.9893254828125 0.6025901625 0.9919902562499999
0 0.572589146875 0.9130825937499999 0.5654409703125 0.9215170703125001 0.5358980890625 0.933103990625 0.5387004375 0.9366421125000001 0.5873726328125001 0.9230178437500001 0.6028941015625 0.9149704374999998 0.59479575 0.901253925 0.578280684375 0.8981531734375 0.572666321875 0.9123070562500001 0.572589146875 0.9130825937499999
0 0.8237348640625001 0.9569277046875 0.8373366531249999 0.947038575 0.8431391187500001 0.941560915625 0.8470653218749999 0.9232387015625001 0.840423609375 0.9160171312500001 0.8216029921875 0.9149523343749999 0.8169147156250001 0.9197997828125001 0.8206334843749999 0.9352615984374999 0.8213618046875 0.9385090703125 0.8140592812499999 0.9484946187500001 0.8237348640625001 0.9569277046875
0 0.9048632171875 0.9447063968750001 0.9007489109375001 0.9543523875 0.8977487953125 0.9633681687500001 0.9139889171875 0.9797983609375001 0.9339237234375 0.980232946875 0.92605689375 0.9641898250000001 0.9201097453125 0.9499884312500001 0.9048632171875 0.9447063968750001
1 1 0.5890625 0.359375 0.5890625 0.359375 0.5922988359375 0.359938640625 0.598622896875 0.359375 0.5998613374999999 0.359375 0.6102578859375 0.3714904875 0.6199005375 0.37424941562499997 0.634441490625 0.359375 0.6369832453125001 0.359375 0.658890559375 0.375783228125 0.640160896875 0.39544309218749996 0.6539249203125 0.37300496875 0.66808019375 0.40193045781250003 0.6626975640625 0.40061850000000004 0.6758816765625 0.40491124375 0.6961420359374999 0.3875472640625 0.70157218125 0.39883383437500003 0.7149491343750001 0.41154329062499995 0.7245937328125 0.4246386140625 0.7303606515625 0.45164442187500004 0.7231362953125 0.4609003828125 0.725219765625 0.4593569046875 0.7407304859374999 0.4706868953125 0.743104609375 0.48185287187500003 0.7682599296875 0.47359050625000004 0.7773246171875 0.460485515625 0.792787825 0.44484345156250005 0.8126135984375 0.43653766406249994 0.8326811156249999 0.43107765000000003 0.8452839265625001 0.4400586671875 0.8606968359374999 0.47183959375000006 0.82661936875 0.47353741875 0.809557575 0.48071935000000005 0.8113503921875 0.48616970156249995 0.819977709375 0.49757686406249996 0.8215762953125001 0.503224984375 0.8176497093750001 0.506919665625 0.801654103125 0.5189008015625001 0.80805123125 0.537600825 0.8208943953125001 0.55645519375 0.8321864859375001 0.5820718734375 0.8389217796875 0.5907876171875 0.8464340015625 0.5986978656249999 0.8514742906249999 0.610722421875 0.8468685875 0.6198674546875 0.8395002984375001 0.629851734375 0.8448312375 0.6289256468750001 0.854137671875 0.6201230640625 0.8686311124999999 0.611552003125 0.88079794375 0.611354234375 0.893351846875 0.631949853125 0.8765793125 0.6392523765625 0.8665937625 0.64931383125 0.8711491671875 0.6523814546875 0.8825879750000001 0.6390883609375 0.8893749625 0.622452703125 0.8980525765625 0.6259399531250001 0.9158410015625 0.6507945562499999 0.9091015296875 0.66673565 0.9074037390624999 0.6822571203125 0.8993563328124999 0.692318575 0.9039117375 0.7068802046875 0.8949434703125 0.703084259375 0.880257190625 0.70815840625 0.8715320609375 0.7167969750000001 0.8798198203125001 0.7323522 0.881999709375 0.755894846875 0.8884443515625 0.759845140625 0.9015795593749999 0.7703696375 0.9014817468749999 0.7844248031250001 0.908169528125 0.8043596078124999 0.9086041125 0.8170015562499999 0.8977941218750001 0.835436303125 0.9027365984374999 0.8477695531249999 0.89502875 0.8649020109375 0.8919252140625 0.8848030625 0.882132503125 0.8903305875 0.8899842843750001 0.9182528171875 0.8946836218750001 0.9275328640625 0.9282245140625001 0.9372277812500001 0.8941973453125 0.9505208734374999 0.8874103609375 0.9728384046875 0.885033453125 0.988248946875 0.8675342890625 1 0.8691810671875 1 0.5890625