0 0.27512869218749997 0.48862313593750006 0.282519559375 0.492955021875 0.2892779703125 0.4942767328125 0.294427365625 0.49179593125 0.297202 0.4857236796875 0.295726271875 0.47869993437499997 0.2882578796875 0.4701434203125 0.27627254375 0.4670778828125 0.2688259125 0.47019185781250006 0.26834851406250004 0.47563093749999996 0.27512869218749997 0.48862313593750006
0 0.08181960625 0.4707834984375 0.0838284953125 0.4649223046875 0.0803221140625 0.4520892640625 0.069180053125 0.45303729531250003 0.0638973671875 0.45873933125 0.06273175 0.46861409375 0.0663714203125 0.47822589843749996 0.0719424515625 0.47775188437500005 0.0788341546875 0.475852359375 0.08181960625 0.4707834984375
0 0 0.385108815625 0.0038618671875000005 0.3850592 0.0123625875 0.3869621859375 0.027733245312499998 0.3752951578125 0.027578190625 0.3668459046875 0.0189999421875 0.360718290625 0.0046616093749999995 0.365731790625 0 0.3710773765625 0 0.385108815625
0 0.0403075046875 0.3580298921875 0.0479867171875 0.3675898 0.0556441640625 0.365479215625 0.06079355937499999 0.3629984171875 0.0629915015625 0.346470125 0.0533591640625 0.33532555 0.044935970312500004 0.3376471921875 0.033105690625 0.343030909375 0.0403075046875 0.3580298921875
0 0.0580854953125 0.068648128125 0.0718689 0.064849078125 0.0726904078125 0.0571921578125 0.0712704453125 0.0427225515625 0.0690289734375 0.0359098625 0.059074290625000005 0.038653621875 0.0467666125 0.049476415625 0.0518820109375 0.0661119671875 0.0580854953125 0.068648128125
0 0.08079125781249999 0.06875884843749999 0.0885819953125 0.06342703125 0.091623209375 0.0509123078125 0.0894375 0.036653759375 0.0811475984375 0.035754165625 0.0746775328125 0.039660475 0.0719804265625 0.0499573546875 0.07311204375 0.059198942187500006 0.08079125781249999 0.06875884843749999
1 0.309375 0 0.10398345312499999 0 0.10386559375 0.0050780468750000005 0.093300221875 0.016482115624999998 0.09083569999999999 0.0394528765625 0.0982265671875 0.043784765625 0.095839571875 0.070980153125 0.1007223859375 0.07494182187500001 0.0958055734375 0.090096503125 0.09276435937500001 0.10261122656249999 0.0811013671875 0.08565735625000001 0.06800617812500001 0.08502072187500001 0.0591055875 0.092781440625 0.0670173828125 0.1150152265625 0.076438903125 0.125156409375 0.08517220625000001 0.139733275 0.0877795515625 0.1559986109375 0.0964135609375 0.15468036093749998 0.10879876718749999 0.14808219218750002 0.11951919375 0.14512737656250002 0.1155014171875 0.156849765625 0.08716886093750001 0.164658921875 0.10442464843749999 0.1928092640625 0.11876298125 0.1877957640625 0.12186949062500001 0.21029250937500002 0.1086410109375 0.21287710781250002 0.10876206718749999 0.2404427140625 0.12666254375 0.24081639375 0.132332865625 0.2562374921875 0.125884565625 0.27181429218750003 0.1242973125 0.279682271875 0.12196608125 0.299431796875 0.13544890781250002 0.32119156875 0.1596303953125 0.3283260328125 0.1725705296875 0.32051341718750004 0.1835793015625 0.32278661875000003 0.1891938625 0.34565358125 0.1968513109375 0.34354299843749997 0.1977938734375 0.36345168437500003 0.2111991734375 0.380986828125 0.22935399687500002 0.405704878125 0.23940797187500001 0.4188562359375 0.2518707046875 0.4164826953125 0.26398933125 0.4163269984375 0.27488657656250004 0.43349192499999994 0.2807119578125 0.4573622796875 0.292929875 0.473101696875 0.30665751874999997 0.47674851093750004 0.309375 0.4802557421875 0.309375 0
0 0.9081324890625 0.4274098171875 0.89708971875 0.4442529640625 0.9025492234375001 0.4586706734375 0.9061671296875 0.456611990625 0.9095184546875 0.46099577500000005 0.9235126781249999 0.45820011875000005 0.9320691609375 0.4526572421875 0.9317032874999999 0.44320459687499997 0.9272978734375 0.4338038484375 0.9081324890625 0.4274098171875
0 0.8905325921875 0.40147731562500005 0.8795238203124999 0.3992041140625 0.8690142125000001 0.403162321875 0.8690359765625001 0.4148328109375 0.876082734375 0.42138254062499997 0.8870915078125 0.42365574375000004 0.8927958281249999 0.41996049375 0.8905325921875 0.40147731562500005
0 0.40864242968750003 0.332613434375 0.405557684375 0.3217871765625 0.3941272765625 0.317507190625 0.38229699687499996 0.3228909078125 0.385592559375 0.33472055625 0.390897009375 0.340689009375 0.40058510937499997 0.344387721875 0.40864242968750003 0.332613434375
0 0.325225184375 0.2324714265625 0.3263785671875 0.253383503125 0.334324359375 0.256500940625 0.343246715625 0.2604107109375 0.34929514687499996 0.2544976171875 0.3504607625 0.244622853125 0.34737601875 0.23379659843749998 0.3367113546875 0.2293055515625 0.325225184375 0.2324714265625
0 0.3898918515625 0.21252468750000003 0.385263384375 0.2329073875 0.3934199953125 0.237028215625 0.39571723125 0.236395040625 0.4100555625 0.231381540625 0.41497237499999995 0.2162268609375 0.406660709375 0.2036567765625 0.399902296875 0.2023350671875 0.3898918515625 0.21252468750000003
0 0.40418935625 0.11092603906250001 0.40782902656250003 0.12053784375000001 0.4136884046875 0.125291846875 0.42295486874999993 0.126983775 0.43185545937500003 0.1192230578125 0.4271616984375 0.104594290625 0.41998165 0.10126579531249999 0.411902565625 0.10136959375000001 0.40418935625 0.11092603906250001
1 1 0 0.41836477031249997 0 0.41875344062500003 0.002884921875 0.4042260546875 0.018565518750000003 0.41303688593750004 0.037367012500000005 0.4265537109375 0.0400104328125 0.434899375 0.0334641640625 0.4383282265625 0.042072578124999996 0.42372331406249997 0.053528548437500004 0.432555909375 0.0840005328125 0.44567286250000004 0.0963076578125 0.4532963125 0.113313425 0.4566694015625 0.1293677 0.4653809390625 0.132274078125 0.46764417812500003 0.1507572546875 0.464435675 0.1856095625 0.46141622499999996 0.209794775 0.46798558281249997 0.22178358125000003 0.4854861875 0.23182096562500001 0.505206496875 0.2370005453125 0.5318402765625001 0.2519510921875 0.5482092609375 0.25274688749999996 0.55564365625 0.2804197515625 0.5729334421875001 0.28945374375 0.5855947625000001 0.3188704359375 0.594061484375 0.33988977187499997 0.6032164234375 0.3564734234375 0.6020168078125 0.3854645375 0.6076871328125 0.40088563906249997 0.6236902453125 0.3922287859375 0.6253332609375001 0.37691494531249997 0.633124 0.371583128125 0.6516229296875 0.394083334375 0.6543635640625001 0.40712743281249997 0.6622535968750001 0.41769073125 0.6678681578125 0.44055769375000003 0.68479206875 0.4401390390625 0.6967556390625 0.43153408750000005 0.6904528625 0.4131028109375 0.709962353125 0.4172789984375 0.717043109375 0.4047123765625 0.7302715875 0.402127778125 0.73280140625 0.41416848437500003 0.7374734015625 0.41712676249999997 0.749269684375 0.43085939531250006 0.7697339750000001 0.42415742968750003 0.782196709375 0.4217838890625 0.8016844359374999 0.41428958906249996 0.8220711984375001 0.403362996875 0.8366203484374999 0.3993528890625 0.8458868125000001 0.401044815625 0.8593043453125 0.3877931203125 0.8761507296875 0.3831498375 0.890411534375 0.3739117109375 0.9164468578125 0.3667357296875 0.9368336203125001 0.3558091359375 0.9399305968749999 0.335848553125 0.9543029265625 0.3117187 0.9799166125 0.302535934375 0.994998925 0.2856408875 1 0.280109028125 1 0
0 0.5963560171875001 0.4125007671875 0.5837382265625 0.406425053125 0.576502415625 0.41054242187499995 0.5726179296874999 0.4190435734375 0.57208476875 0.43192851406250005 0.583592703125 0.44043312968750004 0.592015896875 0.43811148906249997 0.6010497765625 0.42712953281250005 0.5963560171875001 0.4125007671875
0 0.1996613171875 0.6320731515625 0.21267897812499997 0.6284851609375 0.220469715625 0.6231533421875 0.22100287812500002 0.610268403125 0.218628115625 0.60667695 0.2113147765625 0.606569690625 0.2049222375 0.6147006265625 0.2009044609375 0.6264230140625 0.1994504984375 0.631069759375 0.1996613171875 0.6320731515625
0 0 0.6856316234375 0.0004949140625 0.6858425328125 0.0182913359375 0.6672022421875 0.026770290625 0.6574347390625 0.04026535 0.6484076703125 0.1057317625 0.609133521875 0.10620916093749999 0.60369444375 0.0339625734375 0.62997639375 0.0095580328125 0.6526253765625001 0 0.661215534375 0 0.6856316234375
0 0.18352718437499999 0.509375 0.17715954218750002 0.5172643234375001 0.1718210953125 0.5304122203125 0.1896658078125 0.5382317609375 0.196768328125 0.537335628125 0.20184019531250003 0.5306301999999999 0.202717465625 0.51552741875 0.1996442453125 0.509375 0.18352718437499999 0.509375
0 0.439984884375 0.8856660359375 0.431983328125 0.8899944609375 0.41088658281249996 0.8936862515625 0.3907324015625 0.917286725 0.3871362625 0.9310158999999999 0.403139375 0.9223590484375 0.4169227796875 0.9185599984374999 0.4303838421875 0.92864928125 0.44430053750000004 0.9216289968750001 0.44351302812500004 0.9101695671875 0.4516478734375 0.90261990625 0.4568530328125 0.8926932421875 0.4532133625 0.8830814374999999 0.439984884375 0.8856660359375
0 0.45842535 0.9888562750000001 0.5256680671874999 0.9310470500000001 0.5230049593749999 0.922227578125 0.512628640625 0.922964553125 0.45842535 0.9888562750000001
0 0.4510819890625 0.5991871875 0.45182597031250005 0.587305640625 0.446654809375 0.5781159515625001 0.4416387046875 0.5773755171875 0.43287140312499994 0.5819150015625001 0.41755650937500005 0.5861361671875 0.41910976250000004 0.5973845390625 0.41815496562500004 0.6082626953125 0.42311530781249995 0.616448990625 0.42987372031250004 0.6177707015625 0.4413598890625 0.614604828125 0.4499721359375 0.6016160890625 0.4510819890625 0.5991871875
1 1 0.509375 0.47232548281250003 0.509375 0.47286965312499996 0.51781554375 0.47703025156249995 0.54532925 0.47322329218750003 0.5580550296875 0.47617474687500005 0.5721025203125001 0.47051395312499994 0.59913875 0.4736544609375001 0.60251914375 0.46799366875 0.629555371875 0.46920281406250003 0.6430215875 0.46526256562499996 0.658968603125 0.459756828125 0.6944540859374999 0.459434484375 0.70834241875 0.46941093125 0.71726915 0.46861118749999997 0.7365965593749999 0.48526851875000004 0.742620375 0.492259515625 0.756615965625 0.49341289687500006 0.7775280421874999 0.5052867078125 0.7954853046875 0.49403311875 0.8113250609375001 0.49057026718749996 0.821832996875 0.47680862656249995 0.8373025359374999 0.48604109375000004 0.858110815625 0.506449621875 0.8588547109375 0.5147612890625 0.8714247937499999 0.50999953125 0.8950287296875 0.5192877609375 0.9083911468749999 0.5314839140625001 0.9124600749999999 0.54719868125 0.8985752046875 0.5494183875 0.893717403125 0.556310090625 0.8918178781249999 0.5554328203125 0.906920659375 0.5726886062500001 0.9350710031249999 0.5777264765625001 0.947481928125 0.5867821234375 0.9481704624999999 0.5932399578125 0.97505099375 0.60334969375 0.980756490625 0.6085548515625 0.9708298281250001 0.62275989375 0.9690375625 0.6259561625 0.9649720953125 0.6491053265625 0.9787600890625001 0.6376409187500001 0.9935964531250001 0.6398792953125 1 0.9993839000000001 1 1 0.9987110687499999 1 0.509375