0 0.32982411875 0.1607973734375 0.3315575046875 0.15112438749999998 0.321261740625 0.145163775 0.3091193546875 0.1480988234375 0.3080653828125 0.1624357515625 0.3250101359375 0.1637045125 0.32982411875 0.1607973734375
0 0.3508715265625 0.103941096875 0.366434215625 0.110103865625 0.37868983906250003 0.107946140625 0.3856901515625 0.0984753109375 0.385248825 0.08825506875 0.37186084531249997 0.08263955625 0.3523900578125 0.0856025171875 0.34779092968750003 0.09717525 0.3508715265625 0.103941096875
0 0.3212646765625 0.0732769796875 0.3227367390625 0.0833821890625 0.3286830796875 0.0882482875 0.33406324375 0.0892277671875 0.341278409375 0.0884225328125 0.34771254375 0.07506508437500001 0.3212646765625 0.0732769796875
0 0.0668203203125 0.3615709671875 0.07460166406249999 0.36465235156250003 0.0907421515625 0.367590790625 0.09922614375 0.3611142234375 0.097414375 0.3486770453125 0.0858614 0.34127681718749997 0.0790991765625 0.34519134687499997 0.0668203203125 0.3615709671875
0 0.22154134375 0.4169800640625 0.235870059375 0.407481325 0.22947077500000002 0.3995059296875 0.2104761625 0.391356290625 0.2038155578125 0.403159090625 0.2168522125 0.41355357968749995 0.22154134375 0.4169800640625
0 0.21951190468749998 0.18732785000000002 0.21666939531249998 0.175005703125 0.212558059375 0.168354890625 0.1974483125 0.1653014171875 0.184841365625 0.17223811718749998 0.18584886875 0.1863449796875 0.1971753734375 0.1921905578125 0.21951190468749998 0.18732785000000002
0 0.9229108874999999 0.393062171875 0.9188895546874999 0.401410578125 0.930895471875 0.41192009843750005 0.9443966859374999 0.418312934375 0.952291265625 0.42217164374999994 0.9701651390624999 0.415437096875 0.9726911749999999 0.411205378125 0.977516775 0.40118729374999995 0.9650463 0.3946794234375 0.9523377359375 0.3937278546875 0.947875075 0.39185601718749996 0.9300128203125 0.391479615625 0.9229108874999999 0.393062171875
0 0.9214242734375 0.46195470624999996 0.9092935046874999 0.457778809375 0.896233615625 0.461606215625 0.894953171875 0.47438849687499995 0.8984983281249999 0.4771526890625 0.9051357 0.47957178437500003 0.9187617671874999 0.479630996875 0.9234741328125 0.4688355875 0.9214242734375 0.46195470624999996
0 0.9435693078125 0.153768275 0.9454159296875 0.1448726125 0.9473757859374998 0.1367542765625 0.9409648859375 0.135889828125 0.9238952781249999 0.14095469375 0.9259451390625 0.1478355734375 0.932004715625 0.1534789953125 0.9435693078125 0.153768275
0 0.836021215625 0.1705107328125 0.8514590515625 0.183007125 0.8665804171874999 0.1789496515625 0.8649835031249999 0.1751780671875 0.8697974859375 0.172270928125 0.86878998125 0.15816406562500002 0.8643389390625 0.14918128125000002 0.854835825 0.1486619359375 0.8448681499999999 0.1521442421875 0.836021215625 0.1705107328125
0 0.80782834375 0.1855065609375 0.8041467171875001 0.1961869359375 0.8067627546875 0.206954434375 0.81844058125 0.2080210375 0.8258938359375 0.201659503125 0.8295754640624999 0.190979128125 0.8266081015625 0.1849906046875 0.80782834375 0.1855065609375
1 0.459375 0 0.459375 0.5796875 0.5793934296875001 0.5796875 0.58631820625 0.5704500593749999 0.594021165625 0.5514212796875 0.6123828328125 0.5264631875 0.615271809375 0.51034154375 0.6439060046875 0.5055659593749999 0.6551541249999999 0.48930137343749996 0.686201121875 0.4795167453125 0.70831118125 0.473099390625 0.72607181875 0.465587521875 0.75492086875 0.46947753125 0.7710729734375 0.465305025 0.764458834375 0.44866403593750004 0.7493490875 0.44561056250000003 0.74501128125 0.43740510156249995 0.769885465625 0.42119972656250004 0.7832850609374999 0.4197042921875 0.7948612703125 0.41288262500000006 0.8184550125 0.4094595296875 0.820200015625 0.3926755984375 0.8131213171875 0.3800362609375 0.7938769999999999 0.38455386874999997 0.8005492234375 0.365640121875 0.7888830125 0.357462571875 0.7879887453125 0.344133034375 0.800357603125 0.34275263125 0.8039143765624999 0.3384058796875 0.81916059375 0.3280147828125 0.81507249375 0.307142075 0.8142914593749999 0.2945898609375 0.80928585625 0.2746095109375 0.8009615671875 0.2534196140625 0.7988100890625001 0.23865046250000002 0.8016874484375001 0.22963976718749998 0.790146090625 0.21512859374999999 0.78765490625 0.198027471875 0.780236503125 0.1830561640625 0.7763864890625 0.1566271578125 0.7680621999999999 0.135437259375 0.7484897921875 0.1305119484375 0.7261881109375 0.1140418140625 0.720276621875 0.087842875 0.7053033421875 0.0713448296875 0.6827868078125 0.0462091015625 0.6642567546875 0.034057809375 0.643665225 0.0221365859375 0.6250335546875 0.0020970234375 0.6234889703125 0 0.459375 0
0 0.781243884375 0.4775992609375 0.773552540625 0.48951709374999997 0.776746375 0.4970602640625 0.784754190625 0.501696296875 0.797575990625 0.5034251890625 0.807555284375 0.4928319359375 0.8063096906249999 0.484281375 0.7964784859374999 0.4743191109375 0.781243884375 0.4775992609375
0 0.459375 0.6041689859375 0.4453926828125 0.6109395156249999 0.4442996 0.62035516875 0.449536121875 0.63092315 0.4549195265625 0.634039809375 0.459375 0.6340591703125 0.459375 0.6041689859375
1 0 0.5796875 0 1 0.44481412656249997 1 0.454439271875 0.9898547515625001 0.459375 0.989303909375 0.459375 0.7033709781249999 0.4421170046875 0.68235513125 0.42390342499999994 0.6867577046875 0.4195888515625 0.6643303484375 0.3961664296875 0.63297603125 0.3845118375 0.6176875328125 0.34505054999999996 0.5912830453125 0.3271999109375 0.5837956953125001 0.3251642671875 0.5796875 0 0.5796875
0 0.9985808687500001 0.7716658125 0.9996232234375 0.76443983125 0.992193203125 0.7565794718750001 0.9795978734374999 0.7564052265625 0.9704228484375002 0.7653287984375 0.9720081468749999 0.7762113312500001 0.9753152171874999 0.784531825 0.985044803125 0.78660581875 0.9953638 0.7783445375 0.9985808687500001 0.7716658125
0 0.931117609375 1 0.8977426640624999 0.956711121875 0.8888289624999999 0.9458565 0.876120396875 0.9449049296875 0.8722122984375 0.9540306578125 0.888680875 0.9664120171875 0.92676580625 1 0.931117609375 1
0 0.8340887609375001 1 0.836078378125 0.9936115671875001 0.8350592578124999 0.9866156531249999 0.8256693796875 0.9868736312500002 0.8183293578124999 0.9940124875 0.80968660625 1 0.8340887609375001 1
0 0.8214564234375 0.9723345468750001 0.809438890625 0.9689359718749999 0.8005019546875 0.9723032437500001 0.800025778125 0.9834158437500001 0.8009316625 0.9896344328125 0.81307405 0.986699384375 0.8186923 0.9821225640625 0.8214564234375 0.9723345468750001
0 0.5157598375 0.9519438843750001 0.505678928125 0.9546488656250001 0.49685522656250003 0.9587934624999999 0.4951218421875 0.968466446875 0.509880265625 0.9762988968750002 0.5205273531250001 0.9774805343749999 0.5282070812499999 0.9726736468749999 0.532115178125 0.96354791875 0.530982821875 0.95577468125 0.52824193125 0.9513408046875 0.519882790625 0.9514837500000001 0.5157598375 0.9519438843750001
0 0.5168921953125001 0.9597171218749999 0.5163260171874999 0.9558305031250001 0.5166773390625 0.9510515265624999 0.5169154296875 0.9454952265625 0.5089076125 0.9408591953125001 0.49653875468750003 0.9422395968749999 0.49046756093750005 0.9437071218749999 0.49469213281249996 0.9511352578124999 0.5058937828125 0.963314459375 0.5105829140625 0.9667409453125 0.51459263125 0.9655034875 0.5168921953125001 0.9597171218749999
1 1 0.5796875 0.459375 0.5796875 0.459375 0.9187932 0.47939076406250003 0.9251942953124999 0.51018805625 0.9280769140625 0.5508281687500001 0.9338108515625001 0.562279525 0.93332280625 0.5701624890625 0.9442924625 0.5864278281249999 0.940897278125 0.6104628953125 0.9476944265625 0.635200609375 0.9449336234375 0.660516121875 0.9389484921874999 0.6588292046875 0.9201776875000001 0.6716626203125 0.914795634375 0.6863078093749999 0.921850759375 0.7008397625 0.9281285625000001 0.717682896875 0.9215090515625001 0.7371420687500001 0.9256570375 0.757733596875 0.9375782625 0.7748032031250001 0.9325133984375 0.7852470546875 0.91791849375 0.7928135453125 0.9123342828125001 0.8185703828124999 0.91656939375 0.8332388046875 0.909402625 0.8325826234375 0.8905167875 0.8211428859375 0.883893884375 0.8265462828124999 0.8706514703125 0.8376463125000001 0.8749424031249999 0.8739834703125 0.8511380359375 0.886137475 0.841092040625 0.9069787093749999 0.8403460171875 0.9126085765624999 0.8286582499999999 0.9014185421875001 0.8093681015625 0.9141619593750001 0.7889868296875 0.925500078125 0.7877214609375001 0.9345270171875001 0.7993534062500001 0.9502261781249999 0.7920716046875 0.9387864374999999 0.785448703125 0.9420035062500001 0.7787699781249999 0.9650194531250001 0.7785712124999999 0.96506591875 0.7501274234374999 0.9547701546875 0.7441668124999999 0.9560389828125 0.738495478125 0.9824868500000001 0.740283584375 0.9954567375 0.721456959375 1 0.7135958328124999 1 0.6867219078125 0.9997510093749999 0.6862194125000001 0.9684426921875 0.7157822359375 1 0.6697333703125 1 0.5796875