0 0.319068303125 0 0.31894695156249997 0.00011650937499999998 0.311830803125 0.009553915625000001 0.309788671875 0.017672334375 0.3138615296875 0.026432814062499997 0.3247774953125 0.02850483125 0.3403636109375 0.0208826203125 0.3422237140625 0.014596829687499998 0.34227491875 0.0016400125 0.34016580625000004 0 0.319068303125 0
0 0.2125231796875 0.23800160625000003 0.20549804531250002 0.24652269375000002 0.2046789125 0.25476952812500003 0.21785884531250002 0.258930996875 0.23194891874999998 0.25392932031250004 0.22389421718750002 0.2354920484375 0.2125231796875 0.23800160625000003
0 0.198927984375 0.2504622125 0.21120916875 0.23878950781250002 0.224178659375 0.20774578593749998 0.2194288921875 0.19335900625 0.18824525625 0.2336007484375 0.198927984375 0.2504622125
0 0.1894966625 0.2707669828125 0.1809356796875 0.269868103125 0.1710094765625 0.2827139421875 0.1673802921875 0.2943692109375 0.178427075 0.3075654171875 0.1893544421875 0.2846401140625 0.1894966625 0.2707669828125
0 0.340050578125 0.2106533109375 0.335027765625 0.199015475 0.32524378593750003 0.19798818437500001 0.315408596875 0.20991771093749997 0.31816744375 0.21946609218750002 0.326546396875 0.222197603125 0.3340664125 0.22113544062499998 0.3394134765625 0.21706751406250002 0.340050578125 0.2106533109375
1 1 0.459375 1 0 0.6091707390625001 0 0.6415521203125 0.4273333 0.9514625375 0.459375 1 0.459375
0 0.4973492859375 0.832884975 0.5050129359375 0.8297546859375 0.5097126656250001 0.8247392109374999 0.512101209375 0.8218420421874999 0.509756190625 0.8137259171875 0.49631942812499996 0.8115281031249999 0.48873314375000004 0.8138795249999999 0.4856483359375 0.8237865046875001 0.489264990625 0.8296751765625 0.4973492859375 0.832884975
0 0.4874962796875 1 0.48549345625000007 0.9945471484375 0.4690154140625 0.99124301875 0.46264137187500004 1 0.4874962796875 1
0 0.4009952359375 0.8723484546875 0.3854020171875 0.8707112109375 0.378855278125 0.8731717812500002 0.375383659375 0.886973096875 0.374842121875 0.89242516875 0.37503068281249996 0.9011018609375 0.3821527953125 0.9034236453125001 0.392548271875 0.9045151421875002 0.3990176484375 0.9028334375 0.40979993906249995 0.900030596875 0.413692209375 0.8925693718750001 0.4080399828125 0.8754491046874999 0.4009952359375 0.8723484546875
0 0.3130736890625 0.8269153750000001 0.33024799374999997 0.8232096984374999 0.3337534484375 0.8196428093750001 0.3354118953125 0.8135210203125001 0.3326027 0.8100781015624999 0.31547192343749997 0.8027704828125 0.30588390468750004 0.8041247390624999 0.2984088171875 0.8159317203124999 0.3060289390625 0.8238147250000001 0.3130736890625 0.8269153750000001
0 0.27066031874999996 0.619418575 0.27247349062500004 0.6117390515625 0.27085856875 0.6068475453125 0.263736459375 0.6045257640624999 0.2616573625 0.6043074640625 0.2563048984375 0.60531945 0.250720346875 0.6086680390625 0.24825443749999998 0.612344078125 0.2496372734375 0.6195721843750001 0.25756684375 0.6243397203125001 0.2673095875 0.621427728125 0.27066031874999996 0.619418575
0 0.23116241875000001 0.520045571875 0.2292815734375 0.5072562406250001 0.2201577296875 0.5039372921874999 0.2139204421875 0.50328239375 0.20610206875 0.50797041875 0.2037135234375 0.5108675890625001 0.204056809375 0.517986546875 0.20305109687499998 0.5281118234375001 0.2025095609375 0.5335638953124999 0.2135577765625 0.53865888125 0.22195152187499997 0.538753209375 0.2273475140625 0.5267279296874999 0.23116241875000001 0.520045571875
0 0.16688931875 0.543202703125 0.1698194 0.5348534609375 0.1568371234375 0.5492301640624999 0.1505563109375 0.5595885609375 0.1472394171875 0.571832140625 0.14631106875 0.5811785515625 0.1543180015625 0.5851672203125 0.15990255312499999 0.58181863125 0.1687604734375 0.5772397546875 0.169843546875 0.5663356109375 0.164147796875 0.5602286390625 0.16688931875 0.543202703125
0 0.13713400781250001 0.61012061875 0.1505707671875 0.6123184328125 0.158234415625 0.60918814375 0.15942868906250002 0.6077395578125 0.1608550484375 0.6039543703125 0.161473946875 0.59772343125 0.1514314453125 0.58250316875 0.13776259531249999 0.5826419578124999 0.12851786406250001 0.5911151703125 0.12831961249999999 0.6036861984375 0.13713400781250001 0.61012061875
1 0 1 0.39527000625 1 0.4050614546875 0.9900369609374999 0.392664240625 0.9879482953124998 0.3819254734375 0.9797378406250001 0.3813501015625 0.9749554875000002 0.38212372656250004 0.9671668125 0.3916343828125 0.9665914234375 0.39294954375 0.9533506765624999 0.3994189171875 0.9516689734374999 0.4013868140625 0.9424317109375 0.3900726765625 0.9294389031249999 0.377443375 0.9296868406249998 0.3647367125 0.9307136468749999 0.36200488124999997 0.9264918609375 0.37182498750000004 0.9228010015624999 0.3812244453125 0.91277005625 0.368251859375 0.9058990375 0.37133666718749997 0.8959920578125 0.3652976296875 0.8827661296875 0.3378825703125 0.8838225765625001 0.3464310421875 0.8823591703125 0.3568700484375 0.8724373734374999 0.35914739375 0.8600846421874999 0.34516909687499997 0.8633389000000001 0.3172221890625 0.8485996984374999 0.3119906140625 0.8378195218750001 0.30013493750000003 0.830278784375 0.2877812515625 0.8171768265624999 0.27307285625 0.8172064640624999 0.270805196875 0.8083114734375 0.265186809375 0.8014256359375 0.24354486406250003 0.8078101828124999 0.24343366562500002 0.7983546234375 0.22915560781250002 0.78347663125 0.23343468750000002 0.7721210671875001 0.2105646328125 0.7697197734375 0.2101439859375 0.763379684375 0.1957450375 0.7602938531250001 0.19755821093749998 0.7526143281250001 0.179774696875 0.7413032218750001 0.1729958734375 0.746100396875 0.15462729687500001 0.751254659375 0.1583310015625 0.7351167421875 0.146895975 0.7339160953125 0.1336574640625 0.7191472515624999 0.13785918125000002 0.7085705546875 0.128048765625 0.691013690625 0.1152309046875 0.6825849375 0.100024496875 0.6770533546874999 0.074567646875 0.6901202609375 0.068485084375 0.6879076281250001 0.05554633437499999 0.6912710375 0.041456837499999996 0.6850697359375 0.03583845 0.678183896875 0.019592493750000002 0.672543165625 0.008611951562500001 0.6879170359375 0 0.684209340625 0 1
0 0.9701352406249999 0.511545984375 0.9873095453125 0.50784030625 0.9907811640624999 0.494038990625 0.984200590625 0.4862651359375 0.9674130984375001 0.48607647500000006 0.9592079140624999 0.4946588375 0.9560457437500001 0.505344684375 0.9701352406249999 0.511545984375
0 0.76357465 0.486709725 0.764338584375 0.5001687718750001 0.7741925265624999 0.506712340625 0.7925611031249999 0.501558078125 0.7895633484375 0.48943846718749995 0.78079248125 0.4719907515625 0.76357465 0.486709725
0 0.703058471875 0.461467921875 0.6925856296874999 0.4611552921875 0.687078440625 0.46372501406250005 0.686304815625 0.47151368906249996 0.6941570265625 0.4770600921875 0.7076373125 0.4682446109375 0.703058471875 0.461467921875
0 0.68483493125 0.486312171875 0.69072893125 0.47984811250000003 0.6903082828125 0.47350802343750004 0.6837277109375 0.46573416874999995 0.674371778125 0.464751821875 0.6712869703125 0.47465879843750003 0.6737093515625 0.48199605468750006 0.68483493125 0.486312171875
1 0.5890625 1 1 1 1 0.55841621875 0.99710058125 0.567892615625 0.9836638203125 0.565694803125 0.9891371734375 0.552890653125 0.9948426140625 0.5377499015625 0.9868792062499999 0.5227479390624999 0.974902640625 0.5269993656249999 0.969429290625 0.5398035140624999 0.9558039671875 0.528929009375 0.9546967468750001 0.5083510046875 0.94349380625 0.5048137546875 0.9357527953125 0.5087229125 0.9130374671875 0.504763884375 0.8951330640625 0.505244940625 0.884307246875 0.5190610765625 0.87251924375 0.53198919375 0.8509981859375 0.52658158125 0.8511190750000001 0.5147894187500001 0.8258266375 0.5050508671875 0.8081543234375002 0.5031953234375 0.7994076 0.5172297578125 0.7818126484375 0.514595346875 0.76494779375 0.515185553125 0.7618629875 0.5250925328125 0.74515285625 0.524125003125 0.7232788250000001 0.53284615625 0.7143097046875 0.5279694703125 0.693905559375 0.5218921390625 0.6763106062500001 0.5192577265625 0.6635604171875 0.531297828125 0.645656015625 0.5317788859375 0.6288249984375 0.5426035203125 0.6176558921875 0.549300696875 0.60390968125 0.5502183546875 0.5987457796875 0.559907034375 0.5890625 0.566853540625 0.5890625 1