0 0.5748144234375 0.3622605734375 0.564254746875 0.339433590625 0.561011525 0.362983878125 0.5696593562500001 0.38468049843749996 0.5897606828125 0.38116605 0.5748144234375 0.3622605734375
0 0.4121821265625 0.295719728125 0.4007198359375 0.3049341859375 0.4098590984375 0.3192217921875 0.4262796546875 0.3159002296875 0.4284685515625 0.3059411734375 0.4242160984375 0.2963196625 0.4121821265625 0.295719728125
0 0.28912578125 0.369848090625 0.280638453125 0.382598284375 0.278592475 0.3950109375 0.2843280140625 0.39840201406250003 0.290769365625 0.3980644703125 0.302303115625 0.3900768109375 0.3001681 0.3692694453125 0.28912578125 0.369848090625
0 0.5676771921875 0.25557726718749996 0.566748209375 0.239628878125 0.5562687828125 0.2340253078125 0.5498274328125 0.23436284999999998 0.5475670734375 0.24309510625000003 0.552954103125 0.25634879375 0.560530028125 0.259643428125 0.5659797265625001 0.25812730781250004 0.5676771921875 0.25557726718749996
0 0.46149003281249995 0.11224593125 0.45859532343750004 0.12593360625 0.464831084375 0.1379122734375 0.4811087203125 0.132137109375 0.4818772046875 0.1136386828125 0.47224651093750003 0.1067600921875 0.46149003281249995 0.11224593125
0 0.43736820937500004 0.1418124828125 0.43532223124999997 0.1542251359375 0.441629453125 0.1674306015625 0.454226315625 0.161848321875 0.45981014687500005 0.146789190625 0.45025091406250006 0.141137396875 0.43736820937500004 0.1418124828125
0 0.357006840625 0.23585331250000002 0.3614022140625 0.24792842343750002 0.3732932671875 0.2460747578125 0.37399028749999996 0.22634953281249998 0.36917494375 0.2229102359375 0.3590528171875 0.2234406609375 0.357006840625 0.23585331250000002
0 0.2691685171875 0.2490700609375 0.2852317734375 0.23961450156250003 0.286009046875 0.2371126828125 0.2920216375 0.2294143453125 0.285928796875 0.21988927343750003 0.268722178125 0.20971604687499998 0.2627095875 0.217414384375 0.2620125640625 0.23713961249999999 0.2691685171875 0.2490700609375
1 0.028513540625 0 0.0288574703125 0.00570983125 0.049181971875 0.02187239375 0.056489634375 0.052253048437500005 0.0874991515625 0.06170296875 0.1079753609375 0.09631573593750001 0.1362330859375 0.12190692656249999 0.15973813750000002 0.1292890109375 0.1961258921875 0.1359960109375 0.2134039703125 0.1473960359375 0.22586670312499998 0.155356765625 0.23847235625000002 0.165771090625 0.24724552656249998 0.15792809375 0.2717422296875 0.16648875624999998 0.29106628749999996 0.165476128125 0.3062181390625 0.1720653984375 0.3265965171875 0.1574615375 0.3452147625 0.160177528125 0.348323853125 0.1501702546875 0.37430364374999997 0.15250048125 0.380539403125 0.164479153125 0.39710288125000004 0.1636111859375 0.3917158515625 0.150357496875 0.40155213593749994 0.144919875 0.4179100203125 0.1563681203125 0.4244855046875 0.14248756875 0.414917484375 0.12083916718750001 0.42842575156249996 0.0992120578125 0.4460523390625 0.100749465625 0.4615527046875 0.09747612343749999 0.47655284531250003 0.085615184375 0.49508205156249996 0.05511115625 0.5265115390624999 0.055925262499999996 0.5300406015625 0.037282173437499996 0.5420031125 0.036655309375 0.5375989484375 0.0085835921875 0.5465079562499999 0 0.028513540625 0
0 0.398310225 0.9336840328125 0.40209956562500004 0.9313935375 0.40679255000000003 0.9311476140625 0.406663596875 0.9154649375 0.40310975156250006 0.90832943125 0.3936022984375 0.9067357218750001 0.3889700546875 0.908024425 0.3874131984375 0.9217035156249999 0.3888027734375 0.9320903218750001 0.398310225 0.9336840328125
0 0.1939149375 0.9266134859375 0.19759026562499998 0.93583455 0.20108336875 0.9419272765625 0.2104693390625 0.9414354281249999 0.215762265625 0.9380201796875 0.21797980312499998 0.922214540625 0.2096114921875 0.9132394015624999 0.20473628281249998 0.9103569874999999 0.19348975 0.9193140312499999 0.1939149375 0.9266134859375
0 0.09512675625 0.9412038859375 0.1003056703125 0.9493001968750001 0.106684465625 0.9510578578125 0.11215961562500001 0.9507709468750001 0.12070268125000001 0.94927730625 0.12033076250000001 0.9294235125 0.1201485390625 0.9262951749999999 0.10943373281249999 0.9174429968750001 0.0994478234375 0.92110416875 0.0936764390625 0.9297743031250001 0.09512675625 0.9412038859375
0 0.5482755890625 0.6528293375 0.560197746875 0.6689399828125 0.5709658203125 0.6652378234375 0.5719227375 0.6547280546875001 0.57095835 0.6516407046875 0.5642151078125 0.64362636875 0.555429078125 0.6409488921875 0.547789659375 0.644487103125 0.5482755890625 0.6528293375
0 0.6890625 0.5931536484375 0.67273129375 0.59400944375 0.6572094921875 0.5969147484375 0.655888128125 0.6011678390624999 0.6634742765625 0.6101839671875 0.6802034296875 0.6145371296875 0.6873314921875 0.6153436640625 0.68838951875 0.6203839312499999 0.6890625 0.6205452625 0.6890625 0.5931536484375
0 0.5903919453124999 0.5407963015625 0.579798621875 0.5340296828125 0.5661373859375 0.5284697921875 0.5557262859375001 0.524831509375 0.5440545640625001 0.5264890984375 0.5413510953125 0.5339525015625 0.5430443765625 0.549553203125 0.549423171875 0.5513108640625 0.5523163359375001 0.5605729140625 0.5617023078125001 0.5600810671875001 0.5715667343749999 0.554334334375 0.5848027859375 0.5525947718750001 0.60573899375 0.5483597765624999 0.5903919453124999 0.5407963015625
1 0 0.409375 0 0.817974028125 0.0121501125 0.8231744828124998 0.021057625 0.8279375187500001 0.0332760171875 0.83566494375 0.04639805625 0.8454369390625001 0.0641523390625 0.8539202312499998 0.0817243984375 0.8592751843750002 0.104050184375 0.8654269953124999 0.119457971875 0.8740332500000001 0.1367263265625 0.874174309375 0.1412903578125 0.8582457093750001 0.153022821875 0.8576309 0.1666158484375 0.84855089375 0.188759409375 0.8515743656249999 0.20968814687499998 0.8337422531249998 0.2214206109375 0.8331274437499999 0.2427212671875 0.8351491249999998 0.251507296875 0.8378266015625 0.261614690625 0.8362509875 0.26895040312499996 0.8274988796875 0.2747217875 0.8188287484375 0.2830900984375 0.8278038875 0.2977764671875 0.8374939093750001 0.3108985046875 0.8472659046875 0.3246130140625 0.8402714578125 0.31960138125 0.80810925 0.32127971875 0.796515715625 0.325965234375 0.782672675 0.3306507484375 0.7688296328125 0.335275521875 0.7539438125 0.3423075265625 0.739977809375 0.357829328125 0.7370725046875 0.369812228125 0.7542259296875 0.3797981390625 0.75056475625 0.3843014296875 0.7335933765625 0.367139615625 0.7083436421875 0.36731436875 0.6978748625 0.376335890625 0.6911263390625 0.3759639734375 0.6712725453124999 0.38221381718749997 0.6573475296875 0.40068952187500007 0.6647470546875001 0.40488910625 0.6425617796875001 0.42099590625000005 0.6092929140625 0.43553837812499996 0.576106025 0.435158990625 0.5426551140625 0.453566484375 0.5354147421875 0.4649344984375 0.5285432562500001 0.47443447968749997 0.5165398515625 0.46762302499999997 0.4938856171875 0.45593636093749995 0.4683489734375 0.4610928625 0.435653928125 0.453863690625 0.41929735937499996 0.4429741328125 0.4209139609375 0.44382347656250004 0.409375 0 0.409375
0 0.8925160765625 1 0.8999454265625 0.9888391656250001 0.8892306218750001 0.9799869874999999 0.8770729718749999 0.9733023421875 0.869737259375 0.9820544515625 0.871248315625 0.9945268140625 0.87299486875 0.9975731765625 0.87420355 1 0.8925160765625 1
1 1 0.409375 0.6890625 0.409375 0.6890625 0.922920196875 0.6946166078125 0.9253355781250001 0.7093562453125 0.9224712593749999 0.7270497859375 0.9299117734374999 0.7390326843749999 0.9470651984374999 0.7397615796875 0.9595785484375 0.742730425 0.9970776156250001 0.759338096875 0.9993452203125 0.7631807046875 0.9845003875 0.7592549421875 0.9575110875 0.7699697484375 0.966363265625 0.788263228125 0.9706344546875 0.7988416093749999 0.9502068390625 0.8045597234375 0.9540910437499999 0.8161707046875 0.9513906750000001 0.827660203125 0.94660475 0.841199959375 0.95007908125 0.8494467890624999 0.9569686640625001 0.8632827796875 0.952059775 0.8798297093749999 0.9532845999999999 0.8918584078125 0.9442865687499999 0.9030442000000001 0.934286746875 0.919348165625 0.9313404546874999 0.92716980625 0.9309305812499999 0.9330626734375 0.9243460078125001 0.9499665796875 0.9182303906249999 0.96447819375 0.9383891921874999 0.97820764375 0.958588978125 1 0.980333965625 1 0.9716781234375 0.9839790296875 0.949918846875 0.9796962890625001 0.9302699890625 0.958805878125 0.9083535296874998 0.9690880265625001 0.8963091343750001 0.9840780984374999 0.9112130531249999 0.9765452203125001 0.8896425859375 0.9926062203124999 0.882525178125 0.9962740765625 0.878149125 1 0.8774758125 1 0.409375