0 0.060857007812499996 0 0.060203998437499996 0.0031321796875 0.0634140734375 0.0100501484375 0.0842776796875 0.0099823671875 0.09883943437500001 0.006255571875 0.10149603437500002 0 0.060857007812499996 0
0 0.22060012499999998 0.1602810453125 0.21321914843749998 0.1535332015625 0.1996637203125 0.1540861046875 0.189209165625 0.1521628953125 0.1757265375 0.15897851875 0.1830984125 0.16494352343750002 0.1884394390625 0.1756906296875 0.1885395390625 0.184301871875 0.20622946875 0.1804474828125 0.2113338953125 0.1708407453125 0.22060012499999998 0.1602810453125
0 0.15523069218750002 0.28042905 0.15504869375000002 0.2647722484375 0.1414568640625 0.2621937921875 0.126904209375 0.2667034265625 0.1133760796875 0.26960485 0.092585275 0.2759353515625 0.1061589015625 0.276948128125 0.1228789078125 0.27939899218750003 0.130205284375 0.28144979531250003 0.1437971109375 0.284028253125 0.15523069218750002 0.28042905
0 0.210331334375 0.2640837828125 0.208318684375 0.270431565625 0.20731235781250001 0.27360545625 0.2115833578125 0.2820465734375 0.2272424375 0.2829742890625 0.238721515625 0.28328928750000004 0.242865115625 0.2807706421875 0.24271951718749998 0.2682452 0.234295815625 0.2615398875 0.22174671250000003 0.2589189 0.212389484375 0.26165019843750004 0.210331334375 0.2640837828125
0 0.21362864531249998 0.18876100625 0.223040471875 0.190726746875 0.2397331765625 0.190829090625 0.24273395312499998 0.1797417359375 0.2406030046875 0.175912596875 0.23535297812499997 0.1729938921875 0.2238829984375 0.1734617328125 0.214525771875 0.1761930328125 0.21148859375 0.1841490265625 0.21362864531249998 0.18876100625
0 0.2795440734375 0.115583409375 0.2931359015625 0.118161865625 0.3046149796875 0.11847686406249999 0.30657303125 0.10743203906250001 0.3013048046875 0.10294765312500001 0.2887375015625 0.0987609859375 0.2783466484375 0.10231765625 0.27836485 0.1038833375 0.2763612953125 0.1110139609375 0.2795440734375 0.115583409375
0 0.34843596875 0 0.34707175625 0.0016130625 0.3461382296875 0.011049673437500001 0.35140645625 0.015534059375000001 0.366031909375 0.0172871453125 0.3753072375 0.007510284375 0.37209716406250004 0.0005923171875 0.37195752187500003 0 0.34843596875 0
0 0.3082398875 0.07133633125 0.3177154140625 0.078781953125 0.3261573140625 0.08705294531249999 0.33869731718749996 0.0888910953125 0.3427772203125 0.08089256875 0.33851531874999996 0.07323429218750001 0.3259389171875 0.068264784375 0.31650888906249997 0.0647333625 0.3082398875 0.07133633125
1 0.4390625 0.3796875 0.4390625 0 0.39566179218749997 0 0.3971498703125 0.0019200921874999999 0.3784900140625 0.0120797328125 0.3881930375 0.03909635625 0.383179609375 0.0565314953125 0.3632495296875 0.0471626625 0.35298607656250003 0.0616790953125 0.34287731875 0.08950380937499999 0.32948568749999996 0.1041478375 0.3203377578125 0.12488445781249999 0.300498678125 0.123344028125 0.2933269984375 0.1346015078125 0.2904627203125 0.1574314640625 0.29390939375 0.184703275 0.29405499218750003 0.19722871718749999 0.29330346406249996 0.22232213125000003 0.2892417609375 0.23188633749999998 0.293767559375 0.262246978125 0.278408775 0.28715298749999996 0.2890362265625 0.3039501609375 0.3027372546875 0.3159226984375 0.3133556046875 0.3319370296875 0.330303109375 0.353958896875 0.3347470078125 0.3772739765625 0.336428109375 0.3796875 0.4390625 0.3796875
0 0.5054600578125 0.260943565625 0.4950237046875 0.26058603593749996 0.48259290000000005 0.2681419703125 0.47064653749999996 0.271779465625 0.47099304374999995 0.2792190765625 0.48166847500000004 0.278361421875 0.49522390156250007 0.27780851875 0.5004193296875 0.27603018281249997 0.5087156328125 0.271775734375 0.5107100828125 0.2638622703125 0.5054600578125 0.260943565625
0 0.5686621421875 0.1338350625 0.567792315625 0.1487515546875 0.58026861875 0.145109821875 0.5958185 0.1366434546875 0.5977765515625 0.12559863124999998 0.586270175 0.1229351125 0.580132121875 0.13336721875 0.5686621421875 0.1338350625
0 0.6756662171875 0.1850785421875 0.68303809375 0.1910435453125 0.6955325968749999 0.18896749375 0.7069115765625 0.18067125 0.708915128125 0.1735406265625 0.702585978125 0.1675330921875 0.6942168750000001 0.1655248203125 0.6796733203125 0.170817296875 0.6755661171874999 0.1764673 0.6756662171875 0.1850785421875
0 0.7016471140625 0.266256009375 0.697385215625 0.2585977328125 0.6817261359375 0.25767001875 0.67349353125 0.2674043484375 0.6714626796875001 0.2721864515625 0.67464545625 0.2767558984375 0.6840754828125 0.2802873203125 0.6965790859375 0.27899410625 0.7017381125 0.27408441093749997 0.7016471140625 0.266256009375
0 0.76736768125 0.08656962343749999 0.7767613093750001 0.0869696859375 0.7871521609375 0.0834130140625 0.7838692875 0.070232325 0.770259259375 0.0660881890625 0.7588438796875 0.0712530703125 0.756867628125 0.0807322140625 0.76736768125 0.08656962343749999
0 0.8265801609375 0 0.8237893812499999 0.004380723437499999 0.82178583125 0.011511346875 0.8281422828125 0.019867403125 0.8406731859375001 0.0209227109375 0.8510094390624999 0.0126689984375 0.8508820421875001 0.0017092359375 0.8504439062500001 0 0.8265801609375 0
1 0.8581420203124999 0 0.8543196140625 0.028198207812499997 0.8637860406249999 0.0348609890625 0.8617642890624999 0.040425931250000005 0.8356415578125 0.0367921671875 0.8202008765625 0.054652615625 0.8058211171874999 0.07403621406250001 0.81121674375 0.0894803609375 0.8463691078124999 0.06220058125 0.8072551406249999 0.10765580781249999 0.7947424375000001 0.1081661796875 0.7852214109375 0.0968063578125 0.7654005296874999 0.0968316078125 0.7613934265625 0.1110928546875 0.77716170625 0.12141465 0.7907899328125 0.12712446718749998 0.7950609328125 0.135565584375 0.7709872531249999 0.1287153984375 0.7659374234375 0.143019175 0.7775439015625001 0.154293934375 0.777644 0.1629051765625 0.7757769453125001 0.1817784015625 0.7643979671875 0.1900746453125 0.77386439375 0.196737425 0.7709000171875 0.2109561421875 0.755450234375 0.2280337484375 0.7618157859375 0.23717264375 0.761988684375 0.25204660625 0.7694151609375 0.26270865 0.749648878125 0.26743094218749996 0.7581180796875 0.27805045625 0.76555365625 0.2894953390625 0.7635683046875 0.2981916421875 0.7709401796875 0.304156646875 0.7690367265625 0.3198985109375 0.797335909375 0.3312756140625 0.80096458125 0.37420422656249996 0.8042345703125001 0.3796875 1 0.3796875 1 0 0.8819320265624999 0 0.881130175 0.0012586765625 0.8606689765625 0 0.8581420203124999 0
0 0.0889430125 0.7514589125000001 0.09324131249999999 0.76224855 0.1026349421875 0.762648609375 0.10678764375000001 0.76091280625 0.1107947453125 0.7466515578124999 0.10338646874999999 0.73755519375 0.091961990625 0.7419372375 0.0889430125 0.7514589125000001
0 0.09417326718749999 0.9321673859375 0.090029665625 0.9346860296875 0.088017015625 0.9410338140625001 0.092315315625 0.9518234515625 0.10797439375 0.9527511656249998 0.11630709531250001 0.9516280765625 0.1245943 0.9465907874999999 0.12239055000000001 0.936498928125 0.11711322500000002 0.9312317015625 0.10350319687500001 0.927087565625 0.09417326718749999 0.9321673859375
0 0.3381195359375 0.5588071796875 0.3423723359375 0.565682615625 0.3507414390625 0.5676908875000001 0.363254140625 0.567180515625 0.36840406875 0.5614879796875 0.3599439671875 0.5516513062499999 0.351547565625 0.5472945140625 0.34530941406250004 0.5491153796875 0.3381195359375 0.5588071796875
0 0.40222784687499996 0.4199135421875 0.39696872031249997 0.416211996875 0.39178239375 0.41877317343750003 0.3845288171875 0.422985090625 0.3837408875 0.44494714531249996 0.38597193750000003 0.457387525 0.3902247359375 0.46426296093749997 0.400642890625 0.4630548109375 0.40464089375 0.44801072499999994 0.40456809375 0.441748003125 0.40437699531250004 0.42530836250000004 0.40222784687499996 0.4199135421875
1 0.4390625 1 0.4390625 0.6773051015625 0.4333752984375 0.6763196031250001 0.397234809375 0.70833895625 0.3775140265625 0.7169754453125 0.3556531953125 0.7209999578125 0.36103061875 0.734878425 0.350739865625 0.7470463374999999 0.328860834375 0.7495051703125 0.3290155328125 0.7628134515625 0.3039082265625 0.7567886359375 0.287097221875 0.746509371875 0.2736054921875 0.75254215625 0.271729340625 0.7706325421875 0.28222939375 0.7764699515625 0.2781767890625 0.7868169968750001 0.263660534375 0.7944579921875 0.23868062656250003 0.7993929390625001 0.23152714687499998 0.8122160984375 0.2106999421875 0.8154152390625 0.1971445125 0.8159681437499999 0.17633550625 0.820732965625 0.18596573125 0.84148686875 0.1943712328125 0.8466265 0.2081268609375 0.86329608125 0.1905916265625 0.8804587515625 0.190728125 0.892201353125 0.1939655015625 0.9014678406249998 0.20352292656249998 0.9159590234374999 0.19743947343749998 0.931088171875 0.1861514921875 0.9472128156250001 0.1894980671875 0.9658733859375002 0.1782373859375 0.98434655 0.17319665625 0.9994331671874999 0.17242531562500002 1 0.4390625 1
0 0.2759033859375 0.41175151875000005 0.29468154062499996 0.4117687984375 0.30400236875000003 0.4059061375 0.29963127031250003 0.3888537796875 0.2735449375 0.3883513765625 0.265321434375 0.398868546875 0.2726933109375 0.40483355000000004 0.2759033859375 0.41175151875000005
0 0.5226551578125 0.44021339531250003 0.5258015328125001 0.44165148125 0.5352042609375001 0.4428343828125 0.549793315625 0.4414561078125 0.5475895671875 0.43136424843750004 0.5402267890625 0.426182084375 0.5329004140625 0.4241312828125 0.5266531624999999 0.4251693078125 0.5184205578125 0.4349036375 0.5226551578125 0.44021339531250003
0 0.63710924375 0.41439829531249994 0.6340538671875 0.420788609375 0.6309802906249999 0.42561324375 0.6258394640625 0.4320886203125 0.6332113406250001 0.4380536234375 0.64994954375 0.44207016718750003 0.6614195234375 0.441602325 0.6697158265625001 0.4373478765625 0.6685184015625 0.424082125 0.6579910515625 0.4158961953125 0.6506555734375 0.4130625515625 0.63710924375 0.41439829531249994
0 0.6337343609375 0.3796875 0.6367907484375 0.38699889062500004 0.6441444234375 0.39139821406249997 0.653437953125 0.383187034375 0.65397628125 0.3796875 0.6337343609375 0.3796875
0 0.4390625 0.6433418812499999 0.4551130375 0.64268720625 0.4613329890625 0.639300659375 0.47481561875 0.632485034375 0.46538559218750003 0.6289536124999999 0.45173916406250003 0.6216781171875001 0.439244659375 0.62375416875 0.4390625 0.6238764531250001 0.4390625 0.6433418812499999
1 0.4390625 1 1 1 1 0.52868626875 0.9869537812499999 0.5356242640625 0.9785391796875 0.5297017921875 0.9742772796875 0.5220435140624999 0.9617008765625 0.5170740078125 0.951128025 0.5049738749999999 0.9665869046874999 0.48867910625000005 0.95589575625 0.4664020546875 0.9299095218750001 0.4745108921875 0.9018196374999998 0.48113910937500004 0.8904224593750001 0.4878696734375 0.8768943296875001 0.490771096875 0.8727871281249999 0.49642110312500004 0.8581252750000001 0.49153665625 0.84149626875 0.49691419375 0.8416327671874999 0.508656796875 0.8354674140625 0.516740384375 0.8334456625 0.5223053265625 0.8240702343749999 0.5234709453125 0.8217663859375 0.5047678453125 0.7935127046874999 0.49730494218750004 0.7927065765625001 0.5177013171875 0.793831203125 0.524704346875 0.7635102687499999 0.5188921859375 0.773810121875 0.5075071140625 0.766365446875 0.4952793890625 0.746681065625 0.507047240625 0.7478329875 0.5163987921875 0.72385940625 0.5181598468749999 0.7070939015625 0.5117947828125 0.6892947734374999 0.5062550890625 0.6580767125 0.5130109015625 0.654005909375 0.5217922671874999 0.653090584375 0.5327945578125 0.6364160796875 0.5342578953125 0.64596440625 0.5479662390625 0.6261435234375 0.5479914890625001 0.6158800703125 0.5625079203125 0.5993420625 0.5757138609375 0.57759953125 0.5899152953125 0.5484396203124999 0.5942375249999999 0.5423197671875 0.6062353125 0.5299253625 0.6169226078125 0.501899178125 0.62903070625 0.47798929531249995 0.6362716421875 0.4634457421875 0.6415641171875001 0.45418861093749996 0.652906659375 0.4574714859375 0.666087346875 0.4390625 0.6705341140625001 0.4390625 1