0 0.441916540625 0.39662895468750003 0.438265171875 0.40889902187500005 0.4370367125 0.41615184843749997 0.44827650781250006 0.4194492140625 0.456179190625 0.41922984999999996 0.45947957031250003 0.40903201874999995 0.45993531093750006 0.401697515625 0.4544555359375 0.3968996421875 0.445182909375 0.39591953750000003 0.441916540625 0.39662895468750003
0 0.42193059843749997 0.38924313125 0.420455903125 0.393305928125 0.41799898437499994 0.40781158125 0.41856220000000005 0.41841778906249993 0.4245684578125 0.42010730937499996 0.4318739171875 0.4187701515625 0.438265171875 0.40889902187500005 0.441916540625 0.39662895468750003 0.44142406718749994 0.3902488953125 0.432677921875 0.3861604375 0.42193059843749997 0.38924313125
0 0.42723349062500005 0.0839500359375 0.419435559375 0.078907134375 0.4171174015625 0.0786621078125 0.4093902140625 0.07784535625 0.40384241875000004 0.0920243078125 0.3998400640625 0.10636661249999999 0.40402063593750004 0.1141911640625 0.41389048749999996 0.1162890625 0.42361885624999995 0.10993466249999999 0.42691923593750003 0.099736834375 0.42790145781250005 0.08929397812499999 0.42723349062500005 0.0839500359375
0 0.3926026234375 0.08872694375 0.3878615578125 0.09349915625 0.39109391875 0.102278153125 0.3965736921875 0.10707602812499999 0.406372803125 0.104947778125 0.40956842968749996 0.10001221406250001 0.41149886562500004 0.08861491406250001 0.40594834999999996 0.079590890625 0.3981164078125 0.0840364046875 0.3926026234375 0.08872694375
1 0 0 0 0.4796875 0.2658184828125 0.4796875 0.26676646875 0.4740905921875 0.27572211874999997 0.46765451718750006 0.285309 0.4528478234375 0.3022693609375 0.41772714375 0.306905675 0.41821719531249996 0.30964556249999997 0.4206161328125 0.31744077187499997 0.40245605937500006 0.3274861171875 0.40351783750000003 0.3387966546875 0.4110413515625 0.34803255 0.39830689375 0.3397761546875 0.3773955203125 0.3530511390625 0.364033321875 0.3655901359375 0.36430400625 0.3753525140625 0.34846119375 0.37127669218750003 0.335374375 0.355680828125 0.3252885734375 0.3571895328125 0.3117373625 0.35128802812500004 0.3047855765625 0.36371955 0.287115553125 0.358695515625 0.274983178125 0.3537762328125 0.257588534375 0.363397125 0.23329342656250002 0.364733059375 0.243981309375 0.37923922499999996 0.2465692578125 0.38805338906250003 0.2316808890625 0.37821754687500003 0.22009457812500002 0.3798677375 0.21499566250000002 0.38527676875 0.21556739062500002 0.3956363703125 0.200842371875 0.3900123890625 0.1643892265625 0.3904681296875 0.1570547234375 0.3810540171875 0.14762232343749998 0.37213510156249996 0.167772959375 0.3706576828125 0.14863278124999998 0.3762394875 0.124965415625 0.377535965625 0.0987357609375 0.3828035140625 0.09085519375 0.37823521875 0.071388315625 0.38069213749999997 0.0568826625 0.3652010265625 0.04153459375 0.37461241562500003 0.02776401875 0.3591553140625 0.0029275359375 0.3572588875 0.004836421875 0.3437009359375 0.00129403125 0.3438314453125 0 0 0
0 0.8222901437499999 0.139373409375 0.8204287656249999 0.1230464546875 0.8114611937499999 0.1158946671875 0.7977849640625 0.1256161796875 0.7974152515625 0.14418888125 0.8114643953125 0.143192284375 0.8222901437499999 0.139373409375
0 0.5588624 0.47414900624999995 0.564446928125 0.47368461406250006 0.5702409578125 0.4626956921875 0.57080145 0.450098925 0.5612825875 0.445928790625 0.5542233640625 0.4504559796875 0.5517664453125 0.4649616328125 0.5588624 0.47414900624999995
0 0.5191993296875 0.3971846109375 0.5224656984375 0.39647519375 0.5259415734374999 0.3852412453125 0.525307615625 0.370408890625 0.51301485625 0.3733282328125 0.5050441515624999 0.3925244265625 0.5113673890625 0.40163012187499997 0.5191993296875 0.3971846109375
0 0.6333304453124999 0.2341732859375 0.6370892875 0.23984392968749998 0.645342959375 0.2375523296875 0.6493820484375 0.2369245859375 0.653279653125 0.22784454843750002 0.6538061359375 0.2247361953125 0.6490283359375 0.2157938484375 0.6369818125 0.22190322031249998 0.6333304453124999 0.2341732859375
0 0.610259075 0.2728667109375 0.599616503125 0.270687140625 0.5972276046875 0.266215965625 0.5873237437500001 0.27360648125 0.58599053125 0.286121575 0.5946319250000001 0.2954723 0.6022883718750001 0.29206290468749996 0.6043602921875 0.2891179015625 0.608855121875 0.28115565625 0.610259075 0.2728667109375
0 0.7378746765624999 0.0859686578125 0.7314126796875 0.0916136390625 0.729903975 0.10516485 0.7391425921874999 0.115633365625 0.7437789046875001 0.11612341718750001 0.7541385078125 0.1013984 0.7503796640625 0.09572775781250001 0.7409655531249999 0.086295359375 0.7378746765624999 0.0859686578125
0 0.7425504453125 0.1233762453125 0.735454490625 0.11418887343749999 0.7281830421875 0.1060376171875 0.7229862375 0.1181443328125 0.731873865625 0.1306850859375 0.7371781453125 0.13651908125 0.7514407984375 0.1591199734375 0.756286615625 0.1490854921875 0.7502436250000001 0.1336814125 0.7425504453125 0.1233762453125
1 0.4890625 0 0.4890625 0.3473890375 0.4910250140625 0.3499105859375 0.49052981874999996 0.32032755156250003 0.5044387593749999 0.32179770625000004 0.5157125640625 0.315606659375 0.528005325 0.3126873171875 0.5345407875 0.3344714578125 0.5487639843750001 0.320154815625 0.5551552390625 0.3102836875 0.5585943796875 0.28533517656249996 0.549460515625 0.2696043921875 0.5555007828125 0.2618055 0.5733073265625 0.25419561874999996 0.5893221984375 0.24323235625 0.6086769046875 0.2589888 0.628628834375 0.2758630375 0.65855536875 0.28957290625 0.68310688125 0.2932226328125 0.6670525546875 0.267268359375 0.6492092765625 0.261163678125 0.637055278125 0.24933234375 0.6225463890625 0.22354141875 0.6514485234375 0.18757363437500002 0.6649670203125 0.1541984890625 0.6699175890625 0.13890174375 0.6755701359375 0.1194605234375 0.6707215953125 0.10629202812500001 0.678341309375 0.0891680734375 0.6862099828125 0.098437121875 0.7077413609375001 0.10598629531249999 0.71244569375 0.08749951875 0.6991679875 0.0776587453125 0.7145856343749999 0.0655776890625 0.718695465625 0.06917609375 0.73320163125 0.07176404374999999 0.733866875 0.0539050109375 0.733020690625 0.026394212500000003 0.735653103125 0.010852440625 0.73151628125 0 0.4890625 0
0 0.7052946796875 0.30618392656250004 0.6972165015625 0.3074394078125 0.6964097718750001 0.316846146875 0.6988354046875 0.33503188281249996 0.7137265671874999 0.32605918125 0.7123906343749999 0.3153712984375 0.7052946796875 0.30618392656250004
0 0.24299491875 0.9484923640625 0.2481917234375 0.936385646875 0.25542644062500003 0.930822340625 0.24229021875 0.9294338609375 0.24070804843750002 0.9155559484375001 0.23750969687499998 0.8972885390624998 0.23055522812499998 0.8965534609375 0.2286615234375 0.921665321875 0.227608559375 0.9278820296875001 0.22307699687500002 0.9221297109375 0.22346471874999999 0.9337720375 0.2247299109375 0.9402337718750001 0.22940295625 0.9544383843750002 0.2304926546875 0.9619362375 0.23762261875 0.9616351968749999 0.24299491875 0.9484923640625
0 0.2622285359375 0.8302932234375 0.2600518625 0.8385004921875 0.260790571875 0.84807058125 0.26353045937499997 0.85046951875 0.267218559375 0.8519140125 0.273154075 0.8493773859375 0.27670069062499997 0.842369584375 0.2800010703125 0.8321717546875 0.27452129531249997 0.8273738796875 0.266372375 0.8244032156250001 0.2622285359375 0.8302932234375
0 0.067432621875 0.8054848984374999 0.0719641828125 0.8112372156250001 0.08134156249999999 0.8069550546875 0.085063671875 0.7989111359375001 0.0868186140625 0.7885499546875 0.087871578125 0.7823332453124999 0.081092603125 0.7805620484375 0.0666571796875 0.7822002484375 0.0666939109375 0.795914809375 0.067432621875 0.8054848984374999
0 0.1928144234375 0.7385828390625 0.1974507375 0.7390728921875 0.2016653203125 0.7374090328125 0.204509959375 0.7345457046874999 0.2077055875 0.729610140625 0.2085830578125 0.7244295484375 0.20577242812500002 0.7178044640625 0.2032080359375 0.7143694078125 0.19625356562500001 0.7136343296875 0.18972082343750002 0.715053165625 0.1876489046875 0.71799816875 0.184348525 0.7281959984374999 0.18508723437500002 0.7377660875000001 0.18540421406250002 0.7451822640625 0.1928144234375 0.7385828390625
0 0.292096553125 0.6446647296875 0.2896736453125 0.6496819703125001 0.28809419687500004 0.6590070328125 0.2963846015625 0.6704299921875 0.3050600046875 0.670292303125 0.311872990625 0.662575084375 0.3127844703125 0.6479060796875 0.3109927953125 0.6445527 0.3001747328125 0.643409246875 0.292096553125 0.6446647296875
0 0.23825791093749998 0.6885434390625 0.228563553125 0.685409421875 0.22469995781250002 0.685001046875 0.22220630625 0.6857921390625 0.21890592656250002 0.6959899703125 0.21820395 0.7001344406250001 0.2194691421875 0.7065961765625 0.2249489171875 0.7113940515625 0.2318326453125 0.70790298125 0.23699544062500003 0.7052846781250001 0.2391721140625 0.6970774093750001 0.23825791093749998 0.6885434390625
0 0.35208021562499997 0.5877248625 0.3457937125 0.5923337265625 0.3389807265625 0.60005094375 0.3403166609375 0.6107388265625 0.3495892875 0.6117189296875 0.357316478125 0.6125356828124999 0.36240853125 0.60569123125 0.3634614953125 0.5994745234375001 0.36135284375 0.5887049656250001 0.35208021562499997 0.5877248625
0 0.46847508437499996 0.559950265625 0.47005453125 0.550625203125 0.46871859687499995 0.5399373203125 0.466154203125 0.5365022640625 0.45421243125000005 0.5373493734375 0.44929587031249996 0.5431577046875 0.44771642343750007 0.5524827671875 0.45137051406250006 0.5634156765625 0.45607757031249996 0.568131875 0.46225932187499996 0.568785278125 0.4655256921875 0.5680758609375001 0.46847508437499996 0.559950265625
1 0 0.4796875 0 0.728815828125 0.00019790468749999998 0.7287702234375001 0.0193743953125 0.7223598093750001 0.021692551562500002 0.7226048359374999 0.039535828125 0.7287095156250001 0.057166879687500005 0.7221357515625 0.0679142015625 0.7190530578125001 0.0790492453125 0.7276126890625 0.0828448203125 0.74699789375 0.0882905859375 0.7612841828125 0.0946818421875 0.7514130531250001 0.09587356875 0.730445665625 0.10809558749999999 0.7233001734375 0.1143480796875 0.7281797234375 0.129205234375 0.7286954359375001 0.1442718921875 0.7186866171874999 0.155545696875 0.71249556875 0.1718068046875 0.7047223375 0.18452129687500002 0.70395690625 0.198710484375 0.699128678125 0.2051357484375 0.679769134375 0.21328466875 0.6827397984375001 0.227193609375 0.6842099546875 0.2315836859375 0.6815099765625 0.2414875484375 0.6741194593750001 0.24380298125 0.6511615109375001 0.2404291375 0.63393021875 0.2527926390625 0.6352370234375 0.2629794703125 0.6447510968750001 0.2816634859375 0.6319606249999999 0.29711786562500003 0.63359413125 0.30948136875 0.6349009375 0.3272539046875 0.63677946875 0.3338573859375 0.6395867828125 0.353984809375 0.6554249015625 0.3667700453125 0.6588856171875 0.36083180625 0.6382192703125 0.34112611249999997 0.6245350625 0.32725118124999997 0.6135764921875 0.333993425 0.6016331265625 0.3417546234375 0.5929614671875 0.3527821921875 0.583580390625 0.3519019984375 0.5655580046875001 0.36577420625 0.5533136 0.37079551875 0.5422430015625 0.378941715625 0.5220106906249999 0.38020418437500003 0.50526945 0.383433821875 0.49084547343749996 0.392075215625 0.5001961953125 0.399275921875 0.504121303125 0.40752959375 0.5018297015625001 0.4182769171875 0.498747009375 0.429411959375 0.5073066390625 0.44023002499999997 0.5084500937499999 0.4428624375 0.492908321875 0.43826013281250004 0.48292985625 0.43404222031249995 0.4796875 0 0.4796875
0 0.91202825625 1 0.9122236062500001 0.9996351609375 0.9003904531250001 0.9868601250000001 0.8944337499999999 0.9997341625 0.8945165296875001 1 0.91202825625 1
0 0.8657270046875001 0.93647875 0.8703440875 0.92375790625 0.8605200625 0.913913625 0.8481317984375 0.9192086140625001 0.8405461390625 0.9349178921875 0.8465951546875001 0.9476654046874999 0.8594687375 0.95103596875 0.8657270046875001 0.93647875
0 0.8382606078125001 0.96117400625 0.8312002359375 0.941635215625 0.825700696875 0.9256435734374999 0.8192853546875 0.915058865625 0.8096825703124999 0.9184467890625001 0.8111502156249999 0.9340122671875001 0.8160621953125 0.938934425 0.8237239484375 0.9518523625 0.8382606078125001 0.96117400625
0 0.7085974453125 0.9627991140625 0.7109808875000001 0.9729577218750001 0.718604559375 0.9715620671874999 0.7276936390625 0.961515390625 0.7313211328125 0.9497906890625 0.72472263125 0.94028734375 0.71233430625 0.9455823234375 0.7085974453125 0.9627991140625
0 1 0.8147606953125 0.9956133968749998 0.8093131046875 0.9809154687500001 0.8088602765624999 0.9795239125 0.82192205625 0.9895310953124999 0.8306849749999999 1 0.8339014453125 1 0.8147606953125
0 0.9952804203125 0.7773564921875 0.9898546093749999 0.7657756109375 0.9809844609375 0.76483805 0.9763520890624999 0.7818213281249999 0.9854587609374998 0.7917287046875 0.9934488203124999 0.788170275 0.9952804203125 0.7773564921875
0 0.9647521937499999 0.8170584984375001 0.9714601312500001 0.8210697249999999 0.9819003078125 0.8278000296875 0.9803659906250001 0.812104403125 0.9738031421875 0.7926981640624999 0.9621832187500001 0.783764821875 0.9491717453125 0.7878932171875 0.95082255625 0.8023772921875001 0.9555514374999999 0.8083808187500001 0.9647521937499999 0.8170584984375001
0 0.9543430453124999 0.8203611937499999 0.9515195468750001 0.8079546515625001 0.9388006125 0.8055095171875 0.9265598546875001 0.8196260328125 0.929566509375 0.8309512124999999 0.9417359031250001 0.8366404703124999 0.9510719562500001 0.8341701765625 0.9543430453124999 0.8203611937499999
1 1 0.4796875 0.4890625 0.4796875 0.4890625 0.8028973015625 0.5055251921874999 0.8145245843750001 0.5149828359375 0.8265316234375 0.5264196546875 0.8365463734375 0.5327256203124999 0.852623234375 0.5460677109375001 0.8562349156250001 0.550247046875 0.8654826046874999 0.5686463234375 0.8586214421874999 0.5805231187500001 0.8708842265625 0.599069840625 0.8728445890625001 0.5984846484374999 0.8859915984375 0.5865364265624999 0.893534584375 0.5882253109375 0.9223322890624999 0.6007966796875 0.9159558875 0.6168861640625 0.9033469406249999 0.6247311984375 0.9151835296874999 0.634115053125 0.922779821875 0.6459896140625 0.9108260828125001 0.65563041875 0.9217517390625 0.66336595625 0.93908044375 0.6794554406250001 0.9264714953125001 0.6719768515625 0.91247215625 0.6791224625 0.8945149015624999 0.6955806375 0.9039596624999999 0.6940796453125 0.9225135640625 0.7065416375 0.9216292921874999 0.7330783562500001 0.9200312390625001 0.74432964375 0.9069108984375 0.7630595281250001 0.9077898781249999 0.772736040625 0.908812671875 0.7931143625 0.899959253125 0.79820950625 0.903800009375 0.8121724953125 0.8843618156249999 0.8246701312500001 0.8735747187499999 0.83471539375 0.8966512484375 0.8370583984375 0.8682797109375 0.8430336984375 0.8766164218749999 0.8513900703124999 0.8708952875 0.8550532734375 0.8492677234375 0.8663425796875 0.8504609875 0.8666374859375001 0.8681039296874999 0.878440615625 0.8759559781250001 0.8903887796875001 0.8684129640625 0.9014212046875001 0.866276828125 0.8983764671875001 0.8406380812500001 0.8895776796875001 0.8198947656250001 0.9016352734375002 0.8068596515625 0.9187143484375 0.7932545359375001 0.9455793671875 0.775180134375 0.9746066031249999 0.754032028125 0.9978060578125 0.7333686546875 1 0.72718956875 1 0.4796875