0 0.47005655312499994 0.328956146875 0.47143974687499995 0.339705578125 0.48603443124999995 0.341553209375 0.49347431875 0.33125289375 0.49565696406250004 0.3217896984375 0.48782791562499994 0.311448640625 0.47290188593750004 0.3128983234375 0.47005655312499994 0.328956146875
0 0.4257138796875 0.3730975171875 0.4252226453125 0.38043735624999997 0.4325373328125 0.38854277812500004 0.43898318906249995 0.38813440312499997 0.4474517984375 0.3823053578125 0.4501488046875 0.375077796875 0.44606860781249996 0.371555925 0.43707407187499997 0.3703615984375 0.4257138796875 0.3730975171875
0 0.12317255 0.5296875 0.1264652140625 0.52210106875 0.112201871875 0.5169561234375 0.0933902265625 0.525204621875 0.0921236015625 0.5296875 0.12317255 0.5296875
0 0.4832469171875 0.38154971875 0.47302908125 0.36556343281250003 0.468594415625 0.3557634015625 0.46365695156250003 0.3485154703125 0.4515878171875 0.33869506718750003 0.4439649109375 0.343462434375 0.43873079375 0.3538750296875 0.43687949374999996 0.3600409109375 0.45200010312499994 0.3689119140625 0.465760646875 0.37660896250000003 0.47122403437499993 0.390880265625 0.492950390625 0.39530036874999996 0.4937845328125 0.3894509546875 0.4832469171875 0.38154971875
0 0.30811468125 0.5015198437499999 0.3225379140625 0.5026222625 0.3365951109375 0.492658784375 0.3318175359375 0.48136832656250006 0.3129827640625 0.48004135000000003 0.3057143296875 0.49108687812499996 0.30811468125 0.5015198437499999
1 0 0 0 0.5200825921875001 0.014999664062500001 0.5208461125 0.0311143046875 0.519825175 0.041274323437499996 0.5118727734374999 0.055343084375 0.50669703125 0.0668747328125 0.5047063234375 0.0880867296875 0.50689079375 0.096921371875 0.512127646875 0.1137218265625 0.5140875546875 0.13355063125 0.5055225921875001 0.150510978125 0.5034399765625001 0.18071750625 0.506818771875 0.1791512984375 0.4905363921875 0.175745353125 0.48520762968750003 0.190157021875 0.48152231093750003 0.20765485468749997 0.49125080624999995 0.22242099375 0.49384364999999997 0.2353127078125 0.4930269 0.23816959999999998 0.48175681406250004 0.26140435 0.47852061093750003 0.269747759375 0.4910973046875 0.293290725 0.4749883125 0.2922388765625 0.46094156875000003 0.3097020203125 0.45630685 0.32054785468749997 0.45133529687499996 0.3091529703125 0.43970800312499997 0.3026839875 0.430540903125 0.3167411859375 0.42057742343750004 0.3284674140625 0.42890740312500003 0.34964471874999997 0.41672865937500003 0.3511531109375 0.40907235468750003 0.3738735 0.4036005171875 0.392170784375 0.39311638437499996 0.41756505 0.3708415109375 0.43447914374999996 0.3496079453125 0.4524219578125 0.3328456515625 0.439998353125 0.31674708749999997 0.45351806406249995 0.2949724984375 0.452809121875 0.2824161765625 0.466534978125 0.2757500109375 0.47606699687500004 0.2887554484375 0.493530140625 0.2841207328125 0.5059074921875 0.28106834687500004 0.5191074234374999 0.26737880937499997 0.52450143125 0.2529236875 0.51532388125 0.24619641093750003 0.49989505625 0.2501981953125 0.50563196875 0.23723349843750002 0.5127289515625 0.2254427578125 0.5096427875 0.2120289453125 0.5240660187499999 0.213131365625 0.5425578843750001 0.21296791874999998 0.5179283796874999 0.2006669515625 0.5338253140625 0.179749853125 0.552636959375 0.1715013546875 0.550556390625 0.1529833390625 0.5532302671875 0.136180303125 0.5435499203124999 0.132005128125 0.5462237984375 0.11520209374999998 0.5517545687500001 0.0871289734375 0.544096975 0.07753312812499999 0.5411822640625 0.0648645265625 0.529639053125 0.062067496874999996 0.5302901765625 0.05068513125 0.5411475734375 0.050501315625 0.5394214765625 0.038261459375 0.5293866578124999 0.0278081234375 0.5234320343750001 0.020876659375000002 0.5407121609375001 0.010708992187499999 0.536180634375 0 0 0
0 0.97270350625 0.2496557234375 0.984714825 0.235537440625 0.9853775125 0.2289428140625 0.9836745406249999 0.22627843281249999 0.9728171437500001 0.22646225000000003 0.9651942390624999 0.2312296171875 0.9616515296875001 0.2395188546875 0.9640518796875 0.24995182031250002 0.97270350625 0.2496557234375
0 0.8773872875000001 0.2617430421875 0.8779132125 0.2687664140625 0.88437063125 0.2731457765625 0.8957308265625 0.270409859375 0.900279128125 0.2570164171875 0.8880501046875 0.2512385375 0.8773872875000001 0.2617430421875
0 0.8169279765624999 0.2358345 0.8192820734375001 0.22711651718749998 0.8160360171875001 0.21774522968749999 0.801452896875 0.2206853359375 0.793155740625 0.22725959375000002 0.792516178125 0.2434296953125 0.8018536203125001 0.246114446875 0.81100804375 0.24326624843750003 0.8150766765625 0.2420003828125 0.8169279765624999 0.2358345
0 0.8089581734374999 0.096969746875 0.82034149375 0.103809303125 0.8330270640624999 0.087884128125 0.8314839812500001 0.08117722187500001 0.8292666484375001 0.07627720625 0.8214607265625 0.0755116234375 0.8180663453125 0.0749706 0.8056889921874999 0.078022984375 0.7992662625 0.0880068359375 0.8089581734374999 0.096969746875
0 0.7153162234375 0.3105707796875 0.6946301515625001 0.315409684375 0.6956819984375 0.3294564296875 0.7060481609375 0.336612453125 0.7158883984375001 0.3367451015625 0.7304599578125 0.3290172578125 0.72669954375 0.317410334375 0.7153162234375 0.3105707796875
0 0.66573943125 0.36512474375 0.6562536625 0.37127025625 0.6552596312500001 0.38116219687499997 0.647636725 0.3859295640625 0.661214253125 0.3880936609375 0.6708714734375001 0.3826933625 0.68103149375 0.374740959375 0.67931695625 0.3672888421875 0.6726880828125 0.3621642671875 0.66573943125 0.36512474375
1 0.559375 0 0.559375 0.4263097625 0.568333075 0.42497715625000004 0.5778188421875 0.4188316453125 0.5806872984375 0.4123492984375 0.6101848875 0.40317177187500003 0.6276249046875 0.388961578125 0.64184199375 0.374955575 0.6553848312499999 0.362756459375 0.666562009375 0.354487590625 0.6850885625 0.3686873578125 0.6988837953125 0.3907476171875 0.7194331046875 0.3995267109375 0.733696446875 0.40467165625 0.7353531656250001 0.3881850890625 0.7346326609375 0.37084102812499997 0.716963375 0.360367321875 0.7076028078125 0.3481070953125 0.6872249531250001 0.3400732125 0.673452846875 0.327588428125 0.6878066984375 0.29996442343749996 0.692697909375 0.28806140468749997 0.700137796875 0.2777610890625 0.710835303125 0.281619796875 0.7272812890625 0.2773015453125 0.757281675 0.26557191874999997 0.7564012796874999 0.252270384375 0.7416351406249999 0.2496775421875 0.74006893125 0.23339515937500002 0.7432802953125 0.22840323593749998 0.745782721875 0.2108549890625 0.7685146734374999 0.21017088906249998 0.750171134375 0.201504071875 0.7589595250000001 0.1875899765625 0.7856233453125 0.199258009375 0.8056351671875 0.1962259953125 0.868620028125 0.21416176406249998 0.812400803125 0.18773257031249999 0.7893143828125 0.18213850781250002 0.76605650625 0.175799234375 0.7673703187500001 0.15782224375 0.7721016390625 0.1499617515625 0.7703871031249999 0.1425096328125 0.7688208953125001 0.1262272515625 0.775403515625 0.1122008765625 0.7807975234375 0.09774575625000001 0.77516268125 0.082729240625 0.77614515 0.0680495609375 0.76731050625 0.06281270781250001 0.7603271640625 0.0514099734375 0.7618239921875001 0.0389659296875 0.76128650625 0.027154818749999997 0.756017696875 0.023204203125 0.7727719000000001 0.0060131625000000005 0.7692820031250001 0 0.559375 0
0 0.424874628125 0.841981846875 0.4358326453125 0.8338751140625 0.43880388281249993 0.82449538125 0.43680038281250005 0.8213608156250001 0.43060178593750004 0.8167130312499999 0.4142384078125 0.8180462281249999 0.40808062187500005 0.8302963390624999 0.41169779999999995 0.8404446609375 0.424874628125 0.841981846875
0 0.5174998937499999 0.7652501812500001 0.5087062703125 0.7604703046875001 0.49734483437500004 0.7668235984375 0.4943872015625 0.7818359609375 0.513937128125 0.7776323875 0.5174998937499999 0.7652501812500001
0 0.268620153125 0.770343878125 0.2600554484375 0.777705984375 0.2628657875 0.784347428125 0.269467803125 0.790748653125 0.277454584375 0.7920216531250001 0.28283273750000004 0.787529925 0.28920583906249997 0.781789165625 0.2891922328125 0.7761565328125 0.2877802625 0.77001949375 0.2805867203125 0.7666207437500001 0.268620153125 0.770343878125
1 0.559375 0.5296875 0 0.5296875 0 0.78557706875 0.009543803125 0.7971647046875 0.03176139375 0.79424496875 0.051476559374999994 0.8088734796875 0.06724829375 0.8063621187500001 0.0787683796875 0.7995836734375 0.07851797968749999 0.8363951484375001 0.085844228125 0.8492883093750001 0.11057580781250001 0.8336080640624999 0.1446795140625 0.8349757828125 0.1649764265625 0.8094955031250001 0.1645988296875 0.79364186875 0.190896615625 0.7942440046874999 0.215662884375 0.7929269703124999 0.22784565781250002 0.7795538984375 0.2257882125 0.7706113562500001 0.257491571875 0.761546109375 0.293754796875 0.7438751578125 0.3077888703125 0.7243362046875 0.3294920984375 0.7191808328125 0.3611049484375 0.7428845359375 0.38117458437499996 0.7637912078125 0.39336892031250004 0.7552058718750001 0.3936540109375 0.7327576109375 0.38393897187500003 0.714219221875 0.37424706093750004 0.7052563109375 0.392555909375 0.6995599140625 0.42950495 0.6848698093750001 0.43606444375000003 0.661267959375 0.4462013359375 0.643740084375 0.48718431874999996 0.6134209015625001 0.523767325 0.5876648984375 0.52542404375 0.5711783296874999 0.559375 0.569027378125 0.559375 0.5296875
1 0.559375 0.5296875 0.559375 0.8840705265625001 0.56713774375 0.8820854562499999 0.5739033796874999 0.87359203125 0.5743946140625 0.8662521921874999 0.5718459375 0.8646494890625 0.5876061078125 0.8573503921875 0.5870917484375 0.8551147562500001 0.60340096875 0.8644145046875 0.617115259375 0.8529606015625 0.6070804421875 0.842507265625 0.6179262750000001 0.8375357125 0.6309778781250001 0.8326764375 0.6377666421875 0.8337584859374999 0.64829269375 0.8368719812500001 0.6620069859375001 0.825418078125 0.6706586125 0.8251219843750001 0.6800076171875 0.8325944734374999 0.6898478546875 0.8327271218749999 0.6956310218749999 0.838913375 0.71140275625 0.8364020125 0.7169913453125 0.8322675796875 0.722899715625 0.82004809375 0.7196536609375 0.81067680625 0.7240305109375 0.796538153125 0.7365793171874999 0.7942309796875 0.75388256875 0.7936387874999999 0.7781691671875001 0.8044493312500001 0.8051643296875 0.8128200515625 0.8085355859375 0.8037856015625 0.7874719171875 0.7927708703125 0.767242390625 0.7759067234374999 0.7614592203124999 0.769720471875 0.7818023875 0.7633911421875 0.7974026671875001 0.7601345703125 0.815528496875 0.7489052265625 0.8332998593750001 0.73139771875 0.8436313312499999 0.72419053125 0.8505799859375 0.721230053125 0.8534946953125001 0.7338986546875 0.868923521875 0.72989686875 0.875689159375 0.7214034437500001 0.8739630609375 0.7091635875 0.8612428015625 0.71072555 0.85665980625 0.7097557796875 0.8617224718750001 0.6985979734375001 0.8606821874999999 0.6893389640625001 0.8584532906250001 0.6796512109374999 0.8587615062499999 0.6667784234375 0.8636642812499999 0.6596631421875 0.8733215031249999 0.6542628421875 0.876567559375 0.6636341296875 0.8816649125 0.666839534375 0.892853653125 0.6633584046875 0.8957105484374999 0.65208831875 0.8911159921875 0.6463308109375 0.9063618015625 0.6367960781249999 0.9075157218750001 0.6228616109375 0.8966236375 0.608682215625 0.8930462374999999 0.6026082421875 0.9023605515625001 0.59571751875 0.920155040625 0.5877854874999999 0.9303150578124999 0.5798330859374999 0.9262232984375001 0.5715234765625 0.93213166875 0.5593039921875 0.9317656359375001 0.5482380921875001 0.9388626171875 0.536447353125 0.9353592703124999 0.5296875 0.559375 0.5296875
0 0.7798972609374999 0.8877600359375 0.772114465625 0.896569928125 0.7682172859375 0.89858100625 0.7541485234375 0.9037567484375 0.755188809375 0.9130157562499999 0.7616462296875 0.91739511875 0.7796352953125 0.919783775 0.79595608125 0.9338712609375002 0.8005159468749999 0.92526555625 0.783349459375 0.912239746875 0.7885951406249999 0.9066148890625 0.7980809078125001 0.9004693781249999 0.8038293859374999 0.89229241875 0.7988919234375 0.8850444875000001 0.7798972609374999 0.8877600359375
0 0.881304865625 0.86898618125 0.8835337625000002 0.8786739359375 0.8915111359375001 0.88018473125 0.9069284015625 0.871395209375 0.907933996875 0.8662910046875 0.9014650140625001 0.857123903125 0.8870533437500001 0.8608092234375 0.881304865625 0.86898618125
0 0.7564563671875 0.8758878156250001 0.7499758203125 0.8619329765625 0.740809834375 0.8599934375 0.7362384046875 0.8638114046875 0.7374501421875 0.873815625 0.7401934015625 0.8857390140625 0.7464909296875 0.8941609015624999 0.759028171875 0.8870659906249999 0.7564563671875 0.8758878156250001
0 0.9491055718750001 0.6330799625 0.9516195609375 0.620319453125 0.9443164375 0.6170017671875 0.9220988468750001 0.6199215031249999 0.9161904765625 0.6321409906250001 0.92792826875 0.6452587046875 0.9370826921875001 0.6424105078125 0.9491055718750001 0.6330799625
0 0.95100113125 0.57499418125 0.9688071812499999 0.5718498875 0.970818371875 0.5616414796875 0.9691153984374999 0.5589770984375 0.9648521859375 0.549922278125 0.9568748109375 0.548411484375 0.945183271875 0.5544447171875 0.9428291734375 0.5631627 0.95100113125 0.57499418125