0 0.178399603125 0.0842010265625 0.1864898828125 0.078049525 0.19263311875 0.064215471875 0.1835309484375 0.0617719875 0.1808118015625 0.053971662499999996 0.17288457343750002 0.0590929578125 0.16727365 0.06456756875 0.1653170296875 0.0769300703125 0.1688082765625 0.0848481671875 0.178399603125 0.0842010265625
0 0.21875 0.14259793125 0.215441334375 0.1299442375 0.2173548 0.1228505515625 0.21260229375 0.1179053078125 0.2040660171875 0.12187861874999999 0.20231560312500002 0.127942096875 0.2034473890625 0.140775690625 0.2083629453125 0.14469072656249998 0.21875 0.14315180624999999 0.21875 0.14259793125
1 0 0 0 0.55 0.15781468125 0.55 0.1563638125 0.5281935671875 0.174131734375 0.51085729375 0.19031229375 0.498554290625 0.19312733437500001 0.47577193125 0.2113844109375 0.4553450328125 0.21428576562499999 0.4220250421875 0.213480084375 0.407131034375 0.20100656093749997 0.40100805624999997 0.20349549687500001 0.38028611562500003 0.20460328125 0.35829841875 0.21212766875 0.3457301203125 0.21875 0.341259671875 0.21875 0.258123409375 0.21639575312499998 0.25880954218749996 0.2052266453125 0.2444448984375 0.20344265312499998 0.2357321390625 0.21085672500000002 0.1988801796875 0.20226286718750003 0.153255965625 0.193779325 0.131915409375 0.199759509375 0.11911156406250001 0.21875 0.10857708125000001 0.21875 0.07801104375 0.21278450312500002 0.0767849921875 0.1982680421875 0.09356215 0.1762367703125 0.10286255312499999 0.15709727499999998 0.0988880171875 0.1445038578125 0.08852643593750001 0.13609705156250002 0.07669330156250001 0.124515525 0.07492670625 0.12558015 0.058207825000000005 0.1432617578125 0.051409182812499996 0.1435974390625 0.029303712500000002 0.1382454625 0.003165434375 0.11576819375 0.0102876453125 0.10694896875 0.0110525609375 0.096345753125 0.0031047140625 0.0847642234375 0.0013381187500000002 0.08525467656249999 0 0 0
0 0.6105274515625 0 0.6101694562500001 0.0030307750000000003 0.616051759375 0.009838204687500001 0.6258058796875 0.01217035 0.6295818343749999 0.00430323125 0.63210300625 0 0.6105274515625 0
0 0.7137618765625 0 0.713652640625 0.0001672546875 0.7161067828125 0.0132798234375 0.7247212078125 0.018815375000000002 0.7318124453125 0.013986871875000001 0.7332477171875 0.0049184171875 0.7336120125 0 0.7137618765625 0
0 0.6647091328125 0 0.663629415625 0.0010536109375 0.6598188406250001 0.013136996875000001 0.6689205625 0.0195912046875 0.6764958578125 0.025096834374999998 0.6882370843750001 0.017471790625 0.6931527328125 0.0064012968749999994 0.6883283359375 0 0.6647091328125 0
0 0.6586019624999999 0.0408135625 0.6489437015624999 0.0418732859375 0.6451677453125 0.0497404078125 0.6432451734375 0.0578902328125 0.6480224 0.063684771875 0.6616483375 0.0615416671875 0.66334456875 0.050824395312500006 0.6586019624999999 0.0408135625
0 0.6269296796875 0.0410482859375 0.6355787234375 0.0423675734375 0.644749684375 0.040389221875 0.652623796875 0.0306142953125 0.6606078234375 0.02056318125 0.6612461703125 0.020109178125 0.6615763625 0.0100278640625 0.6528927 0.012924840625 0.644435428125 0.0183892703125 0.6304180078125 0.023005576562499998 0.6241709359375001 0.030495765624999997 0.6269296796875 0.0410482859375
0 0.685329540625 0.1757583421875 0.67878689375 0.1891136125 0.68118881875 0.197923078125 0.6898032421875 0.2034586296875 0.6977386421875 0.2012918421875 0.7009313921875 0.1891142203125 0.6989209062499999 0.17783150781249998 0.694370021875 0.174604415625 0.685329540625 0.1757583421875
0 0.704334578125 0.2115854078125 0.717151021875 0.2025642984375 0.7202132921875 0.1912110703125 0.714722428125 0.1819304265625 0.7040895671875 0.1811528671875 0.697059565625 0.1935895328125 0.6969557578125001 0.2062383328125 0.704334578125 0.2115854078125
0 0.7670693125 0.1949810640625 0.7766583859375 0.2023538765625 0.789831584375 0.19507593750000002 0.79452090625 0.1814379046875 0.7898741609375 0.17481894375 0.78073780625 0.172581090625 0.7758914 0.1752190265625 0.7681477703125 0.184169528125 0.7670693125 0.1949810640625
0 0.6646394453125 0.39043403906249996 0.6553113265625 0.381412440625 0.6448089484375 0.379810453125 0.63933676875 0.398394815625 0.6462895734375 0.41043140468750006 0.6566268562500001 0.4170740515625 0.6626130171875 0.41123265781249996 0.669477915625 0.403836709375 0.6646394453125 0.39043403906249996
0 0.666514184375 0.5025143328125 0.67776701875 0.5116824609374999 0.6855005000000001 0.5104763250000001 0.6893110734375 0.49839294062499995 0.6832369953125 0.484801828125 0.675762278125 0.476062809375 0.6654516187499999 0.4812445625 0.6653478171875 0.4938933296875 0.666514184375 0.5025143328125
0 0.648640871875 0.47952468593750003 0.6540012640625 0.4896296875 0.65842166875 0.49368120624999995 0.6673662484375 0.4891353734375 0.6692888671875 0.4809855515625 0.6683142234375 0.47914825937499994 0.6610658703125 0.47297685156249997 0.656741325 0.4723172046875 0.648640871875 0.47952468593750003
0 0.646326871875 0.49014766249999997 0.637025434375 0.49295040625000003 0.6377045 0.50065278125 0.6422553343749999 0.503879896875 0.6527577609375 0.505481890625 0.6582565734375 0.4987218609375 0.6591699359375001 0.4929509828125 0.6531225328125 0.4911842421875 0.646326871875 0.49014766249999997
1 0.21875 0 0.21875 0.54168756875 0.2732450203125 0.55 0.5392722593749999 0.55 0.5439339484375 0.5454510484374999 0.5648508421875 0.5292224921875001 0.58283589375 0.523522765625 0.5916579828125 0.503760725 0.5958599890625 0.489204159375 0.609363396875 0.4718447828125 0.6068309890625001 0.46385974062499996 0.606969415625 0.4469946796875 0.6016090328125 0.4368896140625 0.6162521796875 0.41632687031250004 0.6257186578125 0.40848352656250003 0.636663040625 0.3713146734375 0.6454771375 0.3675932671875 0.6565440453125 0.34564072343749996 0.6524538328125 0.3315078921875 0.6382793062500001 0.3251242265625 0.6407584171875 0.309460496875 0.6561418796875 0.30420823124999996 0.66870525625 0.2807953296875 0.668617340625 0.26136282187500004 0.6674243468750001 0.24091745625 0.68160681875 0.2312604515625 0.6968251796875 0.23104887187499998 0.6864612296875 0.2125818109375 0.6749495859375 0.21335880937499999 0.6710511 0.2060096703125 0.6720683109375 0.187590046875 0.6563626499999999 0.18688298125 0.6471570703125 0.1930775953125 0.6420576437500001 0.181323728125 0.6483393328125 0.1696172765625 0.6533508921875 0.16193862812499998 0.6487733343750001 0.1468871484375 0.6508610046875 0.133696646875 0.649180715625 0.11233262031249999 0.645125121875 0.0939835109375 0.6359008671875 0.07231306562499999 0.625302684375 0.04333303125 0.6111281609375 0.036949364062500004 0.6078820687500001 0.025478212500000003 0.5962399953124999 0.0270795984375 0.5855112296874999 0.022910157812500002 0.58789151875 0 0.5849198281250001 0 0.5724497734374999 0.0014987265624999998 0.5726156 0 0.21875 0
0 0.2065368734375 0.7127866109375 0.2000339546875 0.71390484375 0.19592407812499998 0.7248838171875 0.19534860625 0.7385120734375 0.20770377187500003 0.744333275 0.21266095156249998 0.7390426640625 0.2146943109375 0.736187584375 0.217749140625 0.7218824390625 0.21425789218750002 0.7139643421875 0.2065368734375 0.7127866109375
0 0.1183925234375 0.6202104828125 0.10973635 0.6199451875 0.104408375 0.6286282 0.0983850328125 0.646700859375 0.10756393906249999 0.6586517656249999 0.1140668578125 0.6575335328125 0.12317860781250001 0.6399319640625001 0.1183925234375 0.6202104828125
0 0 0.649925840625 0.004418815625 0.660854815625 0.0136840375 0.6622680921875 0.025351882812499997 0.65349705625 0.0329194265625 0.6356599421875 0.025567670312500002 0.627152978125 0.0193908546875 0.6262107953125 0.0152042421875 0.627682346875 0.00540670625 0.6346285109375 0 0.6492654359375 0 0.649925840625
1 0 1 0.21875 1 0.21875 0.77741401875 0.2171545125 0.7756008015625 0.20398562187499997 0.778867475 0.20387530625 0.754583815625 0.190749575 0.7525816734375 0.182702453125 0.7534643593749999 0.182429084375 0.7302109078125 0.16840177812499998 0.743897440625 0.15605772812500002 0.7219680187499999 0.1457806140625 0.7119597546875001 0.12525996875 0.7067194671875 0.12095346093749999 0.7039524109374999 0.11487253906249999 0.6724275421875 0.1047153203125 0.6666578875 0.0985720859375 0.680491940625 0.0918198 0.6931780125 0.08360962499999999 0.6950909078125 0.0714190484375 0.6921763296875 0.06264298125 0.6876724281250001 0.056629217187500004 0.6857000359375001 0.0489081984375 0.6845223046875 0.0322480625 0.6798708812500001 0.020666534375 0.6781042859374999 0.014652771875000001 0.67613189375 0.0070948046875 0.6739239546875 0 0.6644292187499999 0 1
0 0.699928265625 0.6062076765625 0.7037120390625 0.5972891203125 0.7010792078125 0.5789511671875001 0.6984799546875 0.5753894484375001 0.6921400890625 0.575477471875 0.6877904234375001 0.57797923125 0.6797768796875 0.59363815625 0.6809518234375 0.601202934375 0.686596325 0.610504559375 0.699928265625 0.6062076765625
0 0.8770801171875 0.685983628125 0.8691960468750001 0.68583610625 0.8663905859375 0.6885734125 0.861062609375 0.697256425 0.863618703125 0.70608695625 0.870241515625 0.70920733125 0.874428128125 0.7077357796875 0.8791038984374999 0.7031736015625001 0.8814633609375001 0.6982581078125 0.881789465625 0.6961976890624999 0.881386625 0.688750684375 0.8770801171875 0.685983628125
0 0.9666919343749999 0.76928788125 0.9676702453124999 0.7631066296875 0.9668214062499999 0.753481434375 0.9549569328124999 0.748506440625 0.9475188593750001 0.750537109375 0.9345130234374999 0.752773575 0.93243650625 0.76089746875 0.93450344375 0.772818628125 0.9399081562500001 0.7736430390625 0.94994548125 0.7751740890625 0.956731346875 0.777264253125 0.9601458578125002 0.7756749296875001 0.9666919343749999 0.76928788125
0 0.9248162234375 0.8040484515624999 0.9159970000000002 0.804813365625 0.8988477078125001 0.803252565625 0.8944213062500002 0.7962469046875 0.8836118796874999 0.79459808125 0.8769027515625 0.8020153390625 0.8722269828125 0.806577515625 0.8740109765625 0.815290275 0.8832761968749999 0.8167035515624999 0.89595593125 0.8165275031250001 0.9075806156249999 0.813025284375 0.9248162234375 0.8040484515624999
0 0.8476300390624999 0.8270924374999999 0.8598206171874999 0.8300070140625 0.870390253125 0.8231786234375 0.8740541328125001 0.8100214609374999 0.8619498703125 0.796569253125 0.8557730546875 0.79562706875 0.8517494953125 0.7960684109375 0.8500422375 0.796863075 0.845040365625 0.8034856687499999 0.8436927921875 0.8169961499999999 0.8476300390624999 0.8270924374999999
1 0.23451549374999997 0.55 0.2326771671875 0.5507614359375 0.2230858421875 0.5514085765625001 0.21875 0.5553241734375 0.21875 1 0.7459340875 1 0.747822796875 0.9880665859375 0.7497794203125 0.975704084375 0.7476261671875 0.97432055625 0.7506042578125001 0.9505079890625 0.7505706796875 0.9357317500000001 0.737281896875 0.9347598171874999 0.735378009375 0.9218084515625 0.753059615625 0.915009809375 0.7518079359375001 0.8979376078125 0.7466094328125 0.890814171875 0.7442595484375001 0.8756846156249999 0.7508487828125 0.8640287531249999 0.7502828906250001 0.8576119562500001 0.7694751203125 0.8362726234375 0.768060390625 0.82023063125 0.763231146875 0.8057779625 0.7488105796875 0.7919724374999999 0.737511996875 0.7934142390625001 0.7266689921875 0.776989178125 0.7284625640625 0.7656568874999999 0.711922321875 0.7652440687500001 0.72164311875 0.7487904828125 0.72802614375 0.74343364375 0.7216958546875001 0.723476615625 0.713811784375 0.7233290953125 0.7145503093750001 0.7086706281249999 0.7085365453125 0.7066982359375 0.7121236859375 0.68403365 0.7000530031250001 0.68535768125 0.68937305 0.6679024124999999 0.6802708796875 0.6654589265624999 0.6920250375 0.6461502609374999 0.686826534375 0.6390268265625 0.6788225703124999 0.634640696875 0.6826495 0.6204533249999999 0.673187646875 0.6052940203125 0.6689674546875 0.5919893328125 0.6599084421875 0.584277034375 0.6528923671875 0.5536646000000001 0.6548428859375 0.55 0.6338171546875 0.55 0.6312303578125 0.555635771875 0.6329729125 0.55 0.23451549374999997 0.55