0 0.1628253640625 0.3984120953125 0.1506674171875 0.401281978125 0.139814603125 0.40551763437500005 0.1464365921875 0.41868437968750005 0.15254181875 0.42320214062500006 0.1630705234375 0.42299327656249996 0.1707524875 0.41294461406250005 0.1709802734375 0.4025799390625 0.1628253640625 0.3984120953125
0 0.0906573640625 0.39087525156249997 0.1080796625 0.38790093593749997 0.11227535156249999 0.393538984375 0.1263341515625 0.3720758875 0.134340228125 0.35800043593750003 0.122269921875 0.349735278125 0.1139835515625 0.362269996875 0.10583732812499999 0.3755750828125 0.0906573640625 0.39087525156249997
0 0.35482120781250004 0.321154453125 0.354645928125 0.3434245359375 0.3632125890625 0.3324305484375 0.37201572031249996 0.3285448125 0.3881328859375 0.324204725 0.38808038125 0.31229931718750004 0.3856979015625 0.299203096875 0.37651815 0.29521021406250003 0.3621265546875 0.30322717187500003 0.3558898703125 0.3154119734375 0.35462855625 0.3084786796875 0.35482120781250004 0.321154453125
0 0.034422953125 0.2908633140625 0.0324609109375 0.280078190625 0.0222563203125 0.27626026875 0.0109392484375 0.283752346875 0.009222362500000001 0.2975484046875 0.011972776562499999 0.3010503140625 0.021196346875 0.2994756765625 0.034422953125 0.2908633140625
1 0.41875 0 0 0 0 0.25914058125 0.0001653875 0.25938003125 0.0202504578125 0.27104266718750003 0.0475532359375 0.27591306250000003 0.08240651875 0.28743735937500003 0.1166467140625 0.28397478593750003 0.12116651406250001 0.28558604375 0.1325360921875 0.28999937343750004 0.140402025 0.27515355625 0.153024228125 0.26902725 0.1505102890625 0.2726335921875 0.1444575671875 0.2800212375 0.1476809234375 0.29773965156250004 0.14437861406250002 0.30862920781250003 0.163202371875 0.31335855 0.1690711265625 0.3107680609375 0.1795473234375 0.29865378593749997 0.179923940625 0.3065324046875 0.17308285 0.3212032625 0.18063335625000002 0.3278571625 0.19773154375 0.3289096359375 0.21324430625000002 0.32705560624999996 0.21472471875000002 0.30615129375 0.22259933437499999 0.3087784046875 0.2301411546875 0.2979593765625 0.247659778125 0.3013229484375 0.248308003125 0.2932693703125 0.2377706125 0.2760053078125 0.2463897796875 0.2769167265625 0.2517504578125 0.28315018125 0.27201080625 0.27254273281249997 0.29348865 0.2744360984375 0.29354115625 0.28634150625 0.3028610515625 0.29110475625 0.31287299062499996 0.2822469046875 0.316788390625 0.2863442203125 0.3328617359375 0.2875716546875 0.3491628671875 0.2784344109375 0.3511162234375 0.2717466046875 0.35586381093749997 0.2629931875 0.36592825625000003 0.2660407453125 0.38027602968749996 0.2635913078125 0.387257265625 0.2496908171875 0.40309414062500004 0.243809996875 0.41310607812500005 0.234952146875 0.41875 0.23515922812499998 0.41875 0
0 0.4641896890625 0.36481684531249997 0.47807320625000005 0.36562383125000003 0.4888383796875 0.37252321875 0.49689696562499996 0.370353175 0.49521521406249996 0.361108784375 0.457751665625 0.3468529421875 0.448668240625 0.349197946875 0.4641896890625 0.36481684531249997
0 0.5608228046875 0.291925053125 0.5613833875 0.295006515625 0.56176000625 0.302885134375 0.5837984328125 0.307859965625 0.5940906640625 0.300542846875 0.5913840703125001 0.291473415625 0.5803386046875 0.283033296875 0.5639411484375 0.285832653125 0.5608228046875 0.291925053125
0 0.543269434375 0.21866976875000002 0.5644669875 0.21902240312500001 0.5668846000000001 0.20907817343750001 0.5653429953125 0.20060414999999998 0.5542537109375 0.1977315515625 0.5412110671875 0.201546759375 0.537952578125 0.2068687953125 0.543269434375 0.21866976875000002
0 0.6707607046875 0.3676772546875 0.6629824125 0.371388028125 0.6583749703125 0.3809118125 0.6622465500000001 0.39057664999999997 0.6772950546875001 0.3919790421875 0.681578384375 0.3864820484375 0.6828310109375 0.3759424125 0.6793798703125 0.368588671875 0.6707607046875 0.3676772546875
1 1 0.45 1 0 0.705837840625 0 0.7056593640625 0.0019053781249999998 0.67734043125 0.014682870312499999 0.6650072046875 0.0398228359375 0.6587266984375 0.05757515625 0.644431428125 0.0719300015625 0.6410414796875 0.09395459843750001 0.6452458562500001 0.117065575 0.639096809375 0.1181153328125 0.6255022718750001 0.13632200625 0.630214725 0.1506090390625 0.6219283546875 0.16314375781249998 0.6225414453125 0.178130628125 0.615463884375 0.18569323437500002 0.613930965625 0.1946921375 0.62866404375 0.217594246875 0.629697571875 0.234892215625 0.6419605296875 0.25583315 0.6446233015624999 0.2704701 0.6532949734375 0.283286928125 0.660013290625 0.3027915609375 0.6512626640625 0.3185827046875 0.6627285687500001 0.3293339203125 0.6850824203125001 0.3128090328125 0.6842502312500001 0.32565976406249997 0.6551867484375 0.3401529484375 0.6591984734375 0.35058815 0.668334403125 0.3601485546875 0.6962328984375 0.345059965625 0.7145485781250001 0.35861325312500003 0.7014621156249999 0.36799598125 0.7052898765625001 0.3832283390625 0.72127558125 0.3955908140625 0.7266887656250001 0.413729675 0.7475535171875001 0.4006361703125 0.76274216875 0.4028089296875 0.7646690765624999 0.4366345 0.790570396875 0.4338012375 0.788914340625 0.45 0.8075062046875001 0.45 0.8170322984375 0.43404943906250004 0.8387466124999999 0.44305105781250004 0.8374842453125 0.45 1 0.45
0 0.7421138859375 0.42301068593749996 0.7358772015625 0.43519548593749996 0.740633475 0.44391499687499997 0.7426393375 0.4491326 0.7489285296875 0.44885320625 0.7634602703125 0.44160661562500003 0.7624705640625 0.4187411265625 0.7421138859375 0.42301068593749996
0 0.2245697796875 0.8917142437500001 0.2237289046875 0.8870920484374999 0.21073008125 0.8853397359375 0.1994568296875 0.88726429375 0.1983881703125 0.8930067734375001 0.199369190625 0.8983993359374999 0.209713928125 0.9029876234374999 0.221871875 0.9001177421875 0.2245697796875 0.8917142437500001
0 0.3377401109375 0.9097256250000001 0.33470940625 0.9046829828125 0.31789151250000003 0.9051712421874999 0.301730525 0.9150788500000001 0.3081160453125 0.9211373453124999 0.31291613749999997 0.9242893359375 0.324609828125 0.9246758749999999 0.33033843749999997 0.92131501875 0.3377401109375 0.9097256250000001
0 0.32219260312500003 0.8416879406250001 0.305795146875 0.8444872968749999 0.295967171875 0.8485479921875001 0.293593378125 0.8529247015625 0.29877009062500004 0.8639553109375001 0.3114448015625 0.8697344125 0.33105692656249996 0.8671805421875 0.3374337609375 0.8557661078125001 0.326572259375 0.8425288343750001 0.32219260312500003 0.8416879406250001
0 0.41875 0.7906515859375001 0.40304134999999996 0.7865823781250001 0.38957827031250003 0.7880864875 0.3909797296875 0.795790146875 0.393265884375 0.80254848125 0.4093392296875 0.8037759140624999 0.41875 0.7993782671874999 0.41875 0.7906515859375001
1 0.41875 0.45 0 0.45 0 0.6521061734375 0.0017161734375 0.6541404468750001 0 0.6570398859375001 0 0.6916757171875 0.015336771874999999 0.6883525578125 0.037602984374999995 0.6829627109375 0.060385959375 0.68622185 0.0690576328125 0.6990386765625 0.06478298906249999 0.7220086 0.0829585234375 0.7347915203125 0.0965530625 0.716584846875 0.1153681328125 0.7038412609375 0.12916401093750002 0.715783290625 0.15478503906250002 0.7114092953125001 0.175658478125 0.71578871875 0.17468614375 0.7278690843750001 0.2276624546875 0.740270896875 0.2400568734375 0.744509265625 0.2644339609375 0.7681478359374999 0.2794386453125 0.7751177484375 0.2887147203125 0.78544851875 0.310376528125 0.7825447296875 0.3240673953125 0.77067594375 0.34381966875000003 0.7688924390625 0.35415571875 0.7560078 0.36957215312499997 0.7478158828125 0.3750291578125 0.7603872234375 0.418589246875 0.761687896875 0.41875 0.76203043125 0.41875 0.45
0 0.11344874375 0.96628510625 0.098864496875 0.961626290625 0.0865225828125 0.9692933281249999 0.0802420765625 0.98704565 0.08951815156250001 0.9973764187499998 0.1047506234375 0.9939816562499999 0.11709253593749999 0.98631461875 0.11344874375 0.96628510625
0 0.4537706984375 0.8148107515625 0.44231348125 0.8215324640624999 0.44660549843749997 0.833508396875 0.45271072500000004 0.8380261593749999 0.45857947968749996 0.8354356703124999 0.4666818828125 0.8276981046875 0.4626701578125 0.8172629015625 0.4537706984375 0.8148107515625
0 0.42447152343749994 0.6363313546875 0.42144950625 0.6487616421875 0.422754640625 0.6501274140625 0.4378031453125 0.6515298062499999 0.4531757609375 0.6489054109375 0.45643425000000004 0.6435833765625001 0.44920785625 0.6329026875 0.4307082109375 0.62414655625 0.42447152343749994 0.6363313546875
0 0.41875 0.558413640625 0.41893595625 0.559435821875 0.429560984375 0.56556484375 0.4473512140625 0.5529962171875 0.449024278125 0.5447676796875001 0.4372342640625 0.538043253125 0.4246558796875 0.5386020375 0.41875 0.5432336984375 0.41875 0.558413640625
0 0.8554460468750001 0.9956446781250001 0.8664216343749999 0.9572335328125 0.86287416875 0.9435419062499999 0.8486227203125001 0.9523292296874999 0.8412210453124999 0.9639186234375 0.8462224765624999 0.997219315625 0.8554460468750001 0.9956446781250001
0 0.8307274765624999 0.941087040625 0.832409228125 0.9503314296875001 0.838426815625 0.9659842328125 0.8573295250000001 0.94210560625 0.8442343765625001 0.9340154093749999 0.8307274765624999 0.941087040625
0 0.8498228390625 0.9298841859374999 0.8560682109375 0.9351723140625001 0.8691108546875 0.9313571062499999 0.86994304375 0.9185063718750002 0.8571281875000001 0.91195690625 0.8404066171875 0.9187830515625001 0.8498228390625 0.9298841859374999
0 0.5447541593749999 0.7166718453125 0.5413468390625 0.7037505859375 0.5258340765625 0.705604615625 0.5188966609375 0.7139375859375 0.5191331328125 0.7210458390625 0.526963928125 0.729240471875 0.5392620234375001 0.7271409546875001 0.5447541593749999 0.7166718453125
1 1 0.45 0.5095382390625 0.45 0.50730915 0.4585653734375 0.4928299171875 0.477717371875 0.49460799375000003 0.49329965 0.4887479234375 0.5133630671875 0.517504665625 0.53784253125 0.4970078453125 0.5413417265625 0.4982253375 0.553842540625 0.49543979218749995 0.5733810796875 0.509375815625 0.5860934734375001 0.5081231890625 0.596633109375 0.5113465453125 0.6143515234375 0.521086878125 0.6214258703125 0.5242664140625 0.6447118062499999 0.5138340359375 0.6512585578125 0.5090426296875 0.665579496875 0.5341993984375 0.6644619265625 0.5228823265625 0.6719540046875 0.5255012796875 0.6921584765625 0.5471192671875 0.6948222078125 0.5575954640624999 0.682707934375 0.5719432390625 0.6802584984375001 0.569341659375 0.6949998828125 0.594454609375 0.6994498328125001 0.600051759375 0.7127915390625 0.576568053125 0.7056805718750001 0.5617122015625 0.7169539515625 0.56726553125 0.7358631796875 0.590977021875 0.7326094718749999 0.6047290796875 0.7501190203125001 0.629412903125 0.73478494375 0.63268008125 0.7469358390625 0.62728426875 0.7637428328125 0.6073918515625 0.764755971875 0.6062793703125 0.7760659734375001 0.617701453125 0.7923847109375 0.6406158890625 0.7789412859375 0.654543228125 0.7741807515625 0.6556643953125001 0.7803436781249999 0.65133724375 0.7914081921875 0.672490975 0.797328346875 0.680540871875 0.7776853765625 0.6965265781250001 0.79004785 0.71549916875 0.8130204875 0.7024127046875 0.8224032171874999 0.71178510625 0.8390718734375 0.7374937734375 0.8235628375000001 0.7897693546875 0.83211281875 0.7834098953125 0.878473109375 0.81708950625 0.8719290718749999 0.8406434781249998 0.832959140625 0.8558321296875 0.8351318984375 0.8386463031249999 0.8452144671875 0.8443835968750001 0.8593265390625 0.8652570359375 0.8637059624999999 0.8809186296875 0.8800952265624999 0.8955466999999999 0.8791865203124999 0.904901728125 0.8609093218750001 0.9162188015625 0.85341724375 0.9238044390625 0.83703069375 0.9442136203124999 0.844666540625 0.9523160234375 0.836928975 0.9738815078125 0.8276873 0.9822290656250001 0.8445309156249999 0.9986265249999999 0.8417315593750001 1 0.8394111015625001 1 0.45