1 0 0 0 0.35 0.366732815625 0.35 0.3659161109375 0.347223234375 0.37955275 0.33926221875 0.398405840625 0.333105828125 0.417190525 0.3386652109375 0.44961185156249994 0.3362635796875 0.45492862343749996 0.32088506875 0.44559556406249995 0.3079517078125 0.421576190625 0.3037119078125 0.41953612656250006 0.29502333125 0.4425286265625 0.296090421875 0.43110989999999993 0.282279 0.4269659265625 0.2758365703125 0.4426973546875 0.26719151406249997 0.4584196625 0.260108559375 0.4554484890625 0.231845190625 0.443975040625 0.2274063875 0.4523769921875 0.2207649546875 0.46875 0.2215248328125 0.46875 0.19962000625 0.46818594375 0.1988420203125 0.4578032109375 0.18664120625 0.4578533734375 0.1780496390625 0.4568994625 0.162380103125 0.4538735671875 0.1434893515625 0.4487164015625 0.13153105781250002 0.45723691874999994 0.10458228437499999 0.44273757343750003 0.08125273281249999 0.4282336671875 0.05870423125 0.417864615625 0.044160262500000005 0.40850875468750003 0.035132159375 0.3876156 0.0325999734375 0.3960996359375 0.0118996140625 0.39302278749999997 0 0 0
0 0.46875 0.1129292453125 0.4645071140625 0.11273233125 0.45820450937499996 0.1179086671875 0.46231656093750007 0.1298184578125 0.46875 0.13252691562500002 0.46875 0.1129292453125
0 0.6242466453125 0.034451278125 0.6127503937500001 0.033917732812500004 0.600186228125 0.0372409421875 0.6001588671875 0.041927251562500004 0.6042937187499999 0.0499317828125 0.6168305234375 0.0512948828125 0.6262730281250001 0.0454830078125 0.62630495 0.0400156484375 0.6242466453125 0.034451278125
0 0.6581342718750001 0.3180600375 0.631107240625 0.29180528125 0.617580046875 0.2810210578125 0.6113549671875 0.272919515625 0.5904937328125 0.2649199703125 0.58523624375 0.2701448109375 0.5997355890625 0.2934743640625 0.6132536640625 0.3058206921875 0.63619144375 0.3162604 0.6581342718750001 0.3180600375
0 0.5278362515625 0.07450884218750001 0.510110359375 0.066654809375 0.4933748609375 0.0682218984375 0.49125271093749995 0.07359225 0.50059945 0.0841824578125 0.5068564531249999 0.0868166390625 0.5183663859375 0.085007028125 0.522569640625 0.0812957859375 0.5278362515625 0.07450884218750001
0 0.49045840937499996 0.0305859109375 0.5103201296875 0.0307264359375 0.5218619828125 0.023449465625 0.5250657265625 0.0118792046875 0.5219531875000001 0.007828434375 0.51151573125 0.0050002375 0.49479391093749997 0.0042241734375 0.4906043359375 0.005592259375 0.48215678281249996 0.02004420625 0.49045840937499996 0.0305859109375
0 0.72316306875 0.10232434374999999 0.7230445015625 0.1226316859375 0.736599059375 0.1287296 0.7522712046875 0.1302382125 0.7596554046875 0.1188619671875 0.7503451453125 0.102023346875 0.7367905890625 0.0959254328125 0.72316306875 0.10232434374999999
0 0.411475871875 0.968643925 0.4063643078125 0.9488751140625 0.4096045359375 0.9310564390625 0.4138305921875 0.9234399406249999 0.3929100765625 0.9255940656250001 0.3876115453125 0.9378483718750001 0.3927595890625 0.9513687687499999 0.4010612171875 0.961910471875 0.411475871875 0.968643925
0 0.393991671875 0.9193941562500001 0.40546968281250007 0.923051909375 0.4107134921875 0.9201702218750001 0.4180703296875 0.9134802875 0.4108229375 0.9014249843750001 0.40357098437500005 0.8901507328125 0.389989065625 0.8887391296875 0.382659590625 0.8907427546874999 0.38158711562500003 0.8953805609375 0.3815141515625 0.9078773859375 0.38254558437499997 0.9102690453125 0.393991671875 0.9193941562500001
0 0.105950709375 0.8357123874999999 0.117483440625 0.8299975203125001 0.1206643859375 0.8223325156249999 0.117611128125 0.8081280765625 0.1050788828125 0.8059839234374999 0.0998441953125 0.8073035078124999 0.08623035625 0.8113592640625 0.0861938734375 0.8176076765625 0.0871842640625 0.8270288000000001 0.0965446859375 0.8352758515625001 0.105950709375 0.8357123874999999
0 0.101007875 0.78704466875 0.091560809375 0.793637596875 0.09149240625 0.8053533703125 0.102970415625 0.809011121875 0.1207783890625 0.8028062281250001 0.1145578703125 0.7939236359375 0.101007875 0.78704466875
1 0.46875 0.35 0 0.35 0 0.73217725625 0.0124878640625 0.7290292640625 0.0217981234375 0.7458678843750001 0.0185624578125 0.76290550625 0.0227018703125 0.7701289859375 0.0277906328125 0.7938030546875 0.03633395 0.7629490234375 0.052019775000000004 0.76211448125 0.0635205890625 0.761866975 0.0770067390625 0.7796806625 0.09791357656250001 0.77986969375 0.112504125 0.7875782140625 0.131316171875 0.7884512875 0.1437389703125 0.809340678125 0.1635687703125 0.8149485656250001 0.178227721875 0.8109413140624999 0.20225165781249999 0.8144000625000001 0.21900083750000002 0.8104898171875 0.2493000140625 0.8134585390625 0.256670534375 0.8044254484375 0.272383721875 0.798904596875 0.2765003328125 0.8100333359375 0.294244465625 0.8147631624999999 0.300542509375 0.810367878125 0.32564803750000004 0.8076267187500001 0.35902327343749996 0.8208946234375001 0.387245903125 0.8214231812499999 0.3925398765625 0.8099499281250001 0.39263108125 0.794328896875 0.39268580468750003 0.7849562765625 0.41993628281250006 0.77293950625 0.4491949078125 0.7750786734374999 0.4649445765625 0.7633094078125 0.46875 0.761021715625 0.46875 0.35
0 0.953863621875 0.9425508328125 0.949724209375 0.935327353125 0.9413769796875 0.9325961656249999 0.9288356171875 0.9320141171875 0.9235781265625 0.9372389578125 0.9318797515625 0.9477806609375001 0.9402132999999999 0.9528550031249999 0.946493103125 0.9515839249999999 0.953863621875 0.9425508328125
0 0.8376690312499999 0.9691899953124998 0.8409001374999999 0.952933425 0.836737921875 0.9496152015625 0.8221063328125 0.9489361453124999 0.8168579625 0.9525988812499999 0.818893465625 0.962068509375 0.8261682218749999 0.9694375015624999 0.8292898812499999 0.9719261703125 0.8376690312499999 0.9691899953124998
0 0.8471981812500001 0.948538140625 0.8525103937499999 0.9339406796875 0.8400146312500001 0.925548115625 0.8191351593749999 0.9206727765625 0.8128279953125 0.9266301625000001 0.8106602437499999 0.9398110328125 0.8158447703124999 0.9470830171875001 0.8304900421875001 0.9454189203125001 0.8471981812500001 0.948538140625
0 0.5184981078125 0.8457815765625 0.5184616265625 0.852029990625 0.51947481875 0.8575458546875 0.5340790484375 0.8629112218749999 0.5435078734375 0.8594425000000001 0.547724809375 0.8533881046874999 0.5477795328124999 0.8440154859375 0.542585884375 0.838305603125 0.5279634140625 0.83606444375 0.518543709375 0.8379710609375 0.5184981078125 0.8457815765625
0 0.5488793671875001 0.8346913703125001 0.5531054265625001 0.8270748703125002 0.5479163390624999 0.8205839375 0.53119908125 0.8190268203125001 0.5238741625000001 0.8202493937499999 0.52488735625 0.8257652609375 0.53112155625 0.8323046968749999 0.5384191109375001 0.8357684328125 0.5488793671875001 0.8346913703125001
1 1 0.35 0.46875 0.35 0.46875 0.801972890625 0.476930690625 0.80322673125 0.49369355312499996 0.7969733328124999 0.51139208125 0.809513675 0.5249785593749999 0.8101442296875 0.5281640624999999 0.8016981734375002 0.5396603140625 0.8022317171874999 0.5458945156249999 0.8087711546874999 0.5573497234375 0.8163341640624999 0.5657425546875 0.8112548374999999 0.5866265890625 0.815349125 0.584363071875 0.844932075 0.5968998765625 0.846295178125 0.6084326078125 0.8405803093750001 0.628262409375 0.8461881968749999 0.6439573546874999 0.8437915515625001 0.644044 0.8289515703125 0.6763695609375 0.842952021875 0.6847943125 0.8324053328125001 0.686948384375 0.82156761875 0.6983899125 0.8314737828125001 0.69836255 0.8361600921874999 0.7108491921875 0.8461147593749999 0.72236824375 0.8427430484375 0.7464377796875 0.8383912796875 0.76419559375 0.840777953125 0.7860472171875 0.858198621875 0.8080310875000001 0.85296879375 0.8227356421875001 0.8411510265625001 0.8228222859375001 0.826311046875 0.8187193546875001 0.8128391546875001 0.8312835203125001 0.8095159453124999 0.860510221875 0.8171224718750001 0.89726705 0.788359103125 0.9171698124999998 0.7814701640624999 0.9391354421875 0.7793645437500001 0.933991959375 0.7650630953124999 0.9445114984374999 0.7538323625000001 0.9664680046874998 0.7532888453125001 0.9665455296874998 0.74001096875 0.9915872171875 0.7482045312500001 1 0.7541188328125 1 0.35