0 0.06631308125 0.0600358765625 0.06914709687500001 0.04455016875 0.0595924828125 0.031036470312499998 0.0494173125 0.030882359375 0.0428932171875 0.036439665625 0.047282945312500005 0.054914234375 0.048603965625 0.0635726796875 0.05866263125 0.064547746875 0.06631308125 0.0600358765625
0 0 0.0580682875 0.0049902859375 0.056536142187500006 0.0156312265625 0.05340645625 0.0155138578125 0.040755534375 0.0119793359375 0.0342231703125 0.0001729359375 0.03209041875 0 0.0320591796875 0 0.0580682875
0 0 0.0986863 0.012139378125 0.1049785140625 0.0184306125 0.1010631109375 0.018973775000000002 0.0927414203125 0.0176527546875 0.084082971875 0.0086812890625 0.0799363625 0.0011863968750000001 0.0878442703125 0 0.0962077671875 0 0.0986863
0 0.0447991609375 0.081408959375 0.040992621875 0.0723015171875 0.028875053125 0.0633767125 0.0223500390625 0.0554621671875 0.014854235937499998 0.0498981890625 0.012214028125 0.059525003124999996 0.0126943390625 0.060161621875 0.017418934375 0.0722529859375 0.022118915625 0.08404775625000001 0.03035255 0.08890305 0.0390520046875 0.090474553125 0.0447991609375 0.081408959375
1 0.1562769578125 0 0.1566037953125 0.0030939609375 0.155206340625 0.0129453015625 0.139827178125 0.0135350890625 0.13870174062500001 0.025961503125 0.127672334375 0.027337015625 0.12235097187499999 0.01542999375 0.11803945625000001 0.0053893828125 0.10258294999999999 0.0110170578125 0.0903107375 0.012168065625 0.09540010156249999 0.0391888625 0.1054987921875 0.057852751562500006 0.10301414375 0.0708756015625 0.08868307343750001 0.0640768765625 0.0841795921875 0.0868388171875 0.07264521093750001 0.08728114218750001 0.061926051562499994 0.0819768859375 0.055441015625 0.091751153125 0.039945401562499996 0.093161875 0.0212578546875 0.117074084375 0.006035171875 0.13453175625 0 0.14493961875 0 0.5296875 0.36875 0.5296875 0.36875 0 0.1701605890625 0 0.166778915625 0.003248078125 0.16432125 0 0.1562769578125 0
0 0.9109501890625001 0 0.921145809375 0.0188405671875 0.9258068156250001 0.036517284375 0.9339100734375 0.0074681296875 0.9306777046875 0 0.9109501890625001 0
0 0.913728178125 0.12166554375000001 0.9075643343750001 0.1258129390625 0.9082443843749999 0.13224881093750002 0.9131474703125001 0.1426040625 0.9243109515625001 0.1425163328125 0.9293581703125 0.13501071250000002 0.926444865625 0.121858390625 0.913728178125 0.12166554375000001
0 0.452984740625 0.331990821875 0.4635647234375 0.3191716359375 0.458952690625 0.30676462031249996 0.453127478125 0.297294965625 0.4440517234375 0.30512502656249996 0.43546152187500003 0.31514713906249997 0.4383748265625 0.3282994609375 0.44337446406250003 0.332359128125 0.452984740625 0.331990821875
0 0.59937075625 0.31634770156249997 0.6051959703125 0.32581735625 0.6137875671874999 0.33263023125 0.625582125 0.33370867187500003 0.632133571875 0.3212139265625 0.6284926390625 0.3131910203125 0.6073298828125 0.30515941562500004 0.59937075625 0.31634770156249997
0 0.6820907359375 0.47438579687500004 0.67806080625 0.45787525156250003 0.6692747109375 0.4468185578125 0.63602634375 0.43976027812499996 0.6347166109375 0.448993221875 0.6679663734375 0.4728864875 0.6820907359375 0.47438579687500004
0 0.6681580828125 0.443460334375 0.6851481703125 0.469677246875 0.6968447828125 0.46021628750000004 0.69422253125 0.4450122 0.6849033046875 0.443328740625 0.6681580828125 0.443460334375
0 0.6917989609375 0.48455689375000005 0.7037880171875 0.4898791546875 0.713931425 0.4801376171875 0.7125223515625001 0.4619961703125 0.6990780375 0.4669327359375 0.692137590625 0.4709398421875 0.6917989609375 0.48455689375000005
0 1 0.23002956718749998 0.9987737828124998 0.22961954218749997 0.9885814015625 0.23409137812499997 0.9868350937500001 0.24640196875 0.9951356390625001 0.2552666078125 1 0.255761878125 1 0.23002956718749998
0 0.18727979374999998 0.7956427078124999 0.1800282125 0.80052199375 0.175746403125 0.810889146875 0.179116203125 0.8201628171875001 0.1873390484375 0.8216482218750001 0.202813478125 0.8182543375 0.2008709453125 0.8055249515625 0.19681631875 0.8010789656250001 0.18727979374999998 0.7956427078124999
0 0.22033418125 0.7013480734375 0.2110840953125 0.7071041921875001 0.2126842125 0.72224741875 0.2258753359375 0.728343859375 0.22987234843749998 0.7265901968749999 0.2315844140625 0.7145209921875 0.23061315 0.7081562953125 0.224731221875 0.7033802171875 0.22307513124999998 0.7018432078125001 0.22033418125 0.7013480734375
0 0.2516467765625 0.9496227390625 0.264037840625 0.9481475640625 0.2687196796875 0.94156621875 0.26512105625000004 0.927299821875 0.258896715625 0.9249375828125 0.25124510624999996 0.926031065625 0.2465632671875 0.932612409375 0.2461072640625 0.9424328187499998 0.2516467765625 0.9496227390625
0 0.25230699687499997 0.6477070484375 0.24614027031250002 0.6515444625 0.24842521562500003 0.6618600062500001 0.26235878281249997 0.6693284109375 0.27069521875 0.6634072468750001 0.266867771875 0.6441481203125 0.25230699687499997 0.6477070484375
0 0.38523153906249996 0.76046716875 0.37363148125 0.763632546875 0.37076854375 0.7725849140625 0.3733418234375 0.7825192984375 0.3801857171875 0.784807775 0.38591298281249997 0.783738028125 0.3909602 0.776232409375 0.39197888125 0.7690512296875001 0.38523153906249996 0.76046716875
0 0.40458906250000004 1 0.40466611406249997 0.999664196875 0.4064124234375 0.9873536046875 0.40466472031249995 0.9828292078124999 0.4005872109375 0.977883946875 0.3902968828125 0.9718163828125 0.384958615625 0.981373765625 0.3835033578125 0.9916325921875 0.385591084375 0.999374925 0.3865348140625 1 0.40458906250000004 1
0 0.5703903218749999 0.6455588390625 0.5761665625 0.64975879375 0.5863589421875 0.6452869578125 0.591066134375 0.6345634015625 0.5909192140625 0.6187542984375 0.5826676421875 0.6151593609375 0.5729118390625001 0.61655355 0.565049265625 0.6214462515625 0.5642250843750001 0.632871246875 0.5703903218749999 0.6455588390625
0 0.5408346515625 0.6854631437500001 0.5430665109375 0.6753446046875 0.537241296875 0.66587495 0.5271454703125 0.6640512015625 0.518069715625 0.6718812609375 0.5219051484375 0.6841479890625 0.5368550890625 0.6910572859374999 0.5408346515625 0.6854631437500001
0 0.648673246875 0.5597439203125 0.6595946484375 0.5669776578125 0.6713402328125 0.562786396875 0.68371689375 0.559761309375 0.6871619328125 0.5467054109375 0.6799780140625 0.5411989984375001 0.6581366015625 0.543566509375 0.648673246875 0.5597439203125
0 0.9397969156249999 0.551307671875 0.9360104578125 0.5443106453125 0.9156732765625 0.5416890328124999 0.90455876875 0.5470464640625 0.90688996875 0.5643023140625 0.9078134921875 0.5802517078125 0.9199480734375001 0.5845480875 0.9219378546874999 0.581751015625 0.9251408171875 0.576016584375 0.9318867624999999 0.5677656578125 0.9397969156249999 0.551307671875
1 1 1 1 0.652084159375 0.9917872578125 0.639612221875 0.9726142828125 0.6287835484375 0.9490251671875001 0.6266266640625 0.9443641609375 0.6089499468749999 0.9212592000000001 0.592150128125 0.9031538781249999 0.579409978125 0.8897081703125 0.56751155625 0.86976138125 0.5902125687499999 0.8588889515624999 0.58824853125 0.8373861687499999 0.576998990625 0.819669846875 0.5727464796875 0.8002547921875 0.569239271875 0.78273296875 0.569230575 0.7537566124999999 0.5713613750000001 0.730313021875 0.5681786078125 0.7075970609375 0.559866428125 0.6953673203124999 0.5787006203125 0.6920202296875 0.6022959218749999 0.6856115171875 0.580094809375 0.667023434375 0.598832578125 0.6513948390625 0.602322396875 0.657509709375 0.5929053 0.6409100140625 0.5920110109375 0.6330964124999999 0.6021734140625 0.62479865625 0.6269787484375 0.63067284375 0.64171810625 0.6303831859375 0.6606048578125 0.6222771406250001 0.6559840390625 0.613443465625 0.65649263125 0.5939808328125 0.6645507109375 0.578594315625 0.6607190609375 0.558886815625 0.6424286312499999 0.5354908046875 0.6276805796875 0.48437919531249995 0.6005606828125 0.517484825 0.64231481875 0.5203491546875 0.6501974390624999 0.5380178984375 0.6660152390625 0.55117255625 0.679965425 0.5456887640625 0.6905486921875 0.5309836890625 0.7099879031249999 0.5152599375 0.736608290625 0.501527359375 0.777266596875 0.49318063125 0.79680223125 0.47789066562500004 0.786674996875 0.45837766562500004 0.7726283875 0.44240625624999996 0.7392302953125001 0.43138690625000004 0.721457153125 0.4144933703125 0.68894465625 0.409982071875 0.7207470171875 0.4217780234375 0.738660446875 0.43289532187499996 0.7669729890625 0.4622144921875 0.8017301031249999 0.4557120171875 0.8194945484374999 0.4388212703125 0.8206520218750001 0.424552775 0.8370135859375001 0.45076414218750005 0.8543745578124999 0.4509600359375 0.8754533625 0.4535822875 0.89065745 0.4702309578125 0.8968214390625 0.4666893671875 0.9161729218750001 0.46392437812500004 0.9356646906249999 0.45926476406249994 0.9348229625 0.4473246796875 0.934770403125 0.44014355156249996 0.9629339625 0.4366509328125 0.9875551453125 0.44254342031250005 1 1 1