0 0.055845353125 0.3039640515625 0.0569908359375 0.291409578125 0.053295259375 0.286212896875 0.0432607 0.2805130125 0.0337055703125 0.2909805265625 0.03498061875 0.2998561046875 0.039409603125 0.31272405625 0.0491254015625 0.316205046875 0.052310445312499995 0.312715875 0.055845353125 0.3039640515625
0 0.0954110609375 0.017421884375 0.0916843796875 0.0197067453125 0.08292486875 0.022882439062500003 0.0965591171875 0.030545528125 0.1063708015625 0.037259996875 0.1141118203125 0.0423907109375 0.11697810156249999 0.03668264375 0.11920686093749999 0.026536790625 0.10952216562499999 0.015574253125000001 0.10471221093750001 0.015450498437499998 0.0954110609375 0.017421884375
1 0.2796875 0.5296875 0.2796875 0.039980151562499996 0.1987136734375 0.0205899109375 0.189285534375 0.026809359375 0.1905605796875 0.0356849375 0.18234270625 0.0400649390625 0.1748245625 0.0339196421875 0.1642172609375 0.034496993749999996 0.158580584375 0.0491466046875 0.1565747015625 0.058277875 0.1504274921875 0.06424163125 0.145555328125 0.07908096718749999 0.1472761265625 0.085927375 0.144155865625 0.10013157343750001 0.1336755546875 0.0964608578125 0.12437440468750001 0.09843224375000001 0.1246620625 0.10813268437500001 0.1261599859375 0.11599367499999999 0.11402365781249998 0.1161915796875 0.109436578125 0.115053240625 0.10567621875 0.0991415328125 0.0935398921875 0.0993394375 0.0840806484375 0.11304043125 0.0797812265625 0.1216025328125 0.0666264046875 0.13010684374999998 0.053982118749999995 0.1472970125 0.061469157812499994 0.16092385625 0.076344778125 0.15926595 0.0873356234375 0.17162251875 0.0978470375 0.1678116875 0.0965745640625 0.18461422656249998 0.0720479296875 0.1935061671875 0.0650739984375 0.2142432921875 0.0805560375 0.2245047203125 0.0884240453125 0.22538736875 0.089572103125 0.2385110125 0.087151571875 0.242189909375 0.07402785625 0.2432126765625 0.062052196875 0.2573590859375 0.058709059375 0.27257786875 0.0725661875 0.2792263703125 0.080115434375 0.277890125 0.0719312375 0.3004666984375 0.06944849843749999 0.31910868593749997 0.06107253124999999 0.33521829687500004 0.0544484640625 0.3506927734375 0.04508768125 0.3933053640625 0.04875215625 0.4059835921875 0.05539079375 0.42046979218749997 0.0539913328125 0.44152039531250004 0.05896195625 0.45559265625 0.0723085484375 0.45355530312500003 0.0815163875 0.47402855468749994 0.08298320625 0.4893710953125 0.092699003125 0.49285208437500005 0.0881456 0.5099103140625 0.0934748578125 0.5296875 0.2796875 0.5296875
0 0 0.461409259375 0.0044954374999999994 0.46833129375000004 0.0123947171875 0.47676206250000003 0.0180079640625 0.4670628375 0.0182811390625 0.446794890625 0.017069828125 0.44279688281249996 0.0045200843749999995 0.43968250937500003 0 0.4552738703125 0 0.461409259375
0 0.48908215781250003 0.36519039375 0.47877685000000003 0.368926503125 0.47349309375 0.37139137187500004 0.47098383125000004 0.3871317671875 0.47750543749999996 0.39630238281249996 0.48923458750000004 0.390402215625 0.495978778125 0.3769714734375 0.48908215781250003 0.36519039375
0 0.5481455703125 0.3899173078125 0.558039275 0.392372553125 0.5656463 0.38796682968749996 0.56826836875 0.37603053124999997 0.5641828375 0.3687231546875 0.55301469375 0.3634342421875 0.5485937703125 0.374924134375 0.5481455703125 0.3899173078125
0 0.5743417749999999 0.40019431875 0.5837842484375 0.3874331859375 0.581271959375 0.37296403125 0.5714910640624999 0.3743128828125 0.5656828921875 0.3791650109375 0.56294801875 0.38729721875 0.561862596875 0.4008735578125 0.5743417749999999 0.40019431875
0 0.615742146875 0.5296875 0.6162519671875 0.5289126390625001 0.6108919953124999 0.5187715984375 0.6030593546875 0.5155691296875 0.6000988656249999 0.5160931484375 0.59376628125 0.5233325390625 0.5940896015625 0.5296875 0.615742146875 0.5296875
0 0.6129929265625 0.1681157015625 0.6104074515625 0.171250184375 0.608947015625 0.18221605937500002 0.6179047000000001 0.1932499171875 0.623676278125 0.19719960625 0.6333077734375 0.2008484796875 0.6385153156250001 0.185777696875 0.6303442546875 0.1711629484375 0.6235604406249999 0.16318596406250002 0.6176394625 0.1642339984375 0.6129929265625 0.1681157015625
0 0.5960075265625 0.07705027343750001 0.601218096875 0.0921890375 0.60605365625 0.10471734218749999 0.6140356953125 0.1029220828125 0.6182310046875 0.083824003125 0.6180053921875001 0.076215815625 0.611370978125 0.06324110468750001 0.601477275 0.060785860937500005 0.5960075265625 0.07705027343750001
0 0.6332224734375 0.097613921875 0.6260636453125 0.087026471875 0.6161699437499999 0.0845712265625 0.6079256953125001 0.0875601125 0.60916354375 0.0991955984375 0.6213439234375 0.108511809375 0.6203316875 0.1044845109375 0.6332224734375 0.097613921875
0 0.6458510484375 0.0919369609375 0.645399821875 0.07672058125 0.6364055453125 0.07448854218749999 0.629210128125 0.0727029078125 0.624301384375 0.07777824531250001 0.6237403765625 0.0889673203125 0.62951195625 0.092917009375 0.6458510484375 0.0919369609375
0 0.7237958843750001 0 0.727500840625 0.0052098734375 0.734434053125 0.0081891359375 0.738406778125 0.0116924171875 0.7447393625000001 0.004453025 0.7450354046875 0 0.7237958843750001 0
1 1 0.5296875 1 0.061505610937499997 0.75954180625 0.0018329375 0.76025524375 0.0158556828125 0.7465412453125 0.0351089859375 0.7299033515625 0.0460844828125 0.709292734375 0.05355670312500001 0.6956153296875 0.064008184375 0.6920572421875 0.0845230984375 0.6801421000000001 0.1042228078125 0.670550225 0.1219816625 0.671638675 0.1386148734375 0.6758370125 0.149726340625 0.6609247874999999 0.1787518859375 0.6435368671875 0.18450645625 0.6319235531249999 0.2244202640625 0.6209078375 0.24434317968750002 0.6272800453125 0.25851151875 0.6332772375 0.2700693953125 0.622447515625 0.276192765625 0.6080200828125 0.28142331875000004 0.598166003125 0.30037580468749997 0.5973061968750001 0.3215603296875 0.6014679421875 0.34147361875 0.5898881906250001 0.342376059375 0.571225828125 0.3452969625 0.5818329656250001 0.3617749515625 0.5950621703125 0.3663166453125 0.603757646875 0.3785441328125 0.5957390124999999 0.389141209375 0.6079559828125 0.3896556015625 0.6164624359374999 0.385473084375 0.6258317234375 0.39031558906249997 0.62512131875 0.40650238906249997 0.6174014859375 0.40710401875 0.6137671828125 0.415013021875 0.6124195562500001 0.42978298906249995 0.6176667203124999 0.4361199375 0.6125719843749999 0.4549948125 0.6133982265625 0.47282165468750004 0.6202582546875 0.493404553125 0.6222827234375 0.50145915 0.6315788250000001 0.523905290625 0.6338480578125 0.5296875 1 0.5296875
0 0.14545801249999998 1 0.1394246328125 0.99039818125 0.12770295468749998 0.9960484609375001 0.12633754375 1 0.14545801249999998 1
0 0.19746029062499998 0.9684240187500001 0.21080688281249998 0.96638666875 0.2170810828125 0.9561748437500001 0.21647466406250002 0.944255509375 0.209402271875 0.9360810374999999 0.2027134234375 0.9408404874999998 0.1963433375 0.9478188296875001 0.19631223281250001 0.9553003765625 0.19746029062499998 0.9684240187500001
0 0.2147004171875 1 0.2251434390625 0.9892025703125 0.23654635625 0.9813333953125 0.24489122187499998 0.9727053281250001 0.25772728125 0.9619821218750001 0.26017891406250004 0.9508216781249998 0.25275665625 0.9479098609375001 0.242022365625 0.952735278125 0.2281678140625 0.9717648921875 0.2071786625 0.9975831281249998 0.21006493593750003 1 0.2147004171875 1
0 0.1787492328125 0.8407427265624999 0.1856920609375 0.827487146875 0.1784926796875 0.8235607406250001 0.17830090625 0.81709378125 0.170210021875 0.8172257171874999 0.15969860625 0.82103655 0.1544117953125 0.8304235109375 0.15950941093749998 0.8402477062500001 0.16846069375 0.8435389734375001 0.1787492328125 0.8407427265624999
0 0.1491172625 0.762776121875 0.141184471875 0.751178446875 0.13911380625 0.7495946921875 0.13207509374999998 0.7596167921875 0.1321709796875 0.762850271875 0.1357084625 0.7797765671875 0.1453283734375 0.7800240765625001 0.1507110703125 0.7738705953125 0.1491172625 0.762776121875
0 0.032229734375 0.6085913328125 0.0199975234375 0.605555759375 0.0093591171875 0.61361465625 0.009009251562499999 0.6188773078125 0.0156358921875 0.62908095 0.025670451562500002 0.634780834375 0.0323593 0.6300213859375 0.0370085875 0.6161966343749999 0.032229734375 0.6085913328125
1 0.2796875 0.5296875 0.14138693125 0.5296875 0.1396970578125 0.530410978125 0.1354935203125 0.5422065578125 0.1242201671875 0.5715057828125001 0.1191251265625 0.5873597046875 0.12256672500000002 0.6010525171875 0.136232078125 0.6012340609375 0.1306912875 0.6191171515625 0.1125347390625 0.62103075 0.1027541609375 0.6068347328125 0.08832429375 0.60646346875 0.08737058125 0.6254849015625 0.0634503671875 0.6462961765624999 0.071129178125 0.66638998125 0.0997634625 0.6424689828125001 0.1269024 0.63636510625 0.15076040625 0.630516921875 0.15993456718750002 0.632793603125 0.15834333125 0.647377246875 0.1490110796875 0.6568301765625 0.15366294062500002 0.6686835421875 0.1509573265625 0.6883401140625 0.1521390625 0.719660328125 0.1588304859375 0.7405789953124999 0.16017031406249999 0.7601696 0.16319726406249999 0.7684100390624999 0.154629521875 0.7780526921875 0.15198354375 0.7570680546874999 0.15144447968750002 0.7815418640624999 0.141474703125 0.7865570046875 0.12408266875 0.7886603265625001 0.10764691875000001 0.7974203296875 0.105195284375 0.8085807718750001 0.12332072812499999 0.8141487171874999 0.1354881609375 0.8064692687499999 0.1522115671875 0.807409703125 0.174317671875 0.8021966578124999 0.187122628125 0.7989549953124999 0.1989090890625 0.804019740625 0.21031458125000002 0.8218286859375 0.217259984375 0.8342512203125001 0.21592272812500002 0.8403387328124999 0.20123888124999997 0.8484636 0.19754587968749998 0.868945034375 0.2014021234375 0.888090221875 0.214367746875 0.898797065625 0.2239539796875 0.8808480046875001 0.2314410203125 0.8944748515625001 0.24791044687500002 0.9039114171874999 0.24246554374999998 0.9250279890625001 0.2674379296875 0.914106878125 0.2746398859375 0.9437114000000001 0.2796875 0.9508093046875 0.2796875 0.5296875
0 0.6530506218750001 0.97324851875 0.6616332890625 0.9816719140625001 0.6708897703125001 0.982710325 0.676173528125 0.9802454562499999 0.681118865625 0.9663683015625001 0.6740728468749999 0.959584946875 0.6621180828125001 0.9578769234374999 0.6546238625 0.966086740625 0.6530506218750001 0.97324851875
0 0.515081628125 0.7464287265625 0.5216764203124999 0.73799570625 0.5136181671875001 0.7271850515625 0.5002395625 0.7276410859375 0.4950686109375 0.73391005 0.496080846875 0.7379373484375 0.49952915468750003 0.7438278890625 0.5026024515625 0.7471079625 0.5100600796875 0.747699965625 0.515081628125 0.7464287265625
0 0.45418276874999997 0.7300572203125 0.47543060624999994 0.7240018375 0.49510520312500006 0.7251082312499999 0.5118559046875 0.717936825 0.515228 0.7112214531250001 0.51305413125 0.7081645812499999 0.5022610015625 0.7054861328124999 0.48101316406250005 0.7115415171875 0.44683795000000004 0.7332693109375 0.45418276874999997 0.7300572203125
0 0.53366475 0.7006923625 0.5353904171874999 0.71874240625 0.547982403125 0.7218672640625 0.54940624375 0.71970320625 0.5544277937500001 0.7184319671875 0.5880054109375 0.7166950671875 0.5660441359374999 0.7087277078125 0.557723675 0.69911068125 0.547829975 0.6966554375 0.53366475 0.7006923625
1 1 1 1 0.5296875 0.6356370640625 0.5296875 0.630708528125 0.5309351921875 0.6292115015624999 0.5507028843749999 0.631873190625 0.5601743140625001 0.63453488125 0.5696457453125 0.6421053140625 0.5740418421875 0.616585953125 0.586589396875 0.6246442078125 0.59740005 0.634912921875 0.602465759375 0.6336781031250001 0.6210398203125 0.6152047625 0.64037073125 0.6202659328125 0.660507221875 0.6069635437500001 0.6735691671875 0.5970698406249999 0.6711139234375001 0.5850418921875 0.6870095375 0.5888286218750001 0.704312359375 0.5939263875 0.7156470328125 0.6074178 0.71899509375 0.5944538296874999 0.7434693203125 0.6120673640625001 0.745322940625 0.55608330625 0.784295196875 0.549714128125 0.8003364062500001 0.6211012609375001 0.768962709375 0.6159333390625 0.805441221875 0.6215189265625 0.8231904515625 0.622607375 0.8398236640625001 0.6314552765625 0.8772629765625 0.6359158218750001 0.8871808140624999 0.6485078062499999 0.8903056703125 0.655816034375 0.8958953968750001 0.674966215625 0.899389053125 0.6754540390624999 0.9058036109375 0.6589655437499999 0.9117813874999999 0.6578435296875 0.9341595421874999 0.6708471218750001 0.9310930468749999 0.6760211 0.9550336312500001 0.6945340640625 0.9571104515624999 0.711546971875 0.9487454156249999 0.71098899375 0.9901440421875 0.7196960984375 1 1 1
0 0.6162412265625 0.88607441875 0.6288698015625 0.8803974578125 0.6323912984375 0.8686843609375 0.6292051953125 0.8616001921875001 0.62021091875 0.8593681515625 0.6101678171875 0.86191063125 0.6120428875 0.8749629515624999 0.6162412265625 0.88607441875