0 0.223900546875 0.48812643125 0.2254049890625 0.508163621875 0.23804918281249998 0.5170249124999999 0.24106320312500001 0.5090344578125 0.2411479546875 0.507999925 0.2473614171875 0.4993560125 0.2467363203125 0.4877856203125 0.2416246078125 0.48298060937500004 0.22579689374999998 0.4841788375 0.223900546875 0.48812643125
0 0.0943803734375 0.2162791703125 0.10118708750000001 0.2003935296875 0.0961442015625 0.185147928125 0.086800121875 0.18400470468750002 0.080925659375 0.1885104890625 0.0767939671875 0.20054380312500003 0.078282484375 0.211174934375 0.0836484484375 0.21287634375 0.0943803734375 0.2162791703125
0 0.0831502203125 0.1229538703125 0.09290212656249999 0.10951836875000001 0.08579339375 0.1002894234375 0.074706546875 0.0916186703125 0.06632656406250001 0.0979077125 0.063582715625 0.1122006296875 0.0685249296875 0.1190747046875 0.0754482375 0.1209666515625 0.0831502203125 0.1229538703125
0 0.1619842609375 0 0.1622672234375 0.0020209375 0.16365506875 0.0042805390625 0.1726601484375 0.009561890625 0.1780600640625 0 0.1619842609375 0
1 0.4 0 0.1991483546875 0 0.2051790015625 0.0062261703124999995 0.208696384375 0.040093356250000003 0.20700138437499999 0.06078400625 0.1914597640625 0.077690759375 0.19722841875 0.11287828124999999 0.2139195578125 0.1107407890625 0.209904459375 0.14055169218750002 0.22051465312500002 0.1742417625 0.22332219062499997 0.1975730875 0.2401987515625 0.20277259218750002 0.24673015625 0.228649325 0.2653813328125 0.2601884796875 0.26402533125 0.276741 0.2686126203125 0.2783471421875 0.275467103125 0.290679684375 0.2667958890625 0.3293250375 0.272093025 0.34146704375 0.270652271875 0.35905409375 0.2842446421875 0.3659415890625 0.301036453125 0.372175625 0.30983505 0.40877875625 0.3252390140625 0.41275318906249997 0.33526109375 0.40562015156250003 0.349886384375 0.4094993171875 0.356793771875 0.40198520625 0.37461850625 0.4052109125 0.3782047171875 0.42863750468750006 0.3858378734375 0.44106531562500007 0.4 0.44197563593750006 0.4 0
0 0.658118646875 0.45901598125 0.659999071875 0.44566232812499995 0.6564447046874999 0.44104785468749996 0.6452890296875 0.44281769375 0.635960875 0.45108053281249993 0.6481813187500001 0.4651144859375 0.658118646875 0.45901598125
0 0.689599440625 0.506753425 0.6903252109375 0.526695346875 0.698805865625 0.52877783125 0.704341328125 0.528410178125 0.7090821953124999 0.518541196875 0.710099196875 0.5061268078125 0.705411234375 0.4961491359375 0.6958976546875 0.49707497968750003 0.689599440625 0.506753425
0 0.725132315625 0.4954272515625 0.7317007015625 0.4920512671875 0.73549339375 0.4841560828125 0.7360866453125 0.4769143546875 0.727081565625 0.471633003125 0.7149777171875 0.47537663906249994 0.7122338703125 0.48966955624999997 0.725132315625 0.4954272515625
0 0.9565569828125 0.46418202343750004 0.9470434031250001 0.465107865625 0.9397281890624999 0.4872007 0.9473454218749999 0.4902224484375 0.9527961359375 0.4908893296875 0.9583315984375 0.490521675 0.9648152328125 0.48818022499999997 0.9664414078124999 0.4779301703125 0.9642589656249999 0.4661692390625 0.9565569828125 0.46418202343750004
0 0.9262416296874999 0.4406199 0.9361948828125 0.443927453125 0.9449297890625001 0.442906340625 0.9493316546875 0.4371754890625 0.9468102125 0.4295526890625 0.9313214984375 0.4266127875 0.9246683625 0.4310233015625 0.9262416296874999 0.4406199
0 0.506710871875 0.18553573437499998 0.507643125 0.1741558765625 0.504766759375 0.1612651453125 0.50009471875 0.160693534375 0.49196898593749994 0.16387897812500002 0.49017331249999996 0.1761981 0.4956399484375 0.1862710390625 0.501090659375 0.18693791875000002 0.506710871875 0.18553573437499998
0 0.47012350312500006 0.084928446875 0.4785723125 0.06819881093749999 0.47759229375 0.0513604859375 0.4723110828125 0.048624542187499994 0.4614255796875 0.0566968421875 0.45858105781249997 0.0626182328125 0.45998482812499997 0.074283896875 0.4635391953125 0.0788983671875 0.47012350312500006 0.084928446875
0 0.515222859375 0.052829775 0.5143912828125 0.07258115937500001 0.5212457640625 0.0849137015625 0.5326716125 0.08944632500000001 0.5368192281249999 0.0868190703125 0.54000275 0.0767595515625 0.54135875 0.06020703125 0.5401404046875 0.055878365625 0.5260236140625001 0.0457920046875 0.515222859375 0.052829775
1 1 0 0.617329721875 0 0.6176420203124999 0.0026663843749999997 0.6306252140625 0.007389546875 0.6238185015625 0.0232751859375 0.611900075 0.0343558171875 0.6118471703124999 0.054202470312499994 0.6012318406249999 0.06857723593750001 0.6002307625000001 0.090397684375 0.6113176109375 0.0990684390625 0.6195599390625001 0.1136605828125 0.6452032515624999 0.13665109687500002 0.6505003874999999 0.14879309999999998 0.6674565625 0.20102290625000002 0.6793909109375 0.1993483359375 0.6855673921875 0.2199571375 0.683448640625 0.2458204484375 0.696532509375 0.2589151375 0.6854934296875 0.2784625640625 0.6685639640625001 0.293109715625 0.6828661765625 0.3105330703125 0.7053470296875 0.3049243296875 0.7188546468749999 0.3128463546875 0.72408295625 0.335428953125 0.7206611078125 0.3579981296875 0.7184416828125 0.3754899125 0.7417171312499999 0.3793824984375 0.7558868265625 0.36962220625 0.7729488109375 0.3821587046875 0.7825312156249999 0.37079226875 0.7949899890625 0.3723165640625 0.7942431609374999 0.3910334171875 0.7956469296875 0.4026990796875 0.8163161859375 0.40000339843750005 0.8251358406249999 0.397947753125 0.8398618046875 0.41019844687499996 0.8509327296875 0.40946314062500005 0.8650335984375002 0.4101434390625 0.8757496015624999 0.40414020156249997 0.8809301421875 0.39850461875 0.8949462593749999 0.4002194515625 0.8963500296875001 0.4118851140625 0.9098417234374999 0.41040107968750006 0.9162246875000001 0.399688103125 0.9241968437499999 0.40797778124999995 0.9410734046875 0.413177284375 0.9574096203125 0.40577186249999997 0.9717647375 0.403348565625 0.9897589734375 0.40450520624999997 1 0.3933646375 1 0
0 0.4355870859375 0.2760995703125 0.41534157968749996 0.273622590625 0.40878911718750005 0.286404634375 0.4067391921875 0.30182735156249996 0.41782604218749997 0.31049810624999996 0.43494093125 0.3031879515625 0.44149339374999996 0.2904059078125 0.4355870859375 0.2760995703125
0 0.02739859375 0.9965482953125001 0.0366404296875 0.9853860484375 0.0398684828125 0.9685708515624999 0.028258482812500003 0.9634625124999999 0.017583296875 0.9695322109374999 0.014137096875 0.9777156484375 0.009893250000000001 0.9956358609375 0.02739859375 0.9965482953125001
0 0.2661478109375 0.93970788125 0.2743925859375 0.94071660625 0.28251892343749996 0.9318764734375 0.27985163750000003 0.9192571812500001 0.266926725 0.9189051515625 0.25870068281249997 0.9289623796875001 0.25585271718749997 0.9298432359375 0.2661478109375 0.93970788125
0 0.2583828328125 0.92154771875 0.27098989218749997 0.9144850874999999 0.276467678125 0.9040916171875001 0.2686217265625 0.898214503125 0.2503187359375 0.90703884375 0.230999953125 0.9169682031249999 0.22928621875 0.9265929015625 0.2583828328125 0.92154771875
0 0.298135896875 0.8993668859374999 0.2933747859375 0.9123066296874999 0.30721578437499997 0.912770740625 0.3383439828125 0.905515525 0.3347606109375 0.8927841546874999 0.298135896875 0.8993668859374999
0 0.3440701234375 0.621019490625 0.3420572734375 0.6342954781250001 0.35032078125 0.6463701578125 0.35856555625 0.6473788828125 0.36700974375 0.6459534125 0.37493666718749996 0.639547475 0.384377915625 0.6259510359375 0.3782456984375 0.610449228125 0.3608400609375 0.608319696875 0.35076311250000003 0.6070868109374999 0.3440701234375 0.621019490625
0 0.7725939562499999 1 0.776275259375 0.9940804374999999 0.777292259375 0.9816660468750001 0.770183528125 0.9724371015625 0.7566070828125 0.9749556687500001 0.7526448890624999 0.9849199203125 0.7564694265625 0.9958368531249999 0.7609719671875 0.99847753125 0.7626626828124999 1 0.7725939562499999 1
0 0.7047323437499999 0.8881515375 0.7185789625 0.8919354343749999 0.725046675 0.8801879234375001 0.724506328125 0.867582996875 0.7201732890625 0.8628732546875 0.7108292109375001 0.8617300328124999 0.7034821515624999 0.8650107484374999 0.7010773046875001 0.8751655359375 0.7047323437499999 0.8881515375
0 0.6824790328125 0.8237797234374999 0.6882687453124999 0.820308475 0.69014916875 0.806954821875 0.6875429765625001 0.800366553125 0.6765568015625 0.800067328125 0.671900684375 0.8089017765625 0.671476934375 0.8140744390625001 0.6741678765625 0.8196281734374999 0.6824790328125 0.8237797234374999
0 0.5408396015625 0.699870603125 0.5539763734375 0.6931186390625 0.5560262984375 0.67769591875 0.54727546875 0.6693109703125 0.5379313906250001 0.6681677500000001 0.53049958125 0.6724829953125 0.5234226953125 0.6820661718750001 0.53173385 0.6862177234375 0.5408396015625 0.699870603125
1 1 1 1 0.5296875 0.653314134375 0.5296875 0.6525971890625 0.5453147031250001 0.66998225 0.5443070125 0.66926726875 0.5818359859375 0.66808076875 0.5963194390625001 0.6576030921875 0.5898130187499999 0.6489159546875 0.6190523125 0.62479300625 0.62550505 0.6185107171875 0.64458955625 0.6271927187499999 0.6634150984375 0.6466436265625 0.65639075 0.6558182046875001 0.6596030374999999 0.6423424328125 0.67049313125 0.6032870375 0.696016953125 0.5832428796875 0.7102830296875 0.5519582953125 0.727353478125 0.5805837828125 0.7235414140625 0.564989259375 0.7602948203125 0.599271940625 0.7258278578125 0.6165563296875 0.7164486390625 0.62007885 0.702250990625 0.662519109375 0.6834107031250001 0.6844914609374999 0.6840091546875 0.677245075 0.6956613968750001 0.6678321687500001 0.70495876875 0.6722658796875 0.7180400375 0.6732618218749999 0.744284421875 0.6932638625 0.80733589375 0.699000671875 0.8237112968750001 0.664076971875 0.8372018046875 0.641357790625 0.85532020625 0.6186386140625 0.87343860625 0.654187409375 0.87151849375 0.669506625 0.8765274609375 0.6795975296875 0.858953828125 0.7051930750000001 0.8537261609375 0.7175352515625001 0.8374728671874999 0.7456840828125 0.8586801203124999 0.7579892781249999 0.871679540625 0.7644040875 0.879778684375 0.7512832375 0.8959367078125 0.7493339859375 0.919730953125 0.7532591984375 0.9390194187500001 0.7813602625 0.9320084906249999 0.7972039015625001 0.9402163218750001 0.8167554812500001 0.9415635015625 0.8007053625000001 0.9646774468749999 0.8126397109374999 0.9630028781250001 0.8249818874999999 0.9467495843750001 0.8267246562499999 0.954277115625 0.8009226296874999 0.9908265640625 0.79478288125 1 0.8117488875 1 0.8209138843750001 0.9964071421875001 0.8331553875000001 0.9717823203125 0.853755815625 0.9795272296875 0.85663218125 0.9924179609374999 0.8693452031250001 0.9908386609375001 0.8844101671875 0.9989512234374999 0.8867077359375 1 1 1