1 0 0 0 0.15 0.2491524734375 0.15 0.26155918749999996 0.128031559375 0.2627521140625 0.11513605468749999 0.2824052015625 0.071123040625 0.263719509375 0.0747946640625 0.2739395140625 0.053968282812500004 0.28607920937500003 0.036840528125 0.2820969828125 0.022837271875000002 0.299065984375 0.0078391453125 0.311563215625 0 0 0
1 0.36875 0 0.36875 0.1193913796875 0.5117462328125 0.15 0.5665646109375 0.15 0.56705084375 0.149783109375 0.5665145390624999 0.14199698125 0.57248915625 0.1290291015625 0.611792771875 0.1089486015625 0.6167298515625 0.0990463484375 0.611805315625 0.09251272031249999 0.610434471875 0.080164340625 0.6184240109375001 0.075299090625 0.6336036249999999 0.0796442203125 0.6411044718750001 0.06919484218750001 0.634307859375 0.0611645875 0.6407711671875 0.05378083593750001 0.65722639375 0.06607034375000001 0.677140084375 0.0681411 0.6847963187499999 0.047861842187499996 0.691557859375 0.037254215624999996 0.6970437875 0.018702209375 0.6927157140625 0.005720828125 0.6872454125 0 0.36875 0
0 0.153558828125 0.2406928578125 0.166628290625 0.23253135781249998 0.16318236875 0.226314228125 0.15594468125 0.2149018484375 0.14968437343750002 0.2146577234375 0.14109837187500002 0.22597072499999998 0.1391185234375 0.23650597968750003 0.153558828125 0.2406928578125
0 0.05827339375 0.1731729375 0.042402089062499995 0.17087155781250002 0.033422625 0.18100443593749999 0.027889084375 0.19735444062500002 0.0305480828125 0.2012113171875 0.0445473109375 0.202016071875 0.0550530046875 0.1944016953125 0.058606696874999996 0.18858694375 0.05827339375 0.1731729375
0 0.0388555890625 0.6194332359375 0.0390936625 0.6304432375 0.0442688140625 0.631550990625 0.054726893750000005 0.6217346140625 0.06144081875 0.608924984375 0.059127665625000006 0.6040462328125 0.048431515625 0.602852603125 0.0388555890625 0.6194332359375
0 0.046925256250000005 0.7033533953125 0.0405697203125 0.698705265625 0.028978873437500004 0.707183265625 0.02625971875 0.7175602703124999 0.027094254687500003 0.7221225234374999 0.0360135609375 0.726223525 0.0422738671875 0.7264676531250001 0.048784790625000005 0.7212859 0.05041879375 0.7117725218750001 0.046925256250000005 0.7033533953125
0 0.3546222125 0.6437676984375 0.358955528125 0.6337233515625 0.3606296515625 0.6116301421875 0.34739869375 0.6099890078125 0.3392758859375 0.6146968015625001 0.32627054375000003 0.6338310703125 0.33576727968750003 0.6526247578125 0.34185569375 0.65392799375 0.3546222125 0.6437676984375
0 0.051044715625 0.53752876875 0.045404440625 0.5569502468749999 0.066257490625 0.5576138421875 0.0679065203125 0.5566096640625 0.0775448015625 0.541911865625 0.07302788437499999 0.5332092140625 0.0625905984375 0.5309750937500001 0.051044715625 0.53752876875
0 0.9313541703125001 0.20381385624999998 0.9281112531249999 0.18996885 0.9239736375 0.185795471875 0.9175103296875001 0.1931792234375 0.9120845593750001 0.19749735 0.9089243281249999 0.204492225 0.9091147859375 0.21330023125 0.9198585546875 0.2166958578125 0.9289808609375001 0.21316898437500004 0.9313541703125001 0.20381385624999998
0 0.8678814921875 0.1781724578125 0.869610725 0.17306308125 0.865723728125 0.1634638265625 0.8541930375 0.1577079484375 0.845321346875 0.15580894375 0.83486326875 0.1656253203125 0.8348031109375 0.1798592015625 0.8378555703125 0.18489620625 0.8496844921874999 0.1874282078125 0.8617640296874999 0.184534334375 0.8678814921875 0.1781724578125
0 0.6165030312499999 0.15 0.6163489875 0.150633146875 0.6173263703125 0.1618014 0.6281177515625 0.1673990296875 0.6376811359375 0.16725428125 0.6437509828125 0.1586904046875 0.6469112156250001 0.151695528125 0.6467628328125 0.15 0.6165030312499999 0.15
0 1 0.48218095781250003 0.9944357078125 0.48362135312499993 0.9907867843750001 0.485032103125 0.9832859359375 0.49548148125 0.9896890875000001 0.502331609375 0.998859009375 0.5010067375 1 0.500098675 1 0.48218095781250003
0 1 0.593797403125 0.9943479078124999 0.598672525 0.9927615203125001 0.610387903125 0.9958615953125001 0.61762690625 1 0.6185127406250001 1 0.593797403125
0 0.9632969906250001 0.592026015625 0.9425011484375 0.5831910078125 0.937373609375 0.5842852578125 0.9277976828125001 0.6008658875 0.9265571421875001 0.611559390625 0.9303489109375 0.6167546421875 0.9417843687499999 0.6181065218749999 0.9578110625 0.6105780203125 0.9646678328124999 0.6043743953125 0.9632969906250001 0.592026015625
0 0.8663598984374999 0.6863464078125 0.8797752078125001 0.6771630328125 0.87480305625 0.668427403125 0.8641069031249999 0.6672337749999999 0.8547815953125 0.678388528125 0.8626633609375001 0.68555515625 0.8663598984374999 0.6863464078125
1 0.36875 0.9151788 0.6673781515625 0.9791007328125 0.6764052296875 0.9711698562500001 0.6837983046874999 0.9727523578125 0.69095330625 0.9633248562500001 0.6979529203125 0.9637272343750001 0.7102003890624999 0.9345675984374999 0.7182375421875 0.9319043499999999 0.7333695406249999 0.934047478125 0.7355047765625 0.9136823453125 0.7287557796874999 0.9078540921875 0.7413841640625 0.8963104640624999 0.75395239375 0.89900071875 0.7603680890625 0.8894149671874999 0.7556941687500001 0.8774554609375 0.758902015625 0.872662584375 0.7712196265625 0.8807787156250001 0.79813293125 0.8832518484375 0.8005538578125 0.87609871875 0.8122875484375001 0.8742267203124999 0.8147084734375 0.86707359375 0.8094380906249998 0.8615618406250001 0.8250964078125002 0.8199814515625 0.814305025 0.814383821875 0.8005564125 0.8081531921875001 0.7926746453125 0.8009865625 0.8056012640624999 0.786219059375 0.8242393406249999 0.7803454359375 0.8324794953125 0.7700543093750001 0.8335295781250001 0.7505528015625 0.8166207328125001 0.7513170484375 0.8131748125 0.745099921875 0.82781811875 0.741658921875 0.847804509375 0.7130599140625 0.8412108984375 0.69740178125 0.8356898984375001 0.69731590625 0.8339255937499999 0.6837874015625001 0.83975736875 0.66421351875 0.8270939109375 0.6571192640625 0.8388401453124998 0.6388113843750001 0.8503357625 0.6259293796875001 0.8578967671874999 0.601246121875 0.8758556953125 0.5809803687499999 0.8781337734375001 0.5672212390625 0.8723747015625001 0.5561253578125 0.8694776281250001 0.5412584765625 0.85366648125 0.524723215625 0.8449501765625002 0.512994334375 0.8462508765625 0.48806695 0.836938109375 0.482785821875 0.8420907328125 0.44881980937500005 0.828402278125 0.4283552984375 0.8363216734375001 0.38621428281250003 0.8454565234375 0.36625152656250004 0.8511930671875 0.34227364375 0.8327579921874999 0.3405193890625 0.8285602203125 0.35057989375 0.823194609375 0.3406641375 0.8194153828124999 0.3190330046875 0.8198213890625 0.303777246875 0.8361588546875 0.276588990625 0.8262621671874999 0.2613197328125 0.805263325 0.26011260312499995 0.7992410921875 0.2708784796875 0.7840138640625 0.26433135 0.7748915578125 0.2678582234375 0.764982325 0.269024846875 0.7584839453125 0.2577707171875 0.7471086421875001 0.242184959375 0.731583184375 0.23886170468749998 0.7226162625000001 0.2325587015625 0.7169048046875 0.2236648203125 0.7004370359375001 0.22781119374999997 0.681846575 0.2358868171875 0.6680503468750001 0.22745418750000002 0.6474925796875001 0.22962918437499996 0.6308343515624999 0.224967553125 0.6124468921874999 0.2254153 0.5851877421875 0.22396404374999998 0.55456535625 0.23713554218750002 0.5309425875 0.25070941874999997 0.5096455109375 0.25272616562500005 0.4892305875 0.2615071640625 0.45964574375 0.2716130375 0.44983174375 0.27718366093749996 0.42852212500000003 0.29563629062499996 0.40647320000000003 0.3139306671875 0.3861660484375 0.3106797859375 0.36889881562500004 0.32890179062499997 0.36875 0.329039478125 0.36875 0.9151788
0 0.644262203125 0.1993482953125 0.6436782828125001 0.18936016718749998 0.63441313125 0.1862810390625 0.6289873625 0.1905991640625 0.6233109750000001 0.2003431671875 0.622368665625 0.20781279531250002 0.6275914328125 0.21112254687499998 0.63533035625 0.21168317343750004 0.644262203125 0.1993482953125
0 0.490651603125 0.20811201875 0.5015031421875 0.199475765625 0.5064878359375 0.191775515625 0.5004305296875 0.1839035109375 0.49308507031249993 0.18452300937500002 0.4901278390625 0.1838900078125 0.48435622343749996 0.1892300078125 0.48129122031250005 0.20062888750000002 0.4854764484375 0.2070042671875 0.490651603125 0.20811201875