0 0.0909241203125 0.25117344375 0.0880424625 0.2584503 0.09764302968750001 0.26385943125 0.1092466125 0.2667521578125 0.1155013765625 0.266207434375 0.12041335 0.25719245 0.11602508593750001 0.25132938125000004 0.10848213749999999 0.2449603984375 0.09594530625 0.2452715671875 0.0909241203125 0.25117344375
0 0.039657384375 0.2205087609375 0.042975884375 0.2256843390625 0.05035501875 0.227383659375 0.059655257812499994 0.22423174375000002 0.0699706546875 0.2202107625 0.0686278640625 0.21174050156250002 0.06536397031249999 0.20812147812499998 0.057957532812500004 0.20564387968750003 0.046435859375 0.2050859859375 0.040290306250000005 0.2087438171875 0.0394935671875 0.2158390984375 0.039657384375 0.2205087609375
0 0.153159015625 0.1473909328125 0.1491529875 0.15242374375 0.1443229203125 0.163773559375 0.1518658703125 0.17014254374999999 0.162345084375 0.170791225 0.17381215156250002 0.169792565625 0.1768303234375 0.1664070953125 0.1785330078125 0.15532964062500002 0.173047678125 0.14800080625 0.162459253125 0.14423901562500002 0.153159015625 0.1473909328125
0 0.1856291953125 0.20857682500000002 0.19259878749999998 0.19860198906249998 0.1870588515625 0.18971659999999999 0.17435820625 0.1853581078125 0.1630003484375 0.189469875 0.15490638437499998 0.1972006671875 0.15424616093750002 0.20818733437499998 0.15652220156250002 0.2134537 0.1576465703125 0.21569774375 0.1618983203125 0.21766942656250002 0.1702653109375 0.2177214046875 0.1795655484375 0.2145694890625 0.1856291953125 0.20857682500000002
0 0.0960520140625 0.0992798125 0.0977497390625 0.11786767499999999 0.104195621875 0.1227708921875 0.11612683593749999 0.13500294375 0.12759390312500002 0.134004284375 0.10332689531249999 0.06820070781250001 0.096657634375 0.08673659218749999 0.0960520140625 0.0992798125
1 0 0.4296875 0.35 0.4296875 0.35 0.287553046875 0.34944447031250003 0.2879888453125 0.343795325 0.275990346875 0.31935458125 0.2648477421875 0.30396339375000003 0.2732140453125 0.30453675156250004 0.2895578640625 0.2909574578125 0.289959821875 0.285472128125 0.28263098593749997 0.2668716484375 0.28893481875 0.20912676718749998 0.2822539609375 0.185232078125 0.2866768984375 0.1682201125 0.3084554859375 0.1401555796875 0.313241571875 0.1284924328125 0.33845760937499997 0.11559570781249999 0.35831649374999996 0.10656849531249998 0.36925118125 0.0700550640625 0.3716504578125 0.055155325 0.3940257484375 0.0285427921875 0.4103952046875 0 0.41903401875 0 0.4296875
0 0.29115353593750004 0.26574244375 0.2888774953125 0.260476078125 0.285640903125 0.25763533125000004 0.27623145312499997 0.25767413906250003 0.26607987187500004 0.2663647828125 0.26851972812499997 0.2763008109375 0.2770778359375 0.2818007296875 0.2791354546875 0.28084087812499997 0.2883264828125 0.274575853125 0.2903841015625 0.2736160015625 0.2913446546875 0.2711903828125 0.29115353593750004 0.26574244375
0 0.44004083906249997 0.031431121875 0.42907017812500003 0.0167734515625 0.41968803125000004 0.0175905375 0.410633515625 0.027746946875 0.40684591093750005 0.039005975 0.4144161609375 0.046153235937499995 0.430080375 0.045569704687500004 0.43935331250000004 0.0416395109375 0.44004083906249997 0.031431121875
1 0.44131019687500006 0 0.44221262968749997 0.0039190609375 0.43713683750000004 0.0082643828125 0.4460498796875 0.0238819046875 0.45057465625 0.0336363578125 0.449063090625 0.0501617515625 0.4391026296875 0.064300334375 0.4362209703125 0.071577190625 0.43657590468750007 0.0816947921875 0.41869025468750004 0.07856851249999999 0.40516556875000004 0.0805270234375 0.39495938124999996 0.0876611140625 0.37718294375 0.08764794218750001 0.36623462500000004 0.1034338671875 0.3800323390625 0.1092581265625 0.37832965625 0.12033558124999999 0.369411653125 0.1343833765625 0.354075071875 0.1443062328125 0.3554178609375 0.15277649375 0.35 0.1626628484375 0.35 0.3660195796875 0.3545591 0.3667507203125 0.3549413375 0.37764659843750004 0.3699726296875 0.3888280109375 0.3715065390625 0.4027462125 0.371834171875 0.4120855375 0.37207989375 0.41909003125 0.3724516625 0.4296875 1 0.4296875 1 0 0.49048433906250005 0 0.48610519218750003 0.00321910625 0.47249859531249994 0.0028427859375 0.47053576249999995 0 0.44131019687500006 0
0 0.22993814375000002 0.47775286875 0.227029184375 0.484251446875 0.2293052234375 0.48951781250000004 0.23654784375000001 0.48732574843750004 0.24151442343750001 0.47986731718750003 0.2411594890625 0.469749715625 0.2344132765625 0.4562854515625 0.22577326250000002 0.4484507 0.2233880109375 0.4400712265625 0.21787537812500002 0.4319641140625 0.21392395468749997 0.43855348125000004 0.2143334953125 0.4502276375 0.21553977343750003 0.4548065125 0.2231646296875 0.4635103265625 0.22870456562500002 0.472395715625 0.22993814375000002 0.47775286875
0 0.305985678125 0.6186737109375 0.303545821875 0.6087376828125001 0.29194224062499996 0.60584495625 0.27844485625000004 0.6085817453125 0.276632959375 0.616546090625 0.2799514609375 0.62172166875 0.2832153546875 0.6253406921875 0.2885641734375 0.6287781421874999 0.2979736234375 0.628739334375 0.3020615578125 0.626041353125 0.305985678125 0.6186737109375
0 0.197237165625 0.648441575 0.204370575 0.6431364015625001 0.20409755000000002 0.6353536296875 0.1975424546875 0.6273373062500001 0.1836901359375 0.619956490625 0.1814414 0.615468403125 0.170165446875 0.621915003125 0.17035656562499998 0.6273629421875 0.174772134375 0.6340042875 0.1801755546875 0.638998290625 0.18675795312500001 0.6477928921875 0.197237165625 0.648441575
0 0.3201383265625 0.6346155734375 0.32479961562500004 0.6482614124999999 0.3253183671875 0.6630486765625 0.32784013125 0.6753195359374999 0.3369219484375 0.6659414031249999 0.33961248906249997 0.6532166078125 0.3372272375 0.644837134375 0.3367903953125 0.6323847 0.3385476859375 0.6228638 0.34129283125 0.611695559375 0.33487425000000004 0.6075706203125 0.332843934375 0.6093087484375 0.32233741875 0.6078817890625 0.3082393734375 0.5934964812500001 0.31188550625 0.608011384375 0.3165741015625 0.6224355 0.3201383265625 0.6346155734375
0 0.1899747046875 0.769294909375 0.1938988234375 0.761927265625 0.1905803234375 0.7567516875 0.1778250703125 0.750836640625 0.17889483281250002 0.7515241312500001 0.1747795953125 0.7534438343750001 0.16866134375 0.7578799421875 0.1647099234375 0.7644693078125 0.169070884375 0.7695541 0.17749247968749998 0.7711626328125 0.1899747046875 0.769294909375
0 0.0995486859375 0.8146414859375 0.094500196875 0.8197650859374999 0.096994659375 0.8312576671875 0.108734753125 0.8380417796875002 0.11608658281249999 0.8389628218750002 0.125386821875 0.8358109062499999 0.12514109843750001 0.8288064125 0.1236890984375 0.8172230421875 0.11205821406250001 0.8135520390625001 0.0995486859375 0.8146414859375
0 0.0712508515625 0.9021973078125001 0.067053703125 0.9017821796875001 0.05989299375 0.9063090765624999 0.0549264125 0.9137675062499999 0.0562419 0.921459490625 0.06471809843750001 0.924624578125 0.07728223437500001 0.9250916859375 0.08120635312499999 0.9177240421875 0.0798089578125 0.9076972265624998 0.07649045625 0.9025216484375 0.0712508515625 0.9021973078125001
0 0.0365940015625 0.9575194281249999 0.0508608203125 0.94690908125 0.044333028125 0.9396710328125 0.0420842921875 0.9351829453124999 0.027462537500000002 0.9356756890625 0.0161592859375 0.9413440109375 0.0206840640625 0.9510984656249999 0.0270753421875 0.9544451265625 0.0365940015625 0.9575194281249999
1 0.35 1 0.35 0.6792204953125001 0.342734909375 0.6826095624999999 0.3347774609375 0.694231740625 0.3362567640625 0.7065933875 0.33864201562499996 0.7149728609375 0.334799803125 0.724675334375 0.3222083671875 0.7234299500000001 0.308601771875 0.7230536296875 0.30895670625 0.7331712328125001 0.2965563875 0.7373737874999999 0.291480596875 0.7417191093750001 0.2746374078125 0.7385020421874999 0.24753342968749997 0.7408625109375 0.2342271625 0.7490472390624999 0.21883597500000002 0.757413540625 0.20141447031249998 0.767517971875 0.18816280937500002 0.7772592546875 0.17803853125 0.786728175 0.15902851406250001 0.7813578515625 0.14276364218749998 0.7648192859374999 0.1218920828125 0.7361914359374999 0.127044821875 0.7638462625 0.1339002453125 0.7804236359375001 0.14780716875 0.7893610046875 0.15049275 0.8063015265625 0.1517809328125 0.8132152328125001 0.138392759375 0.8190651296875 0.13863848437499998 0.8260696234375 0.13781444375000002 0.832386628125 0.12439896718750001 0.8374582468749999 0.1258782703125 0.84981989375 0.13339391875 0.8554106000000001 0.1316912328125 0.8664880546875 0.1289187828125 0.8768780187499999 0.1198096640625 0.8854778750000001 0.10900281875 0.8754898671875001 0.092186934375 0.873051078125 0.08705653906250001 0.8758398453125 0.087520684375 0.8890705562499999 0.0908937890625 0.8958026875 0.0880667359375 0.9046360984374999 0.085321590625 0.9158043390625 0.085676525 0.9259219421874999 0.07437327187500001 0.9315902640625 0.075743365625 0.9408388015625 0.06855535 0.9445874203125001 0.061503848437499994 0.9522274249999999 0.043836621874999995 0.9553273624999999 0.037800278124999996 0.9620983031249999 0.032009657812499995 0.9758737375 0.029237209375 0.9862637015625001 0.0380137390625 0.9979898375000001 0.0379563609375 1 0.35 1
0 0.675869515625 0.4296875 0.67740966875 0.434041834375 0.6923516078125 0.4391694734375 0.7056495500000001 0.4325008578125 0.704375775 0.4296875 0.675869515625 0.4296875
0 0.41328166718750003 0.61960446875 0.416575490625 0.6082966015625 0.4053449484375 0.6037641578125 0.399212825 0.6042982 0.3860754859375 0.6155449140625 0.3974987546875 0.6255710796875 0.41328166718750003 0.61960446875
0 0.35 0.6295178390625 0.3586065 0.6390607734375 0.3711277109375 0.6453176484375 0.38497170625 0.6542145765624999 0.3950400703125 0.6606850703125 0.40978928281249993 0.6603189875 0.408241653125 0.6512695953125001 0.39804480781249996 0.6411366218750001 0.3756479578125 0.633902975 0.36428893281249997 0.62570805 0.35 0.6261895765625 0.35 0.6295178390625
0 0.3807609984375 0.7445862 0.36714184375 0.7420986140625001 0.35991178281249997 0.7464019453125 0.35171226093749997 0.758137046875 0.35803710624999996 0.7630967249999999 0.3702049875 0.7592817796875 0.37624074687500003 0.7560008765624999 0.3807609984375 0.7445862
0 0.525251290625 0.5501559687500001 0.52373578125 0.5420221953125 0.5172182078125 0.5315687984374999 0.504793359375 0.52805878125 0.5001767484374999 0.536726596875 0.5005300765625 0.54679841875 0.5080813484375 0.5516512875 0.525251290625 0.5501559687500001
0 0.501639690625 0.4732283828125 0.5006381109375 0.47974453281249996 0.5109634390625 0.4935399875 0.519741134375 0.498286046875 0.528390346875 0.499369628125 0.5327821109374999 0.484292471875 0.5263287828125 0.47567031249999997 0.517518965625 0.47000863125 0.51016041875 0.47064948281249996 0.501639690625 0.4732283828125
0 0.513705371875 0.50156695 0.5190928828125 0.5148740187499999 0.529386090625 0.5277538515625 0.540584515625 0.531370675 0.556592271875 0.5318134062500001 0.5621783406249999 0.5157138203125 0.548334346875 0.50681689375 0.5383944656249999 0.50400888125 0.5210639203125 0.5009260984375 0.513705371875 0.50156695
0 0.5645027078125 0.5118377234375 0.5728307140625001 0.503765103125 0.57376805 0.4954177140625 0.5724452624999999 0.4927776609375 0.5636996890624999 0.4889472203125 0.5503375015625 0.49378459531249996 0.5481416218749999 0.501323171875 0.5545628296875 0.5090297109375 0.5645027078125 0.5118377234375
1 0.716641315625 0.4296875 0.7166231296875 0.4297083421875 0.7158785156249999 0.4435494515625 0.706452571875 0.4553913625 0.6939956015625001 0.4509657265625 0.6968660203124999 0.462655171875 0.70325510625 0.46944608906249996 0.7011555859375 0.47973152812500003 0.6853084328125 0.4838668984375 0.6825986171875 0.4767555546875 0.6739494046875001 0.4756719734375 0.659296553125 0.4787849171875 0.6546157 0.4856214921875 0.6349607890625 0.4864148078125 0.6179514484374999 0.49248822656249996 0.5999405343750001 0.505077796875 0.59271046875 0.509381128125 0.573569490625 0.524824365625 0.5615943343750001 0.5341330328125 0.5618834203125 0.5423736140625 0.551038325 0.548828609375 0.5551351671875 0.560411246875 0.5481620703125 0.5720395390624999 0.5322506734375001 0.5743436703125 0.5302475156249999 0.58737596875 0.5119475109375 0.59172495625 0.49329417812500004 0.5860021234375 0.4808050890625 0.58066086875 0.47089733124999994 0.5787684750000001 0.462569328125 0.5868410953125001 0.4580490765625 0.598255771875 0.45707961875 0.6056875406250001 0.4696008296875 0.6119444171875 0.4784106453125 0.6176060984375 0.46508058124999996 0.6233590921875 0.45904482187499995 0.6266399953125 0.46065669531250003 0.637520628125 0.45481365937499996 0.6462952515625 0.43867741562500007 0.6421900421875 0.44157995625 0.65479510625 0.4421581296875 0.6712762703124999 0.42766588125 0.6789673125 0.4280834515625 0.6908703734375 0.4185290234375 0.6990498031250001 0.42256162656249996 0.7088011984375 0.413103559375 0.7197274874999999 0.41116464218750004 0.7345910265625 0.3992216046875 0.7448153140625 0.3984448703125 0.757740803125 0.40360753593750004 0.7646385296875 0.3977323765625 0.772497534375 0.40902716406249995 0.77886121875 0.4094126125 0.7898486609375001 0.4021183078125 0.7923207515625 0.38749757812499996 0.7963493140625 0.38178302343750004 0.8087864187499999 0.3943042359375 0.81504329375 0.4033388984375 0.827114315625 0.3938808296875 0.8380406062500001 0.4004947625 0.8512408656249999 0.412887490625 0.8538352609375 0.405946515625 0.8663791734374999 0.3999428765625 0.870575696875 0.38167499375 0.8758403031250002 0.40168323125 0.8851188109375 0.42266093125 0.8869655453124998 0.43218323906249995 0.8778704953125 0.43505365625000003 0.889559940625 0.4429261359375 0.9035690125 0.449540071875 0.9167692703124999 0.4415653953125 0.9349137140625 0.454054484375 0.9402549687499999 0.461959084375 0.9551796609375 0.474544534375 0.9632677765625001 0.4910019859375 0.9765291890625001 0.50503870625 0.9909198374999999 0.5163072171875001 1 1 1 1 0.4478230109375 0.9927555156250001 0.446070521875 0.97294 0.44228573750000005 0.9571570875 0.44825234687500004 0.9475705375000001 0.45551615781250004 0.9153944140625001 0.450052596875 0.9050369671875 0.43534152343750004 0.8632421734375001 0.4362261515625 0.8409416875 0.4317393640625 0.8289986500000002 0.4419636515625 0.8194763406250001 0.4510587015625 0.8105701625 0.442650159375 0.8015355015625001 0.4305791359375 0.79643439375 0.4296875 0.76995456875 0.4296875 0.7597728312500001 0.43237938593749997 0.74166555 0.44222209531249995 0.7376008281249999 0.431555078125 0.7367126390625 0.4296875 0.716641315625 0.4296875