0 0.55 0.137036025 0.547174525 0.1308049640625 0.5370878328125 0.1315724109375 0.5286799640625001 0.133260546875 0.526592565625 0.14180675781250002 0.5313612328125 0.14878290156250001 0.5392335 0.15552290625 0.54504586875 0.15822594375000001 0.55 0.157849009375 0.55 0.137036025
0 0.48240032343749994 0.24791466875 0.47804023281249997 0.2314716234375 0.46861616718750004 0.22484968906249997 0.46214117187500003 0.2295360328125 0.45876977343750003 0.2339862421875 0.4600400203125 0.2443738359375 0.46829336093749996 0.2542301171875 0.47720932656250004 0.2566970171875 0.48240032343749994 0.24791466875
1 0.55 0 0.0037054203125 0 0.005190690625 0.0425325859375 0.0138743703125 0.111620978125 0.026007206249999998 0.1211820875 0.0456312375 0.134366928125 0.0422323359375 0.151400315625 0.0495689984375 0.1665684625 0.061489042187499995 0.15517728749999998 0.066116934375 0.1674062609375 0.08239706875 0.172458128125 0.0879278859375 0.1856668265625 0.099792921875 0.199442009375 0.112574634375 0.2079053265625 0.1260052203125 0.21527085 0.129235840625 0.2160734734375 0.13943580625000002 0.222636375 0.1479431953125 0.23457017656249998 0.1620364078125 0.23454631875 0.16913277499999999 0.2413453578125 0.181166090625 0.2372845296875 0.19331267968750002 0.24055405156249998 0.21062276249999998 0.24762440468750002 0.22378554843749998 0.259204 0.227369740625 0.275706078125 0.22735598750000002 0.2819976671875 0.2204586640625 0.3024425046875 0.22568666875 0.309375 0.2445978171875 0.309375 0.24877211406250002 0.3034335453125 0.259888753125 0.3046845828125 0.263373425 0.30756472343749997 0.272811240625 0.307895071875 0.277099315625 0.29813299843749996 0.27622389531249997 0.28457009375000003 0.2705660546875 0.2703226359375 0.274318525 0.2689887046875 0.2907531875 0.26249615312499996 0.3004450546875 0.26490401874999997 0.3162170890625 0.26580085000000003 0.337942271875 0.26414788906250003 0.3546309828125 0.2597328546875 0.370289746875 0.2532993375 0.38580773281249997 0.2521186515625 0.40483789375 0.24123492500000002 0.425927953125 0.23438816875000001 0.4356610734375 0.21792126406249998 0.4485835609375 0.22113175 0.46140652812500005 0.2107202984375 0.46841712500000005 0.19760581093750001 0.4746243203125 0.1971335359375 0.4823558109375 0.209126371875 0.4984093984375 0.19951754375 0.4953333046875 0.18717050156249998 0.4991132796875 0.173253390625 0.5010874078125 0.15737683125 0.48871427343749996 0.1394466109375 0.4995768640625 0.13862012968749998 0.5109750546875 0.12936550625 0.5248279703125001 0.12097253906250001 0.538794159375 0.1199099203125 0.55 0.12651491875 0.55 0
0 0.649328946875 0.2354082953125 0.63819855625 0.24044884843749997 0.636873303125 0.2552276140625 0.6422770953125 0.267397553125 0.6486113140625 0.2679640375 0.6521097375 0.2645525875 0.65241879375 0.24146374843750001 0.649328946875 0.2354082953125
0 0.6331280640625 0.134943821875 0.62497424375 0.138709478125 0.62378976875 0.14823541406250001 0.6280365859375 0.1573481109375 0.63372193125 0.15901238906249998 0.6388991765625 0.1565216296875 0.63944853125 0.141801896875 0.6331280640625 0.134943821875
0 0.5754404515625 0.08586337031249999 0.578317503125 0.07096653593749999 0.5699371390625 0.0600714953125 0.5590745484374999 0.06089797500000001 0.5557031484375 0.0653481828125 0.5571004187499999 0.07677453437500001 0.5649726859374999 0.0835145390625 0.5683303328125 0.08535592187499999 0.5754404515625 0.08586337031249999
0 0.2688001703125 0.8533803437499999 0.2750211171875 0.8466164781250001 0.2772355421875 0.8391090281250001 0.27130989843750003 0.8290756421874999 0.262675484375 0.81610308125 0.2575257421875 0.8060106609375 0.24794714999999998 0.81093314375 0.2492173953125 0.8213207359375 0.250614665625 0.8327470859375001 0.2518849125 0.8431346796875001 0.25703465625 0.8532271015624999 0.2688001703125 0.8533803437499999
0 0.2844281703125 0.8018669390625 0.27848877656250004 0.7981251453125 0.27280343125 0.7964608640625 0.2669773109375 0.8000494171875001 0.2674716578125 0.8104960437500001 0.27624684843749997 0.8182157734375 0.2849225171875 0.812313565625 0.2844281703125 0.8018669390625
0 0.12248849375 0.7712027515625001 0.11471574843750001 0.778084684375 0.1136582984375 0.7886493796875 0.12137603593749999 0.8069338046875 0.134820375 0.8080077390625 0.14025167031250002 0.8075944984374999 0.1495762140625 0.8005944968750001 0.1450753453125 0.789404284375 0.133210309375 0.7756291 0.12248849375 0.7712027515625001
0 0.488606228125 0.851334321875 0.48328820625 0.8590779093750001 0.47990305624999996 0.8698197078125001 0.4785915546875 0.8783068843749999 0.4812728234375 0.8938292390625 0.490456590625 0.8920820671874999 0.4978345109375 0.888375446875 0.5096995453125001 0.9021506296874999 0.5198720078125 0.9212967109375001 0.521324284375 0.9075567031249999 0.5074131046875 0.8834529625 0.505507734375 0.867871575 0.5066922109374999 0.8583456390624999 0.5043920156249999 0.8459395624999999 0.49663302343750004 0.84652990625 0.4931346 0.8499413546875001 0.488606228125 0.851334321875
1 0.55 0.309375 0.005932575 0.309375 0.014827829687499999 0.56410176875 0.02310859375 0.630936309375 0.0352139265625 0.6530805984375 0.067125321875 0.664282128125 0.077311534375 0.6771366203125 0.09046056875 0.6950078062499999 0.11847871406249999 0.7127960984375 0.131514475 0.7233369328125 0.154623175 0.7394019125 0.18217447656250002 0.7341603984375 0.192360690625 0.747014890625 0.2097840453125 0.7614155921875 0.23742111875 0.7760876062500001 0.26754041562499997 0.779038096875 0.2870511734375 0.7848925875 0.3029502328125 0.786828178125 0.310963275 0.7883153515625 0.3227425421875 0.7821770078125 0.3279060359375 0.7859778359375 0.34510284687500004 0.785717840625 0.3512825390625 0.7978287453124999 0.3671540953125 0.8123475156249998 0.373629090625 0.8076611687499999 0.3788613421875 0.7800040515625 0.3847149671875 0.76383231875 0.3872692109375 0.7783159125 0.3945063546875 0.779862125 0.41545563750000003 0.778268196875 0.42259325781249996 0.766192465625 0.42623245781249997 0.7575281875 0.4352892 0.75474225625 0.4489738359375 0.7641852984375 0.4572546796875 0.761458403125 0.460598575 0.769591371875 0.484129603125 0.7698978609375 0.49049132812499996 0.757881165625 0.4870479109375 0.73612625625 0.489516384375 0.7306963234375 0.48385854375 0.7164488671875 0.4893173421875 0.703452446875 0.49439506718750004 0.6873397499999999 0.50719053125 0.689511478125 0.5226947656250001 0.69462238125 0.5322871109375 0.6834083078125 0.5244560984375 0.6577935328125 0.524356578125 0.6441715953125 0.53077330625 0.606988540625 0.5396172546875 0.5832503234375 0.5499855 0.571977215625 0.55 0.5718994703125 0.55 0.309375
0 0.5989816859375 0.947524746875 0.59134971875 0.9491538484375 0.5879645671875 0.959895646875 0.5916895359375001 0.9711448953125 0.5953012328125 0.9750637953125001 0.601635453125 0.9756302796874999 0.6078426453125 0.9751580046874999 0.61146809375 0.9727853140625001 0.6178023125000001 0.9733518 0.6166590921874999 0.9640029671875 0.6116363734375 0.9549493046875 0.60466703125 0.9491890250000001 0.5989816859375 0.947524746875
0 0.5657935265625 0.8106094921875 0.5569908328125 0.8154729421875 0.5515457859375 0.8221777718750001 0.5630297484375 0.832836675 0.5631567734375 0.8338754359374999 0.5694909921875 0.8344419203125 0.5778988593750001 0.8327537828124999 0.5796051875 0.82109129375 0.5761342671875 0.8119195640625 0.5657935265625 0.8106094921875
0 0.6999528078124999 0.5372475781249999 0.701096028125 0.5465964109375 0.7058509453124999 0.5598641421874999 0.7198033828125 0.5650931140625 0.740103790625 0.56459698125 0.7429670890625 0.5559917359375 0.7285065546875 0.5466077281249999 0.718052540625 0.53796730625 0.70900955 0.534461646875 0.6999528078124999 0.5372475781249999
0 0.9806600875000001 0.533713153125 0.9775702421875 0.5276577 0.966072528125 0.5232903859375 0.9508360937500001 0.5139654109375 0.944855446875 0.529098384375 0.9590619312499999 0.536404875 0.9618839765625001 0.5466743984375 0.9733816890625 0.5510417140625 0.9784319109374999 0.54751219375 0.9801244859375 0.5421412953125 0.9806600875000001 0.533713153125
0 0.6991291328125 0.44085525 0.7009212296875 0.4491062890625 0.7071146734375 0.4549256046875 0.7120241171874999 0.4566489171875 0.7199101359375 0.4570973328125 0.733100425 0.45609374843749995 0.7353286015625 0.44229470625000006 0.7239716640625 0.432674559375 0.7154367718750001 0.4333239390625 0.710513575 0.43789221562499997 0.6991291328125 0.44085525
0 0.695349159375 0.454772359375 0.6966194046874999 0.46515995312499997 0.7007391984375 0.4732338875 0.7134076375 0.47436685624999997 0.7173008859375 0.4677800953125 0.7174416625 0.462527265625 0.714746640625 0.4532965015625 0.7054496015625 0.4477133234375 0.6961388093750001 0.4484217359375 0.695349159375 0.454772359375
0 0.8624450953125 0.6108551 0.8638698703125 0.6096982734375 0.8619507484375 0.600408475 0.8584798296875 0.5912367453125 0.8396179484375 0.5842844609375 0.8413962937499999 0.598827090625 0.846800084375 0.6109970296875 0.8624450953125 0.6108551