0 0.7056386390625 0.3519121390625 0.6867398875 0.35055103593750003 0.68035849375 0.3579644265625 0.6858278828125 0.368683559375 0.6979643390625 0.3743330546875 0.7079240359375001 0.370662140625 0.70942080625 0.3658654578125 0.705271153125 0.35743548125 0.7056386390625 0.3519121390625
0 0.675978146875 0.32202692499999996 0.693284903125 0.3274034625 0.7217892796875 0.3392653359375 0.719326846875 0.3276011765625 0.7090680593750001 0.3202799984375 0.7014487421875 0.31753713906250003 0.6866728156249999 0.307309328125 0.6705905703124999 0.3034407 0.66731135625 0.310690315625 0.675978146875 0.32202692499999996
0 0.7390625 0.21113482968750003 0.732023884375 0.2097755484375 0.717642275 0.21132107968749997 0.7112608796875 0.21873446875 0.725002746875 0.229016871875 0.7390625 0.225937621875 0.7390625 0.21113482968750003
1 0 0 0 0.3796875 0.5794823390625 0.3796875 0.58176875 0.3773222953125 0.585019759375 0.3796875 0.6313160296875 0.3796875 0.63751275 0.37359310625000003 0.6276214484375 0.3607485875 0.62130845 0.3516465453125 0.629839775 0.33625688125000003 0.6300033953125 0.3205226984375 0.653704959375 0.3271341875 0.6346023421875 0.3155622421875 0.659488175 0.2977366140625 0.666141828125 0.2840186328125 0.676183334375 0.2724806265625 0.6716393671875001 0.25227730937500004 0.673585434375 0.23409019375 0.6807970234375 0.2164113703125 0.6740897109375 0.1955359859375 0.6718043140625001 0.1767859859375 0.67338289375 0.1641222125 0.6648931359375 0.14569976093749998 0.6751116796875001 0.12707591406250002 0.6660639875000001 0.11261430312500001 0.6987461703125 0.09044569531249999 0.68500430625 0.0801632921875 0.6492749250000001 0.0773319 0.631410234375 0.0759162046875 0.6180358546875 0.060110462499999996 0.6175329015625 0.038907528125 0.6028387859375 0.0208126265625 0.5820355375 0.0038265203125 0.5786440234375 0 0 0
1 0.7390625 0.3796875 1 0.3796875 1 0 0.7390625 0 0.7390625 0.3796875
0 0.64339705625 0.7190037453125 0.6505402484375 0.7178403546875 0.6637925765625 0.7155681656249999 0.664813221875 0.7068652328125 0.662173753125 0.702286915625 0.6490984609375 0.6974732640625 0.635192975 0.70292504375 0.64339705625 0.7190037453125
0 0.6681527125 0.43542328281250003 0.6823438734375 0.43231525312499997 0.6861810234375 0.4211047953125 0.6742350171875 0.4170178015625 0.6669013734375 0.416618690625 0.6561932921875 0.422687946875 0.6530093015625 0.4307188125 0.6544242609375 0.43378922031249995 0.6681527125 0.43542328281250003
0 0.62203984375 0.5267070609375 0.6082295828125 0.5329400921875 0.6079573234375 0.5392446828125 0.612855359375 0.5452763171875 0.6245156921875 0.5470195625 0.6305296 0.5451295125 0.6317406953125 0.5379890796875 0.6309788953125001 0.53173908125 0.62203984375 0.5267070609375
0 0.5936441078125 0.52427478125 0.6013586484375 0.527798890625 0.611699246875 0.5272529765625 0.6125294421875 0.51698754375 0.6128017031249999 0.5106829515625 0.605372834375 0.509502590625 0.5960662953125 0.5099939140625 0.58788904375 0.5112118953125 0.5876167828125001 0.5175164875 0.5936441078125 0.52427478125
0 0.5763802421875 0.4253289890625 0.5783665515624999 0.4330868953125 0.5886253390625 0.44040807343750005 0.59980954375 0.43824506718750006 0.6073202234374999 0.43155833593750004 0.60834086875 0.422855403125 0.6037285046875 0.41916751874999997 0.5957282875 0.4132996578125 0.5833195718749999 0.41395475625 0.5776865625000001 0.4189698046875 0.5763802421875 0.4253289890625
0 0.49218022812499995 0.6908182281249999 0.4793906109375 0.688348325 0.46736279375 0.6921284218749999 0.46117185000000005 0.7011043125 0.467865746875 0.7133313546875 0.48366231718749997 0.714856234375 0.493431565625 0.7096228203124999 0.4943569859375 0.7001386375 0.49218022812499995 0.6908182281249999
0 0.5320753234375 0.5912136562500001 0.5334902828125 0.594284065625 0.5459124140625 0.602277309375 0.5534230906250001 0.5955905781249999 0.5543485140625 0.5861063953125 0.5486068640624999 0.5816918515625 0.5409875468750001 0.5789489921875 0.5337491296875 0.57933113125 0.5303746890625 0.5857994984375 0.5320753234375 0.5912136562500001
0 0.39519456875 0.774566146875 0.407058765625 0.7865202328125 0.4148551171875 0.7821772515625 0.4212365109375 0.7747638609375 0.41680118281249995 0.763990134375 0.40880096562499996 0.7581222750000001 0.40025622812500006 0.7648635984375 0.39519456875 0.774566146875
0 0.32894370156249997 0.9140897109375 0.3244131484375 0.9025347359375001 0.30974586249999997 0.9017365156250001 0.299595715625 0.9038449296875001 0.300357515625 0.9100949296875 0.3027247234375 0.9209778390625001 0.31175900156249997 0.9267911078125 0.32416771718750004 0.926136009375 0.328957115625 0.9227380515625001 0.32894370156249997 0.9140897109375
0 0.4066618015625 0.8942611703125 0.4035730375 0.9030732859375 0.41185892968750004 0.911284896875 0.4159133578125 0.918933621875 0.42935613437500003 0.9182239328125 0.4308529046875 0.91342725 0.42980542968749996 0.9048335015625 0.42743822187499997 0.8939505921875 0.416716725 0.89137150625 0.4066618015625 0.8942611703125
0 0.2783834140625 0.9261942828125 0.29569016875 0.9315708203125 0.3190510765625 0.9610023328124999 0.308942496875 0.92929863125 0.3037587828125 0.9209232468749999 0.2900169171875 0.9106408437500001 0.27777182031250003 0.895561759375 0.27307764687499997 0.8997409656249999 0.2692404984375 0.9109514234375 0.2783834140625 0.9261942828125
0 0 0.878551146875 0.006427028125 0.8807946906249999 0.015162217187499999 0.8756158687500001 0.017039884375 0.8739441859374999 0.021067484375 0.864296228125 0.0124959171875 0.8537408671875 0.0013935203125 0.8480367828125001 0 0.8467726171875001 0 0.878551146875
0 0.0774244015625 0.831442425 0.07546492187500001 0.8409811984375001 0.07726078125 0.8471766078125 0.086390284375 0.8537711250000001 0.093819153125 0.8549514859375 0.1009623453125 0.8537880953125001 0.1053708453125 0.8472651375 0.10309886093750001 0.83716348125 0.0971667625 0.8311864374999999 0.08983311875 0.830787328125 0.0774244015625 0.831442425
1 0 0.3796875 0 0.8064376578125 0.0087553171875 0.8059754343750001 0.01655166875 0.801632453125 0.0214497078125 0.8076640874999998 0.018551392187499998 0.8180387031249999 0.025422326562499997 0.8231799046875 0.033980479687499995 0.8250869250000001 0.0485391265625 0.8164555515625 0.05372283906250001 0.8248309359375 0.06848535 0.82641040625 0.0813567765625 0.8210132171875 0.095561353125 0.8265535281249999 0.107697809375 0.8322030234375 0.11803840624999999 0.8316571093749999 0.1493592875 0.8410114562499998 0.1551693328125 0.8289105656250001 0.153183021875 0.8211526593750001 0.16897959375 0.8226775375 0.18759266875 0.821694890625 0.2017020203125 0.8264539531249999 0.2233354625 0.8331746234375 0.24412529843750003 0.8415123859375001 0.255867440625 0.8353885390624999 0.2599902640625 0.82652183125 0.25696989531250003 0.8188185140625001 0.25393611250000003 0.80246685625 0.282427075 0.8056803875 0.3276936875 0.8355279796874999 0.30713586875 0.7949406015625 0.303829828125 0.784893534375 0.329504284375 0.790614590625 0.347831684375 0.78728819375 0.3607983359375 0.7826722546875 0.3823097265625 0.77131499375 0.39733108437500003 0.75794153125 0.4036172515625 0.749746890625 0.41074703125 0.739935159375 0.41383579531250003 0.73112304375 0.4414281671875 0.761117440625 0.4420544984375 0.7406411671875001 0.42998643750000004 0.7184762390625 0.44783771406249995 0.71124359375 0.441334265625 0.70057905 0.4587094171875 0.6894401546875001 0.4565326578125 0.6801197453125 0.4503014703125 0.6631506125 0.45245140156249997 0.6551743359375 0.46260154687500005 0.6530659234374999 0.484126353125 0.650357003125 0.48392248593750004 0.6401461609375 0.4967939140625 0.6347489734374999 0.516998984375 0.62975089375 0.5162237703125 0.614852553125 0.5022096453125 0.610874740625 0.4954339375 0.6065147890625 0.503216875 0.5935234656249999 0.5054620296875 0.5863284421875 0.5149456031249999 0.578751278125 0.5176534703125 0.5668141625 0.538062403125 0.5720269265625 0.543097234375 0.54502769375 0.5317091625 0.5369798578125 0.53158710625 0.518901925 0.529111259375 0.49858942656250005 0.5273972109375 0.4845269265625 0.5378062031249999 0.467465578125 0.5280919390625 0.44753521875 0.5326774734375 0.43392642031250006 0.5446784609375 0.4128496390625 0.5327190390625 0.40011430312499996 0.512201465625 0.38547195 0.509402584375 0.3796875 0 0.3796875
0 0.79450104375 0.8547950765625 0.8042702921875 0.8495616609375001 0.8004881234375001 0.83560834375 0.785997871875 0.8277242828125001 0.7799839640624999 0.82961433125 0.7734121187499999 0.835465221875 0.7685409109375 0.8467302703125 0.7712756046875 0.8520898375 0.7820923265624999 0.855450171875 0.79450104375 0.8547950765625
0 0.799345425 0.82623334375 0.787576453125 0.8150605093750001 0.7710314953124999 0.815933971875 0.7719837468749999 0.8237464703124999 0.7793308031249999 0.8327939234375 0.7827186562499999 0.8349738984374999 0.793902865625 0.8328108921874999 0.797658203125 0.8294675281250001 0.799345425 0.82623334375
1 1 0.3796875 0.7390625 0.3796875 0.7390625 0.7931276171875 0.7516432078124999 0.8020182765625 0.764324184375 0.7950585875 0.7629910359375 0.7841210875 0.77637883125 0.8085751734375 0.81341453125 0.80504738125 0.8447622406249999 0.8316984109375 0.9042615812499999 0.8246258578125001 0.9133776687499999 0.8225720359375 0.93284776875 0.8286206406249998 0.9342358984375 0.814394365625 0.928208578125 0.807636071875 0.9389166578125 0.8015668171874999 0.97353016875 0.812319890625 0.99128621875 0.8043059953124999 1 0.81999575 1 0.3796875