0 0.3070512203125 0.079984509375 0.3139728796875 0.0682874046875 0.3080215828125 0.0605646234375 0.2976843234375 0.0616667875 0.294634553125 0.0622284828125 0.2882269671875 0.07623605312500001 0.2858626296875 0.07987836875 0.2779474921875 0.101379034375 0.27829020781249997 0.10291934375 0.2784731234375 0.1084976625 0.29457876562499996 0.1095399625 0.29809637968749997 0.092056078125 0.3070512203125 0.079984509375
0 0.334095075 0.329949153125 0.3502007171875 0.3309914546875 0.36016058906250004 0.31392448906250003 0.35555704062500004 0.302746625 0.344031834375 0.3032658625 0.33356944374999997 0.322830525 0.334095075 0.329949153125
0 0.23732454062500002 0.3373496921875 0.25122564375 0.3379963 0.26137998906250004 0.33131581875 0.2593236953125 0.3220739546875 0.2558965390625 0.3066708484375 0.2487688515625 0.30317330781249996 0.2380888765625 0.302735159375 0.22861996406250001 0.3124962625 0.23120188593750002 0.32885675625 0.23732454062500002 0.3373496921875
0 0.26916999375 0.328277653125 0.2606945578125 0.328235196875 0.24902110624999999 0.337600609375 0.250220609375 0.34299169531249996 0.257176940625 0.3457190796875 0.2703926125 0.34328506718749996 0.2729167515625 0.3356047421875 0.26916999375 0.328277653125
1 0 0.6390625 0.4296875 0.6390625 0.4296875 0.4895129609375 0.41653531718750003 0.49595328437499997 0.39956133125000004 0.4862520453125 0.398829671875 0.4639387703125 0.3801883359375 0.46576863125 0.3287985265625 0.45358710156250004 0.3069245046875 0.4504003390625 0.298951584375 0.4478601859375 0.28806558125000004 0.43222739062500004 0.2953184 0.4172624328125 0.2788816 0.4194879859375 0.2505768765625 0.42069246875 0.24087882187499998 0.40564259687500004 0.2225801984375 0.4090127703125 0.2143107921875 0.424164959375 0.1915915359375 0.421935584375 0.1882452765625 0.44018962500000003 0.168404434375 0.4366283984375 0.1386152765625 0.4549423 0.12623328125 0.4516107640625 0.12977401093750002 0.44374320625 0.12363979843749999 0.43044210625 0.106883396875 0.4407436765625 0.0973913703125 0.4408884515625 0.0375723546875 0.44789711875 0.0162933015625 0.48067796874999996 0 0.482971575 0 0.6390625
0 0.359163121875 0.1810234515625 0.3798376421875 0.1788191265625 0.38661105625 0.17596819375 0.3889522828125 0.16270954843750002 0.38605075625 0.15442507187500001 0.3716471359375 0.1562761625 0.36370888749999997 0.1681605 0.359163121875 0.1810234515625
0 0.9492123812500001 0.3345171921875 0.9444837015624999 0.3418018265625 0.9492470515625001 0.348941684375 0.959424509375 0.351877528125 0.9668717984375 0.3472990546875 0.9685507078125 0.340576115625 0.9656491796874999 0.33229163906250003 0.9576762609374999 0.329751484375 0.9492123812500001 0.3345171921875
0 0.9744848718749999 0.552739465625 0.9861698796875 0.54818221875 0.9892080953125 0.5428123593749999 0.988179946875 0.538191428125 0.9862950125000001 0.52971971875 0.971891390625 0.531570809375 0.9586757203125 0.5340048234375 0.9566656531250001 0.5439956140625 0.96346218125 0.55076100625 0.9744848718749999 0.552739465625
0 1 0.6390625 1 0.6249590171875 0.9897357171875001 0.6212832875000001 0.9724536875 0.624466228125 0.9707747796875001 0.631189165625 0.9733746296875001 0.6390625 1 0.6390625
0 0.8737248890625 0.451841478125 0.8686303796875 0.447969475 0.8587956375000001 0.4465739390625 0.851188546875 0.4551904234375 0.8477960609374999 0.45421180781250003 0.84783073125 0.4686362984375 0.8588534218749999 0.4706147578125 0.8713836609375001 0.46510012187500005 0.8774716453125 0.45916856875 0.8737248890625 0.451841478125
0 0.8341683328125 0.426256528125 0.8229858406249999 0.42831607812500005 0.819262196875 0.4306053171875 0.8162239843750001 0.435975175 0.8160757390625001 0.44482134687499997 0.8220154781250001 0.4477359640625 0.8342145609374999 0.44548918281249994 0.8380980062500001 0.4391619359375 0.8394341984375 0.43089868906250006 0.8341683328125 0.426256528125
0 0.8003223765625 0.37877522343750003 0.7962329 0.369907821875 0.7909670375 0.36526566250000003 0.7790991140625 0.3642445921875 0.7736850046875 0.3684486046875 0.766249271875 0.37783524375 0.76848848125 0.392655425 0.7783232234374999 0.394050959375 0.7895057125 0.391991409375 0.798986184375 0.3870384703125 0.8001625750000001 0.38281323125 0.8003223765625 0.37877522343750003
0 0.7017226953125 0.330392571875 0.6952919984375 0.3347838140625 0.6971769328125 0.3432555234375 0.7039734609374999 0.3500209171875 0.7126202546875 0.3508335296875 0.7231173171874999 0.3456933578125 0.71937055625 0.33836626875000003 0.718171053125 0.33297518125000003 0.7098554171875 0.32889471718749996 0.7017226953125 0.330392571875
0 0.5548503265625 0.22676337656249998 0.5507955234375 0.23232046875 0.5535372484375001 0.244642953125 0.5589629140625 0.2452471046875 0.5709906375 0.2422301671875 0.5760620328125 0.23648584375 0.5726464328125 0.2258909015625 0.570099178125 0.22395490156250003 0.5616237421875 0.22391244375000002 0.5548503265625 0.22676337656249998
0 0.5779776484375 0.116677446875 0.5841118609375 0.129978546875 0.587344546875 0.1349951703125 0.5927702125 0.13559932187499998 0.6019195234375 0.13391423593750001 0.603586875 0.122383134375 0.6023873703125 0.1169920484375 0.5989717703124999 0.10639710468750001 0.5906445781249999 0.0975084765625 0.5892852718749999 0.0961553984375 0.580124403125 0.0930323203125 0.5759213546875 0.10743558281250001 0.5779776484375 0.116677446875
0 0.6665732249999999 0.23424670625 0.6653621609375 0.22404745625000003 0.6592510640625 0.2203626828125 0.651472615625 0.22820901093749998 0.6435228109375 0.23528518593749997 0.6428604921875 0.24182089062499998 0.6523640765625001 0.24648427968750003 0.65964000625 0.24113564687500003 0.6665732249999999 0.23424670625
0 0.5484774109374999 0.25519543906250003 0.5404813765625 0.24303895781249998 0.5374200499999999 0.2387924890625 0.52944713125 0.23625233437499998 0.521497325 0.243328509375 0.52154355 0.26256116406249996 0.5239310046875 0.2685351734375 0.5383461796875 0.27149224843750003 0.550362346875 0.263667146875 0.5484774109374999 0.25519543906250003
1 0.4296875 0.6390625 0.9333713734375 0.6390625 0.9328182281250001 0.63657643125 0.9243196781249999 0.6269176484375001 0.9253015984375 0.6123059265624999 0.9206980484375 0.6011280609375 0.9155688718749999 0.5828315640625 0.9109537671875 0.566845534375 0.9053220734374999 0.5510467375 0.9020662749999999 0.5364137859375 0.8971084546875 0.518887446875 0.9072627984375 0.512206965625 0.8996094812500001 0.5015907937499999 0.8752113187500001 0.5060843562499999 0.88704456875 0.49268093906250005 0.8877184453125 0.490953396875 0.8700705828124999 0.48297969687500003 0.8628062078125 0.4931364921875 0.8456377500000001 0.47304877031250003 0.8405432421875 0.469176765625 0.826104953125 0.45660336562500003 0.81369984375 0.44365550000000004 0.79825651875 0.43607749374999993 0.790489628125 0.4487319875 0.77878150625 0.4436729078125 0.7784156765625 0.43251626875 0.7804257437500001 0.422525478125 0.7753081234375 0.4090371453125 0.7583341359375 0.39933590625000004 0.7438958453125 0.38676250625 0.74303905625 0.3829117296875 0.7526330999999999 0.35468812656250004 0.76155326875 0.32819206875 0.764499028125 0.2843569 0.75604670625 0.2939307703125 0.7466240187500001 0.3229245265625 0.73852596875 0.3388468734375 0.7295826859375 0.35572660625 0.7199308578125001 0.3599093890625 0.70618955625 0.3552247734375 0.668026978125 0.3454173921875 0.6410815609375 0.347974953125 0.6098984265625 0.35051128593750003 0.5970139140625 0.3496774453125 0.5678524031250001 0.34703115156250003 0.5527402375 0.33618529218750004 0.5518834484374999 0.332334515625 0.5613523609375 0.3225734140625 0.5547040765625 0.306961846875 0.534874790625 0.3082087859375 0.5213279609375 0.313910653125 0.5081354015625 0.3259609921875 0.49357198281250003 0.33185009062500004 0.48918601875 0.340675034375 0.4742798828125 0.345023821875 0.452931490625 0.34895568906249996 0.4376826375 0.3517641671875 0.4296875 0.342677521875 0.4296875 0.6390625
1 0 0.6390625 0 1 0.173103634375 1 0.17562152656250002 0.99864639375 0.17772915 1 0.197270534375 1 0.2023955875 0.9953186765625001 0.19590710312499998 0.975669103125 0.2026458484375 0.9583936796875001 0.22449675781249998 0.9519641125 0.23358828437499998 0.926238209375 0.23981295781249998 0.90665231875 0.2465517 0.8893768953125001 0.2522507421875 0.8626723765625 0.24612808749999998 0.8541794390625 0.2518617984375 0.8418994109375 0.2596286921875 0.8292449187500001 0.2604276953125 0.809054878125 0.2787032046875 0.796068378125 0.2822786046875 0.8026253125 0.28924649062499996 0.8101608609375 0.31195419062499996 0.807582071875 0.31038885625 0.7910343484375 0.29545960781249997 0.7857668078125 0.284254003125 0.7782100296875 0.269644353125 0.7648664734375 0.2648694484375 0.752918453125 0.260597059375 0.7384727343749999 0.2551251671875 0.7186359265625 0.24779145156250001 0.699943740625 0.2477683375 0.6903274140625 0.25690609062499997 0.6838341640625 0.28162385625 0.6712645828125 0.2766775921875 0.6585464078125 0.2412798546875 0.6706778390625 0.23581951562499998 0.655649196875 0.23026954375000003 0.6390625 0 0.6390625
0 0.31854070156250003 0.6564482234375 0.3063300640625 0.6538868421874999 0.2937998234375 0.6594014765625 0.292794790625 0.6643968703125 0.2914585984375 0.6726601203125 0.2975696953125 0.67634489375 0.314006496875 0.6741193390625 0.32297289375 0.6668559328125 0.3255085890625 0.663983771875 0.31854070156250003 0.6564482234375
0 0.321867834375 0.7712824546875 0.3236949890625 0.7557133453125 0.31571051250000004 0.7483650265625 0.3028144421875 0.7427230234375 0.29857672343749997 0.7427017953125 0.296223940625 0.751152275 0.2904786734375 0.758624140625 0.2925465234375 0.77267416875 0.3000284828125 0.7825201828124999 0.3137582296875 0.7823966359375 0.321867834375 0.7712824546875
0 0.9554049734374999 0.719285678125 0.966090203125 0.706412471875 0.9609257890624999 0.7022318000000001 0.9521051546875 0.7006489375 0.9428915140624999 0.7049117640625 0.9381658546875 0.7141214171875 0.9467214484375 0.7183190359375 0.9554049734374999 0.719285678125
0 0.8861015218750001 0.7808024234375 0.8948033359374999 0.789463471875 0.9086238218750001 0.7830691796875 0.9182305171875 0.7729605578125 0.910351359375 0.76799688125 0.9030206109375001 0.76549814375 0.892445009375 0.76744591875 0.8864945531250001 0.77495668125 0.8861015218750001 0.7808024234375
0 1 0.7172807406249999 0.9989413890625001 0.7170406109374999 0.9864468453124999 0.7130151203125 0.9805140781249999 0.725566365625 0.9822965109374999 0.73357738125 0.9919306375 0.7350104187500001 1 0.7300499375 1 0.7172807406249999
0 0.91016865625 0.8052365609375001 0.9012383374999999 0.8145790906249999 0.8984139500000001 0.82472151875 0.9030299312500001 0.8264373078125 0.918614546875 0.8203595765625 0.9271335 0.8091683406250001 0.9325446750000002 0.8030398484375001 0.942014275 0.7923150515625 0.940336453125 0.7816362124999999 0.927224853125 0.790548503125 0.9203237625 0.797592875 0.91016865625 0.8052365609375001
0 0.9686136000000001 0.9118637875000001 0.9775621624999999 0.9102156734375001 0.9786224578125001 0.8997566265625 0.9678914437499999 0.893393728125 0.9583944046875 0.8925769640624999 0.9513470640625 0.8951578625 0.9483855468750001 0.904684125 0.9558533703125001 0.9077990906250001 0.9686136000000001 0.9118637875000001
0 0.7609307328125 0.73585873125 0.7712595703125 0.7442201234375 0.7890196484375 0.7403076640624999 0.7902170484375001 0.7304648874999999 0.7896594453125 0.7241527546875 0.7835444140625001 0.7195056421875 0.77459580625 0.7211537640625 0.76659783125 0.723268275 0.7609307328125 0.73585873125
0 0.7474099109375001 0.6390625 0.7471373890624999 0.6396107546875001 0.7494868968749999 0.6468225203125 0.76572925625 0.6432428765625 0.7728481625000001 0.6390625 0.7474099109375001 0.6390625
0 0.761716634375 0.6670752828125 0.746259965625 0.6699220359375 0.74383775 0.678065975 0.747951046875 0.6965528921875 0.7575760328125 0.694138675 0.7627129937499999 0.6867777375 0.773416571875 0.6815989796874999 0.7690473515624999 0.669574028125 0.761716634375 0.6670752828125
0 0.7473570078125 0.7319438609375 0.7574938421875 0.716605715625 0.7566620234375 0.709061140625 0.7589471328125 0.7003009812500001 0.755949009375 0.6944383328125 0.7371195203124999 0.70496263125 0.7290027609375 0.7141553218750001 0.7282258609375 0.729694009375 0.7363792328125001 0.7358901265625 0.7473570078125 0.7319438609375
0 0.7057857484375 0.7049602125 0.706882621875 0.7098900296874999 0.7097436046875 0.715136459375 0.7186922140625001 0.7134883375000001 0.7277687687500001 0.7086092374999999 0.7335083796874999 0.698670021875 0.7266535640624999 0.695984971875 0.7227140000000001 0.6935031296874999 0.7120012921875001 0.6948346843750001 0.7057857484375 0.7049602125
0 0.55673981875 0.6592818703125001 0.5642168484375001 0.6662440796875 0.5755968046875 0.6602992234375 0.5830394906249999 0.6502198625 0.5785399765625 0.6430786140625 0.571885678125 0.6398138171875 0.5626720453124999 0.6440766906250001 0.556036009375 0.64850630625 0.55673981875 0.6592818703125001
0 0.5803956515625 0.6818672921875 0.5901485625 0.6762221484375 0.5882290218749999 0.6675949125 0.5856331031249999 0.6597337703124999 0.5764103 0.6601493953124999 0.5684306578125 0.66995835625 0.567096153125 0.6791849109375 0.5803956515625 0.6818672921875
1 0.4296875 1 0.9615 1 0.962414596875 0.9989641734375001 0.950723803125 0.9882876812500001 0.947707390625 0.9747306281250001 0.9630177890624999 0.967420453125 0.9642060156250001 0.9537304296875 0.9484659890625 0.9514974859375 0.931793646875 0.9564926046875 0.9293256624999999 0.9454004359375 0.9449102796875 0.9393227046874999 0.9436580078125001 0.926082259375 0.9372321390625 0.90481385 0.9237863765625001 0.8976679953125 0.9139876515625 0.8840770390625 0.9153129937500001 0.8710032828125 0.8919405499999999 0.853497553125 0.8885219796874999 0.8419389859375 0.8684310515625 0.8353755421875 0.8598754734374999 0.8311779203124999 0.8667765640624999 0.824133546875 0.8672884109375001 0.8112096171875001 0.848714821875 0.8152719062499999 0.845707553125 0.80556205625 0.8332307125 0.806577046875 0.8287335140625001 0.7977830796875 0.8221979890625001 0.78744005625 0.8418684796874999 0.7883076265625 0.8377643453125 0.7736679125 0.824300234375 0.7588276125 0.8079021375 0.76505516875 0.7920799031250001 0.7852893171875 0.769831815625 0.784255003125 0.7661390140625001 0.7714639984375 0.750133903125 0.7718458203124999 0.7496859875 0.7546082953125 0.7400243625 0.741633609375 0.72032645 0.7292244234374999 0.69914779375 0.721578365625 0.6840933171875 0.722426575 0.6690113875 0.7117331765625 0.648742909375 0.7135416828125 0.6266410718750001 0.7169708421875 0.6199775843750001 0.7098588 0.603021871875 0.7097742281249999 0.599109740625 0.718834046875 0.5928758984375 0.72126511875 0.5863678375 0.7224637484375 0.5744119750000001 0.71440201875 0.5807646359375 0.7048927593750001 0.5774739953125 0.6901032171875 0.56635906875 0.69343326875 0.554147328125 0.69183349375 0.5525020125 0.6844387453125 0.5485349390625001 0.6704152609375 0.5333525328125 0.674494446875 0.535820515625 0.6855866140625 0.5321825984374999 0.695878875 0.49718345781249995 0.6946271125 0.48105953125 0.7020871171875 0.4705022234375 0.7117293 0.4618461625 0.7223043125 0.446115278125 0.723918621875 0.44053038750000006 0.7140419859375 0.4296875 0.716908671875 0.4296875 1