0 0.31389344375 0.0249810046875 0.31389344375 0.0407465375 0.3138934453125 0.05166113906250001 0.3166613296875 0.056960534375 0.32035184375000003 0.0575584859375 0.3314233875 0.054501409375 0.3369591578125 0.045696468750000004 0.3360365296875 0.0285687140625 0.3314233875 0.019332140625 0.319429215625 0.01132513125 0.3157387015625 0.013152648437500001 0.31389344375 0.0249810046875
0 0.272375159375 0.08010344999999999 0.2760656734375 0.07342500156250001 0.2732977890625 0.0559982703125 0.2659167609375 0.043887765625000005 0.2557678484375 0.050732532812499995 0.2548452203125 0.0542212453125 0.257613103125 0.0692225078125 0.26222624687499996 0.0748208828125 0.272375159375 0.08010344999999999
0 0.1072246546875 0.31165731874999997 0.10076625312500001 0.2948453671875 0.08508156875 0.2923040734375 0.08323631249999999 0.2932178328125 0.082313684375 0.3064084125 0.0915399703125 0.3188178921875 0.105379396875 0.3198474765625 0.1072246546875 0.31165731874999997
0 0.08323631249999999 0.419342103125 0.0860041984375 0.4076632328125 0.0860041984375 0.3943231671875 0.0712421421875 0.38708042656249997 0.061093228124999996 0.390286990625 0.06109322968749999 0.40605252500000005 0.06201585625 0.4086274796875 0.0703195125 0.41846200468749994 0.08323631249999999 0.419342103125
1 0.41875 0.509375 0.41875 0.1605073 0.414459953125 0.15769759218749999 0.4033884125 0.17652020468750002 0.3950847546875 0.19094034843750002 0.389548984375 0.192468884375 0.3710964140625 0.178564528125 0.36094749843749996 0.1854092953125 0.353566471875 0.16238418906250002 0.336036528125 0.154692984375 0.327732871875 0.18245319375 0.3166613296875 0.1976376046875 0.295440875 0.19905031875 0.282524075 0.2260630890625 0.276988303125 0.24942082812500002 0.275143046875 0.289142053125 0.2603809890625 0.3219195140625 0.2511547046875 0.3410411015625 0.2382379046875 0.3692666046875 0.22347584999999998 0.394767665625 0.2096364203125 0.39980175 0.20041013593749998 0.4189233359375 0.207791165625 0.44437390781249997 0.196719621875 0.45349465 0.19764225 0.48153700625000007 0.1976422484375 0.5045789421875 0.197179015625 0.509375 0.41875 0.509375
0 0.6167298296875 0 0.6146560421875 0.002086978125 0.6177929796875 0.012903471875 0.6272037906250001 0.020613187499999998 0.6350461328125 0.02394548125 0.6366146015625 0.0180146703125 0.6444569437500001 0.0172236734375 0.6405357734375 0.002156821875 0.63749673125 0 0.6167298296875 0
0 0.5777970328124999 0.0589951609375 0.5825024390625 0.07109660625 0.584855140625 0.0704469796875 0.5950501859375 0.0628214109375 0.5989713578125 0.0531485 0.5950501859375 0.0452974109375 0.5856393765625001 0.041710989062499995 0.5785812671875 0.05602975624999999 0.5777970328124999 0.0589951609375
0 0.4280082921875 0.14090060468750001 0.42722405781250006 0.1459276546875 0.43585063437500005 0.1576336015625 0.4483983828125 0.1596666375 0.45467225468750005 0.1544982140625 0.4531037875 0.1398125578125 0.44761414843749997 0.1327381640625 0.43663486875 0.134051728125 0.4280082921875 0.14090060468750001
0 0.524469103125 0.404957996875 0.527606040625 0.407527903125 0.5440749609375001 0.4071037921875 0.547211896875 0.4003962875 0.543290725 0.3822369671875 0.5338799156249999 0.3776197203125 0.52682180625 0.3805994296875 0.5213321671875 0.386925740625 0.5205479328125 0.394014440625 0.524469103125 0.404957996875
0 0.49153126562500005 0.45631656249999997 0.4836889234375 0.46329250312500003 0.4860416265625 0.48119769375 0.493099734375 0.4864645703125 0.5017263109375 0.4837389890625 0.51505829375 0.47971415000000006 0.5158425281250001 0.4654096859375 0.5103528875000001 0.4552428234375 0.512705590625 0.45356237187500004 0.5017263109375 0.4538451109375 0.49153126562500005 0.45631656249999997
0 0.5221164015624999 0.4695186734375 0.5197636984375 0.4763532453125 0.51819523125 0.48949982031249994 0.527606040625 0.49720953593750006 0.5378010859375 0.4844298484375 0.529174509375 0.476847196875 0.5221164015624999 0.4695186734375
1 1 0.509375 1 0 0.6642123453125001 0 0.6640628 0.003907115625000001 0.676610546875 0.0172792109375 0.676610546875 0.0234641515625 0.6671997375000001 0.03224760625 0.6522992875 0.0442649046875 0.6397515390625 0.044293515625 0.627988025 0.036202603124999996 0.607597934375 0.0225906859375 0.591129015625 0.01682985625 0.5809339687499999 0.0048697828125 0.562112346875 0.0028510515625 0.5621123484374999 0.014190109375000001 0.5762285640625 0.028847154687499998 0.592697484375 0.0377004546875 0.6013240609375 0.046313928125 0.5966186546875 0.0692604796875 0.6036767640624999 0.050818418750000004 0.6099506375 0.0631739921875 0.60524523125 0.06962736875 0.5997555921875 0.087292734375 0.5887763125000001 0.10406864843750001 0.5809339703124999 0.132691878125 0.5793655015625 0.15202339375 0.57230739375 0.1611880453125 0.5793655015625 0.173670684375 0.577797034375 0.18784808125000002 0.568386221875 0.1863233046875 0.5464276640625 0.1714264359375 0.521332165625 0.1549904828125 0.4985893734375 0.1214117296875 0.486825859375 0.1370297546875 0.5056474828125 0.1658498921875 0.5025105453125 0.1838964546875 0.5166267609374999 0.18927608906249999 0.529174509375 0.17997006875 0.5464276640625 0.18895043281249999 0.54799613125 0.2077593828125 0.53466415 0.20250681250000002 0.528390275 0.2138601734375 0.52995874375 0.230607478125 0.53466415 0.2622945671875 0.53623261875 0.274918578125 0.548780365625 0.2862290234375 0.5597596453125 0.2983161640625 0.5597596453125 0.316870984375 0.5409380234375 0.3179447234375 0.558191178125 0.345479909375 0.56289658125 0.37510535156249997 0.5597596453125 0.3921210890625 0.558191178125 0.40526766406250003 0.574660096875 0.40793602343749996 0.568386221875 0.4213510328125 0.5801497359375001 0.44181182343750003 0.5738758625 0.45625765625000003 0.574660096875 0.47390871875 0.576228565625 0.48756355156250003 0.58407090625 0.5053273734375 0.58442800625 0.509375 1 0.509375
0 0.21186527812499997 0.5716125984375 0.20951257499999998 0.5650464656249999 0.2040229359375 0.5590028953124999 0.1969648265625 0.5609517828125 0.1930436578125 0.5665014 0.18990671875 0.5721780796875 0.18833824999999998 0.5770780671875 0.19853329687500001 0.5890381437500001 0.20951257499999998 0.5897862265625 0.2126495140625 0.5830787203125001 0.21186527812499997 0.5716125984375
0 0.3436166328125 0.5682197140625 0.349106271875 0.5618934046875 0.34989050625 0.5506814125 0.344400865625 0.5394837234375001 0.33263735156249996 0.5499476343749999 0.33420582187500003 0.5666949375 0.3436166328125 0.5682197140625
0 0.1248152765625 0.666775690625 0.1248152765625 0.6822380406249999 0.14206843125 0.6891567578125001 0.15383194375 0.6859086125 0.151479240625 0.6700650687499999 0.139715728125 0.6578508624999999 0.1248152765625 0.666775690625
0 0.0346283375 0.824310746875 0.036196807812499995 0.8173491125 0.0252175265625 0.8011386796875 0.01815941875 0.7979334515625001 0.011101310937500001 0.8070980999999999 0.021296356250000002 0.8252431171874999 0.0346283375 0.824310746875
1 0.41875 1 0.41875 0.6077477203124999 0.41655041718749997 0.6088997890625001 0.403218434375 0.6015855718750001 0.3953760921875 0.6064998640625 0.37420176875 0.6102848796875 0.36165401875000003 0.59278949375 0.35302744375 0.5965458984375 0.32871618125 0.59879183125 0.309110325 0.6038618 0.291857171875 0.5959122578125 0.28401482968749997 0.6111347859375 0.2651932078125 0.602931115625 0.2455873515625 0.568829796875 0.20794410624999998 0.5204669296875 0.23225536875000002 0.5749162828125 0.252645459375 0.6163604296875 0.24480311718749997 0.619213075 0.233039603125 0.60906051875 0.2400977109375 0.6370055078125001 0.2251972609375 0.638714571875 0.20637563750000001 0.6397883125 0.1906909546875 0.62796960625 0.18206437656250002 0.6410034203125 0.18206437656250002 0.6554349484374999 0.182064378125 0.6729589468749999 0.1914751890625 0.68582278125 0.17422203593750002 0.6974588828125 0.16245852031250002 0.7068919703125001 0.14755807031249998 0.7013852703125 0.1318733859375 0.691628209375 0.11305176406249999 0.6772396 0.09344590625 0.6689088625 0.0707031140625 0.6590390453125 0.0534499609375 0.653151153125 0.05737113125 0.672341296875 0.0840350953125 0.6941854953125001 0.1036409515625 0.7045778765625 0.0981513125 0.7109041875 0.0981513125 0.728428184375 0.11383599687499998 0.74540100625 0.10207248437500001 0.768234796875 0.09344590781249999 0.7926076671875 0.08874050156249999 0.8165850390625 0.0848193296875 0.82316548125 0.0856035640625 0.835662425 0.095798609375 0.84453003125 0.0871720328125 0.8534405515625 0.0707031140625 0.8414947828124999 0.0456076171875 0.8281513 0.0526657265625 0.8560962906249999 0.0675661765625 0.8688187546874999 0.0518814921875 0.874524046875 0.048744554687500004 0.8616459078125001 0.038549509375 0.838346775 0.018943653125 0.8392934499999999 0.029922932812500004 0.8689045875 0.02757023125 0.886047390625 0.042470681249999996 0.9090780875 0.0518814921875 0.93121933125 0.077761221875 0.9333508203124999 0.07384005 0.949208671875 0.06913464531249999 0.9804018078125001 0.06364500468749999 0.9733274140624999 0.0526657265625 0.982887565625 0.05204211875 1 0.41875 1
0 0.796955084375 0.509375 0.7948460140625 0.5180430328125001 0.7994591578125 0.5224286734375 0.8096080703125 0.533774909375 0.8169891 0.5192052796875 0.8155293421875001 0.509375 0.796955084375 0.509375
0 0.744101446875 0.536501334375 0.738565675 0.5428808078125 0.738565675 0.5525826734375 0.7487145890625 0.561503440625 0.75978613125 0.560871828125 0.762554015625 0.5540438921875 0.758863503125 0.536467671875 0.7514824734375 0.532846303125 0.744101446875 0.536501334375
0 0.544813684375 0.6909728796875 0.5337421421874999 0.6976681578124999 0.5365100265625 0.6993293578124999 0.5438910546875 0.711439859375 0.5568078546875 0.714745425 0.5604983703124999 0.70321604375 0.553117340625 0.692318271875 0.544813684375 0.6909728796875
0 0.5355873984375 0.7064562671875001 0.506985915625 0.693333009375 0.5079085437499999 0.7031843640625001 0.5263611140625 0.7183014562500001 0.54389105625 0.7320563265625 0.5521947125000001 0.7285507843750001 0.54758156875 0.7168887421875001 0.5355873984375 0.7064562671875001
0 0.51805745625 0.5920445265625001 0.5134443156249999 0.579169753125 0.5005275140625 0.577076921875 0.489455971875 0.5752830671875 0.4885333453125 0.5921118453124999 0.5097538 0.6016137374999999 0.51805745625 0.5920445265625001
0 0.6093976796875 0.7560100359374999 0.614010825 0.7446301453124999 0.58356408125 0.7287824421875 0.5697246546875 0.7253273890624999 0.5734151703125 0.7392654078125 0.6093976796875 0.7560100359374999
1 0.86212325 0.509375 0.8594300125000001 0.524868990625 0.8428226999999999 0.544007409375 0.8271380140625 0.5438915796875 0.8059175578125 0.5477297562500001 0.793000759375 0.5808061953125 0.7865423578125 0.5797597796875 0.760708759375 0.56223405 0.7505598453125 0.5884825499999999 0.7404109328125 0.573498115625 0.7293393890625 0.5911079953125 0.7431788171875 0.6091158484375 0.7330299046875 0.612322415625 0.7191904765625 0.614931028125 0.6859758499999999 0.636229596875 0.6647553921875 0.7116190453125 0.610320309375 0.6591408546874999 0.607552425 0.673245190625 0.646302821875 0.7292457531250001 0.6343086515625 0.7418552093749999 0.6287728796875001 0.7579365484375 0.6186239671875 0.7672067828125 0.6167787109375 0.7826733421875 0.6306181375 0.798255728125 0.641689678125 0.8230915156249999 0.6398444234375 0.8482599421874999 0.6435349359375 0.87068709375 0.6241597390625 0.86512238125 0.6352312796875 0.9117873687500001 0.6241597375 0.9269717828124999 0.6453801953125 0.97043020625 0.65183859375 0.9957312890625001 0.653572234375 1 1 1 1 0.5113974828125001 0.9957271828125001 0.509375 0.9451599218750001 0.509375 0.940621321875 0.510131059375 0.9359549796875001 0.509375 0.8913094953125 0.509375 0.881573096875 0.5163293671875 0.8802899453125 0.509375 0.86212325 0.509375
0 0.6998152765625 0.61179178125 0.6887437343749999 0.603934259375 0.6785948203125 0.6168426921875 0.6822853343749999 0.6307807125 0.6998152765625 0.631195515625 0.6998152765625 0.61179178125