0 0.5088545140625 0.47071435 0.506068484375 0.460128659375 0.48566188125 0.45406991718749995 0.47991709531250004 0.4593744828125 0.4853576984375 0.4724610375 0.4957212453125 0.47916257812499996 0.50014281875 0.47904144375 0.5065204249999999 0.47555782031250005 0.5088545140625 0.47071435
0 0.5390625 0.17923419062499998 0.5372839625 0.1787521421875 0.5248410859375 0.18019599687500001 0.52250699375 0.185039465625 0.5204276609375 0.1931848578125 0.5286461453125 0.203989375 0.5377440531250001 0.20704903125000002 0.5390625 0.206787178125 0.5390625 0.17923419062499998
0 0.5141565421875 0.2650495328125 0.5027245437500001 0.26683334687500004 0.5030450281250001 0.2741776828125 0.50886369375 0.2857832578125 0.5226379359375 0.2920237015625 0.53223720625 0.288819471875 0.5350726609375 0.27771211875 0.524898146875 0.270270090625 0.5141565421875 0.2650495328125
0 0.4438877328125 0.32102001874999997 0.43030252031250005 0.314039084375 0.421459371875 0.3142813515625 0.41641312968750005 0.325449271875 0.4244425828125 0.3369942796875 0.43417330937500004 0.34187487656250004 0.44358355156249996 0.3394111390625 0.4460409453125 0.32978476562500003 0.4438877328125 0.32102001874999997
0 0.41149834375000005 0.34470201718750004 0.3950695265625 0.3359607078125 0.3832594671875 0.3392255046875 0.3778351640625 0.35187440468750003 0.3857988921875 0.359377 0.39470776875 0.3631771453125 0.401019646875 0.355651109375 0.402153828125 0.3512081671875 0.41149834375000005 0.34470201718750004
0 0.3589734109375 0.39136265312499996 0.362696440625 0.3853781625 0.34791131875 0.3787977578125 0.33243580625 0.37922172656250003 0.3249240203125 0.3871482921875 0.3308084140625 0.40279627968750004 0.3401610796875 0.40915785624999995 0.35039316875000004 0.40777456875 0.3583487421875 0.40240943749999997 0.3589734109375 0.39136265312499996
0 0.24871324218750002 0.4362961046875 0.252436271875 0.430311615625 0.24870509062499999 0.42342837656250004 0.238785334375 0.4192882703125 0.22754236562500002 0.42033159531250003 0.224895940625 0.43069845781250005 0.228183334375 0.43502026562499996 0.23829212187499998 0.43841988125000003 0.24372457500000003 0.4386387078125 0.24871324218750002 0.4362961046875
0 0.080131496875 0.4890625 0.08046307968750001 0.476200453125 0.073132171875 0.47051879999999996 0.06599844375 0.4769643828125 0.06364327812500001 0.4890625 0.080131496875 0.4890625
1 0 0 0 0.39832273125 0.014345298437500001 0.404113015625 0.051131295312500005 0.4406061109375 0.0691956546875 0.43864059375000003 0.08421923125 0.422787465625 0.110502075 0.43162646875000005 0.1450197078125 0.47700544375 0.15726540312499998 0.463434353125 0.1370315265625 0.43089966406249997 0.138412315625 0.41689091874999995 0.16305146406249998 0.42356901718750006 0.23139685000000002 0.42243193124999995 0.26788733124999997 0.3912844640625 0.290126659375 0.39876361875 0.30110671875 0.3815506453125 0.3191710828125 0.379585128125 0.323576353125 0.3537285390625 0.3569271984375 0.35207954531249996 0.39808585937499996 0.3112451375 0.43332700625 0.30219124218750004 0.4485971875 0.2767723078125 0.45374227500000003 0.22221830312500002 0.47078760624999993 0.207045096875 0.48009136249999995 0.13620030625 0.45832894062499996 0.083854084375 0.46133712187500003 0.046270785937499996 0.4376617359375 0 0 0
1 0.5390625 0.4890625 1 0.4890625 1 0.059119845312499995 0.9416780750000001 0.0394074703125 0.5390625 0.011253846875 0.5390625 0.4890625
0 0.5090168875 0.644086278125 0.5036420078125 0.6350421359375 0.488289796875 0.6306832015625 0.483177828125 0.6378087078125001 0.4823641328125 0.649595984375 0.494494678125 0.6536755234375 0.5015708265625001 0.6560552546875 0.5047267671875 0.6522922375 0.5090168875 0.644086278125
0 0.395395446875 0.667787784375 0.3855332640625 0.6548223625 0.3669593875 0.650184034375 0.3582476921875 0.6585111265625 0.3624883875 0.6719982109375 0.37632835625 0.682281065625 0.3880151140625 0.683799171875 0.3907272640625 0.6774747234375 0.395395446875 0.667787784375
0 0.321938090625 0.6760503765625 0.30816385 0.6698099328125 0.29957545625000004 0.6733541234375 0.2980632140625 0.67927804375 0.30425994218749997 0.689402640625 0.314179696875 0.6935427453124999 0.3229571203125 0.689258065625 0.321938090625 0.6760503765625
0 0.155873746875 0.7761903828125 0.155125778125 0.7920200734374999 0.16694398906250002 0.80162300625 0.1769870484375 0.8009802078125 0.1814004703125 0.7879913468749999 0.1701493515625 0.7761669437500001 0.155873746875 0.7761903828125
1 0.5390625 0.4890625 0 0.4890625 0 0.6295935078125 0.0122719125 0.6378417390625 0.0204165171875 0.631736115625 0.0391875765625 0.6485016828125 0.0484663640625 0.6379531187499999 0.04871296875 0.6283873124999999 0.07234123906249999 0.63472545 0.08308284375 0.6399460078125 0.08661684375 0.6347020109375 0.100958175 0.638720984375 0.091745115625 0.653311959375 0.10293050937499999 0.6610939499999999 0.11613765937500001 0.6695558625 0.1227863234375 0.6951096171875 0.141803990625 0.7023093796875 0.1453379890625 0.6970653812500001 0.15601386718750002 0.6982435265625 0.1529073515625 0.6803135015625 0.153910078125 0.667785734375 0.1690814109375 0.6857528875 0.19184656093750002 0.72557134375 0.1898329546875 0.737759146875 0.20064028750000001 0.74702211875 0.21392946875000002 0.7852619 0.2120147109375 0.75406361875 0.2440586453125 0.7833335109374999 0.22091543749999998 0.7449960375 0.2087110140625 0.72400635625 0.1925945296875 0.7097416546875 0.1850582875 0.6790650359375 0.1821983796875 0.65156920625 0.1904087109375 0.6495059953125 0.1974930125 0.6647534546875 0.2148012546875 0.6657498984375 0.2208007984375 0.66374725625 0.24202925 0.67088645 0.275634853125 0.672539378125 0.3011534265625 0.6714726140625 0.299271275 0.69174524375 0.3174013625 0.6938221406249999 0.3203601203125 0.6779318859375 0.3121416375 0.667127365625 0.31788642500000003 0.6618228015625001 0.3310359984375 0.6791100296875 0.337495634375 0.705404275 0.3385803921875 0.7226543765625 0.37456084375 0.7838024750000001 0.3595622375 0.7393593765625 0.3619539046875 0.725690590625 0.37078890468750003 0.7125805953125 0.35820641875 0.6930718984375 0.353143875 0.6785043609375 0.34561578437499996 0.6606954703125 0.3398628453125 0.6531323078125 0.3510976609375 0.639221253125 0.3705428109375 0.6232469921874999 0.38494171875 0.6184406499999999 0.39321777812500003 0.6204198515625 0.40251286718749996 0.63560674375 0.43959489375 0.6408409890625 0.4504516515625 0.6284109171875001 0.4368007125 0.6173875703125 0.44923543749999995 0.6030759890625 0.4587689828125 0.59582935 0.4749430421875 0.601268734375 0.45913889062499996 0.5814806406249999 0.47214885781250004 0.577815315625 0.49616334218749997 0.5955402015625 0.5050146453125001 0.6081656625 0.5390625 0.6383886421875 0.5390625 0.6362557546875001 0.5072172796875 0.5952373671875 0.49223497812500006 0.576529725 0.49538276562499994 0.5598989796875 0.5111048859375 0.5499092046875 0.5107186734375 0.5385224578125001 0.5247970937499999 0.5263717796875 0.533311609375 0.50591745 0.5390625 0.49790135781250006 0.5390625 0.4890625
0 0.8929824109375 0.8591748328125 0.88627616875 0.8424463921875001 0.8689679265624999 0.841449946875 0.864110715625 0.8518773765625 0.8665186859375 0.8639440468749999 0.8720825937499999 0.8722477 0.882758471875 0.8734258453124999 0.8897031671875 0.8677207515625 0.8929824109375 0.8591748328125
0 0.844846446875 0.8542434218749999 0.8461202328125002 0.8707530328124999 0.85655765625 0.8943647125 0.8733151093749999 0.9233180828125 0.87555978125 0.8925066218750001 0.8713922015625 0.8792520734375 0.86677344375 0.8672459703125 0.858111171875 0.8538800203125 0.848569475 0.8482589328125 0.844846446875 0.8542434218749999
0 0.9695050078125 0.9034030359375 0.9676804328124999 0.91485035 0.9781754312500001 0.9296367140624999 0.9873309156250001 0.923871053125 0.98884315625 0.9179471328125001 0.9892787937499999 0.9076408359375 0.9805589453125 0.9031002015624999 0.9695050078125 0.9034030359375
0 0.5798815937499999 0.6839246953125 0.575525746875 0.6880882421875001 0.5785665343749999 0.7019758546875 0.6042822890624999 0.7130363281250001 0.61369253125 0.710572590625 0.61501574375 0.7053891578125 0.6110955312499999 0.6992464093749999 0.6076766828125 0.686839778125 0.6067233812499999 0.6776745015625 0.6019813203125001 0.6704512984375001 0.5938285640625 0.66368919375 0.5863743515625 0.6627904421874999 0.5796844109375 0.6717974578125 0.577983140625 0.6784618703125 0.5798815937499999 0.6839246953125
0 0.8422331421875 0.817181784375 0.850451625 0.8279863031250001 0.85746205 0.8263236203125001 0.866617534375 0.8205579609375 0.85821001875 0.8104939328124999 0.8599525640625 0.76926875 0.8458247171875 0.803112471875 0.8445015046875 0.8082959015625001 0.8422331421875 0.817181784375
1 1 0.4890625 0.5390625 0.4890625 0.5390625 0.585865446875 0.5398989000000001 0.58685598125 0.5442629 0.5955601625 0.5404165671875 0.606327553125 0.5574700499999999 0.6040220765625 0.5719428375 0.616125875 0.5903934109375 0.62554710625 0.587368928125 0.6373949484375 0.59716538125 0.6463179578125 0.6089835921875 0.655920890625 0.6188951953124999 0.6471932687499999 0.630581953125 0.6487113765625 0.65167895 0.64776574375 0.63418983125 0.6603775187500001 0.6321104984375 0.668522909375 0.6389976171875 0.67164313125 0.6537251640624999 0.6870488531250001 0.6728661296875 0.6894657109375 0.6819640375 0.692525365625 0.6737618578125 0.707456303125 0.690379703125 0.7154571203125 0.7034554 0.715834209375 0.7104000953125 0.7101291156249999 0.7207554890625 0.703962925 0.7217006390625 0.700260475 0.726574153125 0.7155685 0.7388361546875 0.727732865625 0.749890090625 0.7274300312499999 0.7503257265625 0.7171237359375 0.7452056062500001 0.7113815140625 0.7706008765625001 0.7150976515625 0.78526269375 0.726460959375 0.7963823578125 0.7302005375 0.8062445390625002 0.7431659609375 0.81648478125 0.7546504 0.8342449593750001 0.7710760062500001 0.8517422312499999 0.7713319609375 0.8591882921874999 0.7593629828124999 0.871376409375 0.7546172078125 0.8833179234375 0.7594372375 0.8921529234375001 0.7463272421875 0.910496496875 0.7862668312500001 0.92883191875 0.8133386937499999 0.9382997375000001 0.8020496406250001 0.9276732828125 0.7791784515625 0.9122390421875 0.7450416484375 0.9301801015625 0.7478590359374999 0.9439543421875001 0.7540994781249999 0.9795817 0.7564323296875 0.9979583968749999 0.7489434218750001 1 0.752419115625 1 0.4890625