0 0.424579265625 0.4875091453125 0.430950490625 0.49286294843749995 0.4412522109375 0.4993493375 0.44735674062499997 0.49324480781249996 0.44962775625000007 0.490174359375 0.4501908 0.48081754375 0.44455233437499997 0.473398590625 0.4320038453125 0.47102431562499997 0.42585082500000004 0.47504551250000004 0.424579265625 0.4875091453125
0 0.253940946875 0.23471403125 0.26470873125 0.2276769375 0.2651263046875 0.2120701203125 0.258779325 0.20775798281250002 0.2485988296875 0.206479928125 0.2425670359375 0.2157094578125 0.23963599531250002 0.22397005625 0.23982995625 0.2323033890625 0.253940946875 0.23471403125
0 0.257868828125 0.1015443515625 0.24695557343750002 0.1023314453125 0.2360665640625 0.10416020468750001 0.22837528906250001 0.10918670156250002 0.22952021562499997 0.124829884375 0.2359156859375 0.13122535468750002 0.2413844359375 0.1313526421875 0.24761019062499998 0.1304564453125 0.2530062046875 0.12745873125 0.2598677390625 0.12033071875000001 0.2643127890625 0.11002315625 0.257868828125 0.1015443515625
0 0.11513171250000001 0.1752636828125 0.10512093281249998 0.18127729374999998 0.0926209328125 0.180986353125 0.0793396828125 0.180677228125 0.061661875 0.1927590015625 0.061952815625000004 0.2052590015625 0.072012084375 0.2013287234375 0.09449861875 0.1945643859375 0.11307890312499999 0.18770913125 0.159953903125 0.188800159375 0.15807621875 0.175222125 0.11513171250000001 0.1752636828125
0 0.51875 0.5024841 0.5224294765625 0.5007663671875 0.5277770015625001 0.4956853203125 0.5274860609375 0.4831853203125 0.51875 0.4747021203125 0.51875 0.5024841
0 0.5609451562500001 0.41108692500000005 0.5736391171874999 0.41971119999999995 0.584431146875 0.4137157734375 0.58648395625 0.4012703234375 0.5839462453125 0.3928824390625 0.5768665046875 0.3906354515625 0.567564240625 0.39354224531250004 0.56148395625 0.4006884421875 0.5609451562500001 0.41108692500000005
0 0.7216536343750001 0.47208808593749996 0.7220469640625 0.455439603125 0.7186795125 0.4449502015625 0.7069850078125001 0.44571911093749994 0.7041994390624999 0.46022970937499996 0.710153090625 0.48119032968750003 0.7216536343750001 0.47208808593749996
1 1 0 0.51875 0 0.51875 0.27297965625 0.534331553125 0.274083078125 0.5511257234375 0.2911316046875 0.559253409375 0.3048551078125 0.5596170859375 0.3204801078125 0.5528282859375 0.330733121875 0.5548514421874999 0.35056115625 0.5653471234375 0.365380878125 0.583170403125 0.35954910625 0.5980141531250001 0.359894596875 0.601260378125 0.365175665625 0.612197878125 0.3654302390625 0.6133428046875 0.381073421875 0.6119015296875 0.3862453890625 0.62655131875 0.378257546875 0.5953874828125001 0.44832716250000004 0.6376827796875 0.3868454546875 0.6411229656249999 0.4004598546875 0.6606784609374999 0.4019561171875 0.675740415625 0.411676609375 0.7069419265625 0.41032062812500003 0.7257161703125 0.4117987046875 0.7491536703125 0.41234421875000005 0.7522786703125 0.41241695468749995 0.7702959109374999 0.414918515625 0.792364871875 0.4237609953125 0.8035933125 0.43651556874999997 0.8152393265625001 0.43366332500000004 0.82212510625 0.4275769796875 0.826739871875 0.4245610828125 0.8209505281249999 0.4442072796875 0.8244876937499999 0.461988346875 0.8386229296875 0.4654406546875 0.8470227187500001 0.45730734375 0.8458050578125 0.43853916093749995 0.84453890625 0.4176876421875 0.8597032500000001 0.398259653125 0.86729754375 0.389066490625 0.8891240546875 0.387492303125 0.908412853125 0.37753023125 0.9238681390625001 0.37060224062499997 0.9377124328124999 0.3615545484375 0.9538034968750001 0.348394740625 0.9674053406249999 0.328930384375 0.980322915625 0.3136145078125 0.9988304640625 0.303634253125 1 0.3045795015625 1 0
1 0 1 0.51875 1 0.51875 0.5918087062499999 0.514110990625 0.5823710046875 0.5015625 0.57999673125 0.025 0.5689046156249999 0.0219719796875 0.572998546875 0.000290940625 0.580822734375 0.00136313125 0.5933409171874999 0 0.5977782546875 0 1
0 0.737297471875 0.9641443796875 0.7458669765625 0.9633027343750001 0.749676246875 0.9592269874999999 0.751801790625 0.9499065390625001 0.746871840625 0.9393807687500001 0.7374241046875 0.9360375640624999 0.73378455 0.947404978125 0.737297471875 0.9641443796875
0 0.5429711796875 0.5993999703124999 0.55402990625 0.6048628765624999 0.561672690625 0.5977530484375 0.561502975 0.59046138125 0.5574027640625 0.582037128125 0.551885525 0.579826509375 0.54487851875 0.5807045203125 0.541190475 0.5899886015625 0.5429711796875 0.5993999703124999
0 0.740182815625 0.786183034375 0.742162890625 0.7706125859374999 0.7387711953125 0.7590815171875 0.7292507234375 0.7526133125000001 0.723073459375 0.7555928421875 0.7155276546875 0.7668693359375001 0.7150131 0.7783094859374999 0.7221898203125 0.7847231390625 0.73163755625 0.7880663453125 0.740182815625 0.786183034375
0 0.67979493125 0.7077359171875 0.6745928765625 0.7190669625 0.6826235828125 0.7286238015625 0.6927798328125 0.7288601906250001 0.699617121875 0.7206905109375 0.698593421875 0.7102556609375 0.6953229515625 0.7039329249999999 0.67979493125 0.7077359171875
0 0.9430625703125 0.9481115687500001 0.9426746500000001 0.9314449015624999 0.9391374828124999 0.9136638343750001 0.9304952437499999 0.911380478125 0.923997384375 0.9341334906250001 0.9338572859374998 0.9551850296875 0.9430625703125 0.9481115687500001
0 0.8189031265625001 0.8806733796875001 0.826618646875 0.8766885515624999 0.8247409609374999 0.8631105171875 0.8129009859374999 0.8576294265625 0.8018180140625001 0.8511248531250001 0.7902204906250001 0.8560604296874998 0.79766390625 0.8739324171874999 0.8189031265625001 0.8806733796875001
1 1 0.559375 0.625028703125 0.559375 0.6303068734374999 0.5608297390625 0.634649534375 0.5796706578124999 0.6017346453125001 0.608055421875 0.587497021875 0.633751596875 0.5737981984375 0.6490492875 0.5745497953125 0.6813409531250001 0.5949646828125 0.65266525 0.6078822578125 0.637349375 0.6274916515625 0.60761381875 0.64834295 0.597688115625 0.664579484375 0.590778309375 0.6705331359375 0.6117389281250001 0.6793396828125 0.6546291 0.6917372953125 0.6840685234375 0.7039651921875001 0.7062162796875 0.7081381375 0.7177655328125 0.6935610828125001 0.7288783734375001 0.6743207734375 0.7409237796875 0.6705842390625 0.7481245281250001 0.6331273203125 0.7826501875 0.6866214046875 0.7661965359374999 0.7113789546875 0.75636175 0.7329145234375 0.7422875640625 0.748515278125 0.741609571875 0.7667507234375 0.753486134375 0.7753929640624999 0.7557694890625 0.7839139796875 0.7528445109375 0.7820066406249999 0.771539959375 0.7745093265625 0.7848997890625 0.779802953125 0.81105055625 0.7863196484375 0.8226543609375 0.8027743890625001 0.8251195546875 0.7978444375 0.814593784375 0.8128336578124999 0.8211892765625001 0.8289678046875 0.8434279515625001 0.837857903125 0.8228128250000001 0.8384155390625001 0.8467711578125 0.848275440625 0.8678226984374999 0.8716159609374999 0.8642015437499999 0.89507770625 0.865788725 0.9233724203125 0.8737350078125001 0.94063265625 0.8772600515625001 0.96016390625 0.8777146453124999 0.9781084109375 0.8770912078125 1 0.870505840625 1 0.559375