0 0.5081540921875 0.029368535937500002 0.498641365625 0.0199618796875 0.46845937187500003 0.01287779375 0.4656047984375 0.0238316671875 0.4784975921875 0.0293929046875 0.4873250609375 0.035726009375 0.49764814062499996 0.0297614328125 0.5081540921875 0.029368535937500002
0 0.3875878640625 0.0682782875 0.40146232968750006 0.059236678125 0.3990754859375 0.05328254375 0.396014934375 0.049058153125 0.389562759375 0.0438758875 0.378040478125 0.0444617515625 0.3782349 0.05483672656250001 0.381638078125 0.0605978921875 0.3875878640625 0.0682782875
0 0.136203646875 0.252163125 0.1304251765625 0.24525111875 0.114654696875 0.2410371703125 0.098576253125 0.2496963265625 0.1074037203125 0.2560294328125 0.12723952656249998 0.2594715109375 0.136203646875 0.252163125
0 0.1940501203125 0.4878616671875 0.192656496875 0.47210798125000003 0.1873688609375 0.4578945515625 0.1769995640625 0.44464595781250005 0.173093996875 0.441382921875 0.159870125 0.43908820156250006 0.1587055875 0.44811936875 0.1697601421875 0.4644415125 0.174533834375 0.4763497796875 0.1838867984375 0.48979134062499996 0.1940501203125 0.4878616671875
0 0.08380099375 0.30696383125 0.09308463593750001 0.29158563593750003 0.08408585156250001 0.2844841421875 0.07628626875 0.2827613625 0.064592675 0.2825788375 0.0605504546875 0.2929572921875 0.0666715546875 0.301406075 0.0729524140625 0.3058199515625 0.08380099375 0.30696383125
0 0.194119034375 0.0937986953125 0.2077086421875 0.10723677499999999 0.2168556296875 0.10550006875 0.22394684687500002 0.0945427140625 0.22561377500000002 0.08301341875 0.2167863078125 0.0766803125 0.2013700109375 0.078806434375 0.1929082796875 0.0836166890625 0.194119034375 0.0937986953125
0 0.146615171875 0.14206288281249999 0.15256495781249999 0.149743278125 0.16359640312499998 0.1564588375 0.1713728765625 0.14857503125 0.174410321875 0.1431928359375 0.1720119203125 0.1324354109375 0.1642123390625 0.1307126296875 0.153546628125 0.13514043281250002 0.146615171875 0.14206288281249999
0 1 0.28198755468750003 0.9915606312499999 0.2798618828125 0.9761327812499999 0.277184709375 0.973449521875 0.28890697187500003 0.9904191984375 0.29849963281249997 0.9916184000000001 0.30387834687500004 1 0.29743332968749997 1 0.28198755468750003
0 0.9013477140624999 0.3266241078125 0.9099692062500001 0.31777894687499997 0.901815440625 0.3097160984375 0.8906357890625 0.3118387375 0.88403540625 0.315494671875 0.882699553125 0.3237574484375 0.8874616937500001 0.33086242499999996 0.89186965 0.33162732968749997 0.8998289937500001 0.3293152046875 0.9013477140624999 0.3266241078125
0 0.8017336234375 0.269450596875 0.79899259375 0.2571563953125 0.7920264749999999 0.24966896875 0.7813492125 0.24929347656249998 0.777124121875 0.2541002515625 0.7761424531250001 0.268703096875 0.7842846625 0.2719626515625 0.7917416171875 0.27214865625 0.8010599203125001 0.2711803390625 0.8017336234375 0.269450596875
0 0.8173519062500001 0.13994073437500001 0.8292283703125 0.1456949390625 0.8461518328125 0.1360744296875 0.852900421875 0.12358029687500001 0.8462884859375001 0.12243293749999999 0.837472571875 0.120903125 0.824088940625 0.1226433125 0.8144395624999999 0.1268781453125 0.8137774140625 0.1334111796875 0.8173519062500001 0.13994073437500001
0 0.7328194578125 0.36422834375 0.7339839968749999 0.35519717968750003 0.7259899921875 0.343099425 0.7154840421875 0.34349232343749997 0.704304390625 0.3456149625 0.7011071875 0.3550320609375 0.7089183234374999 0.361558134375 0.71944738125 0.37077182343750004 0.7297820140625 0.3696105390625 0.7328194578125 0.36422834375
0 0.62285360625 0.51245254375 0.6055644046875 0.51092969375 0.600322984375 0.515929434375 0.611697059375 0.52418176875 0.629500203125 0.52800978125 0.6384758765624999 0.5255046890624999 0.635403771875 0.5164770062499999 0.62285360625 0.51245254375
0 0.68295185625 0.4161449828125 0.6868227625000001 0.40499814218749997 0.6844359156250001 0.399044009375 0.6754486875 0.396745809375 0.6652969203125 0.40347877343749994 0.6563328 0.41078715781249997 0.665171821875 0.42192355625 0.68295185625 0.4161449828125
1 0.55 0 0.55 0.4847087390625 0.588446521875 0.5101752312500001 0.6033488734375 0.505743946875 0.5831357765625 0.486355215625 0.56847206875 0.44909363906250005 0.56777525625 0.44121679687500004 0.62416435625 0.42330217656249997 0.652415678125 0.402720828125 0.6669638484375 0.39194947812500003 0.6920641828124999 0.3999984 0.701931090625 0.41574512500000005 0.7151549609375 0.41803984375000003 0.7387712375 0.4431897421875 0.7463763984375 0.43453755000000005 0.728013096875 0.4091912015625 0.7154167140625 0.3859535703125 0.6987665562500001 0.36829109843749996 0.693490475 0.3588809625 0.6908976499999999 0.33774856249999996 0.69696098125 0.32218088125 0.698958984375 0.30738506875 0.7252354125 0.31120611875000004 0.737236975 0.2985155390625 0.75587358125 0.2965789046875 0.7595616203125 0.27986038281250003 0.7490556703125 0.2802532796875 0.746805475 0.2606576546875 0.7559409109375 0.25411765625 0.7658982562500001 0.23700972031249998 0.7507899265625 0.2262627375 0.766479528125 0.1968536359375 0.7701444578125 0.170528528125 0.7699038203125 0.14094038281250001 0.7628914859375 0.114239784375 0.760458425 0.0890724796875 0.7560042515625 0.06909440156249999 0.7591899015625 0.054874010937499995 0.7758053968749999 0.058126603124999995 0.7925690984375 0.0525409984375 0.795583434375 0.0375522171875 0.7813432312499999 0.035450465625 0.7914834453124999 0.023914207812499998 0.7804173359375 0.0027887718749999998 0.7698150609375001 0 0.7675067015625 0 0.7494365375 0.015879209375 0.7289385828125 0.0189701671875 0.7145209140625 0 0.55 0
0 0.4734444875 0.5409052375 0.45785687812500003 0.5422629703124999 0.45447680625000003 0.5461083890625 0.45958157499999996 0.5547501390625 0.46839748906249995 0.5562799515625 0.4753404984375 0.55416079375 0.48210064218750004 0.5464699562499999 0.4734444875 0.5409052375
0 0.271804765625 0.7625992234375 0.2509641828125 0.7641534046875 0.2411434890625 0.7676198515625 0.2435418890625 0.778377278125 0.24982275 0.7827911562500001 0.26320638125 0.78105096875 0.2660840640625 0.7797036796875 0.2714736921875 0.765865740625 0.271804765625 0.7625992234375
0 0.130191978125 0.7878848890625 0.1264923875 0.79980011875 0.132956115625 0.8097856765625 0.1480413359375 0.8109260734374999 0.16429109687500001 0.8030353046875 0.163925359375 0.7918919453125 0.163411415625 0.7895867828125 0.1611958828125 0.7844010359375 0.15847796249999999 0.7817134203125 0.1515234 0.7790292859375001 0.1405150609375 0.7819203124999999 0.130191978125 0.7878848890625
0 0.1816842796875 0.8477877906250001 0.17979982187500002 0.8393355265625001 0.168425746875 0.83108319375 0.15741740937499998 0.8339742203125 0.155224984375 0.8383950609374999 0.15608155625 0.8422369984374999 0.1617118203125 0.857987203125 0.16782136718750001 0.8616326921875 0.1766257265625 0.8583592124999999 0.1816842796875 0.8477877906250001
0 0.27451711562500003 0.9743265578125001 0.2816198859375 0.9681724953125 0.240267796875 0.8967333375 0.23445466406249998 0.87541145 0.2300235984375 0.8650399578125001 0.22355987187499998 0.8550544015625 0.2140587 0.8504510390625001 0.2018627140625 0.8527666453125 0.198140015625 0.8550752890625001 0.23250287812499998 0.9094204343750001 0.27451711562500003 0.9743265578125001
0 0.41553308749999995 0.8418316749999999 0.4043303265625 0.8343477296875002 0.3870526828125 0.837628171875 0.3848718109375 0.8468523046875 0.38589969687500003 0.8514626312499999 0.3979474765625 0.857985221875 0.413363771875 0.8558591015625 0.4165725296875 0.8512452937500001 0.41553308749999995 0.8418316749999999
0 0.21056109531249997 0.7349825265625001 0.2059587171875 0.723842646875 0.1966288609375 0.7200076703125 0.18341654375 0.72251624375 0.1815783 0.7332771515625 0.2019511578125 0.7486309796875 0.21056109531249997 0.7349825265625001
0 0.96870329375 1 0.9670181359375001 0.992441640625 0.9573572031250001 0.9918731828125 0.9539540234375 0.9861120171875001 0.9385377281249999 0.9882381375 0.9321086609375 0.9926624578125001 0.9330812890625 1 0.96870329375 1
0 0.65368945 0.9982709312499999 0.6643551578125 0.9938431296874999 0.6687400078125 0.9850014515625001 0.6707495640625 0.97500893125 0.660403375 0.9713669218749998 0.6485384640625 0.9704160109375 0.635154834375 0.9721561984375 0.6334647984374999 0.9740789078125001 0.6367082156249999 0.9838749796874999 0.640282709375 0.9904045328125001 0.64792253125 0.9961622171875 0.65368945 0.9982709312499999
0 0.65632649375 0.9673354984374999 0.66055158125 0.962528725 0.6612137312499999 0.9559956890624999 0.6518838734375001 0.9521607140625001 0.64036159375 0.9527465781250001 0.6351201718749999 0.9577463187500002 0.63852335 0.9635074859374999 0.643616565625 0.9673459421875 0.6490408546875 0.9679178828125 0.65632649375 0.9673354984374999
1 1 0.5296875 0.55 0.5296875 0.55 0.9232908859375 0.5773143421875 0.9503006671875 0.5900011640625 0.9406836359374999 0.616129384375 0.9533428859375 0.6313628109375 0.945645084375 0.6642396203125001 0.945810203125 0.6794846015625 0.9429156937500001 0.6918403453125 0.9365651828124999 0.6986698125 0.9576941 0.7129100140625 0.959795853125 0.7296852703125 0.9590135406249999 0.7456155078125 0.9591925828125 0.7605063078125001 0.9499580062499999 0.7608258296875 0.9418881953125 0.7872620171875 0.9416743406249999 0.7906305343750001 0.9330256296874999 0.7868847265625 0.9257276875 0.8036484296874999 0.9201420828125 0.805030496875 0.9310924765624999 0.8226623249999999 0.9341521015625001 0.852626790625 0.9212546296875 0.880262178125 0.9264194890624999 0.9038206843750001 0.9275529234375 0.9127732500000001 0.9154412453124999 0.9163015281250001 0.9027576281249999 0.9182879765624999 0.8831585234375 0.9504679750000001 0.8754467968749999 0.9783766671875 0.853328675 1 0.8347733328124999 1 0.5296875