0 0.14325631249999998 0.3750679875 0.136259340625 0.3661521921875 0.1253117359375 0.363123059375 0.12447424375 0.37239570624999996 0.1306519421875 0.38747056406249997 0.1337832984375 0.3877429671875 0.13925710156249999 0.389257534375 0.14325631249999998 0.3750679875
0 0.1416061390625 0.25550968281249997 0.14075043125 0.2678959125 0.1430382234375 0.2784788234375 0.1469038375 0.287122215625 0.1523472765625 0.29382608593750004 0.15783322500000002 0.2932649296875 0.16254240625 0.2915978125 0.1680526421875 0.286885215625 0.1712447265625 0.276779009375 0.1697337015625 0.267302059375 0.1565043765625 0.252652153125 0.1416061390625 0.25550968281249997
0 0.101487015625 0.2852480890625 0.0991384984375 0.2850437875 0.105504446875 0.26794495937499996 0.101626684375 0.2613772890625 0.086734521875 0.2631969578125 0.0835667296875 0.26915171875 0.0811696296875 0.2772503046875 0.08658877968749999 0.28810561875 0.09363433437499999 0.28871852656249997 0.101487015625 0.2852480890625
0 0.1985292421875 0.1649297390625 0.186732 0.173248975 0.1827570796875 0.1832870796875 0.188206590625 0.18895309062500001 0.20698258749999998 0.1926632296875 0.2156545453125 0.1830337296875 0.2063151265625 0.1728757734375 0.1985292421875 0.1649297390625
1 0.46875 0.4296875 0.46875 0 0.204842896875 0 0.20497465625000003 0.0003865640625 0.1962844796875 0.013129646875000001 0.20166719375 0.030212126562500004 0.2126026546875 0.035316982812499995 0.22120174062500003 0.0381418109375 0.22662088906250002 0.0489971265625 0.23287753125 0.05057979218749999 0.2343217578125 0.07147321250000001 0.23430961250000001 0.073548934375 0.23114789375 0.07846583593749999 0.2218206203125 0.06623215625 0.2116072734375 0.07157401249999999 0.20603631249999999 0.0866652203125 0.21143724375 0.1006341171875 0.22632940625 0.09881444843750001 0.2380234140625 0.10813884843749999 0.2426900859375 0.1137367546875 0.211364371875 0.113088446875 0.221498775 0.12123878125000001 0.21430747968750002 0.14553453593750001 0.219714484375 0.15846557187500002 0.22753680312500002 0.16018444062499998 0.23219740312499998 0.1668202125 0.236657609375 0.2077053921875 0.2507669328125 0.20581762343749999 0.237300778125 0.2316442921875 0.23949140937500002 0.258832978125 0.2269113296875 0.2670841140625 0.2268080953125 0.28472774843750004 0.23609285937500002 0.30422645312499996 0.2532667421875 0.31402755625 0.27274663593750004 0.331297990625 0.2875477109375 0.3450462359375 0.2920807859375 0.373477084375 0.3093032515625 0.37497530156250003 0.3161423359375 0.41087548125 0.32389785937500004 0.4240108171875 0.3245073453125 0.4296875 0.46875 0.4296875
1 0.46875 0 0.46875 0.02518768125 0.46929542968750004 0.0247552921875 0.4715467859375 0.04156536875 0.47389530312500006 0.0417696703125 0.46875 0.046223728125 0.46875 0.0692698171875 0.48003049375 0.0641095546875 0.4815293734375 0.0756622265625 0.4822332703125 0.08922251875000001 0.479065478125 0.09517728125 0.47274811093749997 0.1039732234375 0.479702575 0.1201540421875 0.4773054765625 0.128252628125 0.46875 0.1335935875 0.46875 0.17811392343750002 0.4762311546875 0.1780018484375 0.488714075 0.1863564875 0.487075525 0.19867461718749999 0.482281328125 0.2148717859375 0.46875 0.2291974828125 0.46875 0.249908253125 0.47269900781249996 0.24622826406249998 0.495492434375 0.23263527343749998 0.50334511875 0.2291648375 0.503223665625 0.24992205625000002 0.5015669 0.26535376875 0.5069313953125001 0.2855498296875 0.5185525328125 0.30732855937500003 0.5223999312500001 0.3190855328125 0.5231402609375 0.3264186609375 0.5098319953125 0.32526094687499996 0.5089580671875 0.34076076093749996 0.5151722015625 0.349608453125 0.52769155625 0.351735925 0.5301129453125 0.3394858984375 0.532485753125 0.33553875624999996 0.541837315625 0.34362099218750003 0.5512253140625 0.3454760625 0.5614022249999999 0.346361371875 0.573909434375 0.3505645671875 0.5793528734375 0.3572684390625 0.5816406656249999 0.36785135 0.5714576828125 0.36800390156249996 0.5667363578125 0.3717467390625 0.566669559375 0.38316320937500004 0.57681610625 0.3892378234375 0.5838798781250001 0.38673715 0.588479753125 0.40375152812500004 0.6017637296875 0.409060684375 0.6190287015625 0.40329387656250004 0.6260863984375 0.4018310609375 0.6299398703125 0.4125501734375 0.6319717734375 0.4296875 1 0.4296875 1 0 0.47654294999999997 0 0.474902828125 0.00343691875 0.47306888750000003 0 0.46875 0
0 0.5989388375 0.4296875 0.600113034375 0.4234545359375 0.58998470625 0.41426633749999997 0.5734965 0.421139109375 0.573446484375 0.4296875 0.5989388375 0.4296875
0 0.26578533437499996 1 0.2716654328125 0.9983888499999999 0.274857515625 0.9882826437500001 0.2678605421875 0.9793668499999999 0.26159175625 0.9798599046875001 0.2560997359375 0.9814589203124999 0.256057228125 0.9887239484375 0.2567914859375 0.997094934375 0.26175013593749996 1 0.26578533437499996 1
0 0.46875 0.9781898296874999 0.4652757046875 0.9726574515624999 0.4574473109375 0.9719764421875 0.45267740468750006 0.9840221671875 0.45575410937500005 0.9936353203125 0.4587848 1 0.4685001953125 1 0.46875 0.999646371875 0.46875 0.9781898296874999
0 0.45509272031250003 0.9728100000000002 0.4661374859375 0.959233359375 0.4638982734375 0.9403475609375 0.459231603125 0.934749653125 0.45216783125 0.9372503281250001 0.445025115625 0.95324319375 0.44421798749999997 0.9573265375 0.4402005578125 0.9746296671875001 0.43852557187499996 0.9931749609375 0.45509272031250003 0.9728100000000002
0 0.3693811921875 0.89682009375 0.370218684375 0.887547446875 0.36556415625 0.8798738171875 0.35772361875 0.8812685296874999 0.349877009375 0.8837011046875001 0.347479909375 0.891799690625 0.353687971875 0.9016852437499999 0.35914355625 0.90631339375 0.366207328125 0.9038127187499999 0.3693811921875 0.89682009375
0 0.27896655625 0.8214594453125 0.2852899953125 0.8116256421875001 0.286121415625 0.8033908562500001 0.27836589218749996 0.79025551875 0.26346765625 0.7931130468750001 0.2587584765625 0.7947801640625001 0.2555542484375 0.806962090625 0.25706527343749996 0.816439040625 0.2609551796875 0.8209309875 0.27034317812499997 0.8227860578125 0.27896655625 0.8214594453125
0 0.227669590625 0.753655278125 0.2308981078125 0.7373219093750001 0.2230818609375 0.734565178125 0.2168191484375 0.7340203703125 0.2105442890625 0.7355512875000001 0.207358278125 0.7446196328125 0.211988515625 0.7564447078125001 0.220599746875 0.757193815625 0.227669590625 0.753655278125
0 0.0898296765625 0.6180959921875 0.096838796875 0.6249360656249999 0.1023125984375 0.6264506328125 0.1070339234375 0.62270779375 0.11255630624999999 0.6159194718750001 0.11419485625 0.6036013437500001 0.10947352968749999 0.6073441828125 0.10481293124999999 0.6007084125000001 0.096207771875 0.59892144375 0.0922814296875 0.6006566609374999 0.08595799062500001 0.6104904624999999 0.0874933046875 0.61581596875 0.0898296765625 0.6180959921875
0 0.12597388125 0.5983956890625001 0.13304372343749998 0.594857153125 0.13935501875 0.5870990734375 0.140228946875 0.5715992609375 0.130834875 0.5707820515625001 0.11909228593750001 0.5697605375 0.111209240625 0.5784202781250001 0.1009958953125 0.5837621328125 0.1033019046875 0.5912314625 0.1165858828125 0.596540621875 0.12597388125 0.5983956890625001
0 0.1269505203125 0.699204396875 0.13482749375 0.69158251875 0.13411145156249998 0.6800979484375 0.1270901890625 0.675333596875 0.1176779 0.677629971875 0.11134231562500001 0.6895394953125 0.1089755796875 0.6924487765625 0.10424818124999999 0.6972294734375 0.0971115390625 0.71218448125 0.08914955 0.7343364125 0.10881769375000001 0.7194331578125001 0.12219883125 0.7081365406250001 0.1269505203125 0.699204396875
1 0.46875 0.4296875 0.1767007578125 0.4296875 0.17707149375 0.43254495625 0.17778753593750002 0.4440295265625 0.173727596875 0.46859768281249997 0.1909196984375 0.47528520781249994 0.18929329374999998 0.48552761406249995 0.1852455015625 0.5080200484375 0.18672616250000001 0.5226863015625 0.17490463125 0.5351569828125 0.166930496875 0.559384634375 0.16369590625 0.5767558671875 0.1699221859375 0.5835278390624999 0.1768402140625 0.605935825 0.1917141609375 0.6072297390625 0.20260103906250002 0.62063748125 0.2072130578125 0.6355761390625 0.20941583437500003 0.660689103125 0.21473175000000003 0.6891880515625 0.22551539531250003 0.720239428125 0.2363658390625 0.739874334375 0.24332030468750002 0.7560551562500001 0.2189247625 0.775739109375 0.190639315625 0.7909311156250001 0.1662316296875 0.8126907921875001 0.21959829531250002 0.7944887062499999 0.24784123593750002 0.786561725 0.26278805156249996 0.7754013093750001 0.2752831171875 0.781680228125 0.28774781875 0.79314845 0.2986529140625 0.8034426078125 0.31589966875000003 0.8007893828124999 0.3291472109375 0.8123257046875001 0.32978430937500003 0.8373024671875001 0.3391237265625 0.8474604234375 0.3453985859375 0.8459295093750001 0.356297609375 0.8572615296875 0.36172283125 0.8670789828124998 0.374169315625 0.8816607859375001 0.39994228593750003 0.8942867218749999 0.41477372343749996 0.9028456625000001 0.44603264062500003 0.91491044375 0.46875 0.918942296875 0.46875 0.4296875
0 0.3273629203125 0.8495524937500001 0.324935459375 0.862840384375 0.3358527 0.8710588218750001 0.3397911859375 0.8672478828125 0.3429893421875 0.8561038156249999 0.3414783171875 0.846626865625 0.3344570546875 0.8418625140625 0.3273629203125 0.8495524937500001
0 0.46875 0.8435607953125001 0.4749424578125 0.841578146875 0.4866850484375 0.8425996578125 0.5023904140625 0.8356587874999999 0.5071360281249999 0.8277645046875 0.50643820625 0.8131663515625001 0.49154604218750003 0.8149860203125 0.4758285328125 0.8240026125 0.46875 0.8237949265625 0.46875 0.8435607953125001
0 0.6131472484375 0.780913625 0.6233241578125 0.781798934375 0.6319839703125 0.7742451578124999 0.635977109375 0.7610934687500001 0.6321114953125 0.7524500796875 0.618014315625 0.752262125 0.609354503125 0.759815903125 0.6053552921875001 0.7740054515624999 0.6092391234375001 0.779535259375 0.6131472484375 0.780913625
0 0.6689529984375 0.8813000828125 0.67752779375 0.8882763562499999 0.6838451609374999 0.8794804156249999 0.6846887265625 0.8691699093749999 0.6800038359375 0.8666855796874999 0.6729339921874999 0.8702241171875 0.6666469890625 0.8738307546874999 0.6689529984375 0.8813000828125
0 0.6728616437499999 0.7487262937500001 0.66417146875 0.7614693765625 0.6742451453125 0.7799983203125 0.6805321484375 0.7763916828124999 0.6851623874999999 0.788216759375 0.6930211421875001 0.7837084609375 0.700127421875 0.7739427609374999 0.6963043140625 0.75803434375 0.6932093921875 0.751534775 0.6728616437499999 0.7487262937500001
0 0.7384141953125 0.655781875 0.7344574921875 0.6627063984375 0.7343846203125001 0.675160728125 0.7281097609375 0.67669164375 0.741387665625 0.6830386609375 0.7484514359375 0.6805379859375 0.7547445140625 0.6758934890624999 0.756395209375 0.6614996375000001 0.7509578421875001 0.65375790625 0.7384141953125 0.655781875
1 1 1 1 0.4296875 0.7925999046875 0.4296875 0.788990090625 0.44523502343750004 0.784244475 0.45312930468749996 0.7763675015625 0.460751184375 0.765310590625 0.47640354687500003 0.7551761875 0.4682532109375 0.7402718796875 0.47214860156249994 0.7355262640625 0.48004288281249996 0.7282985328125 0.5105658015625 0.7242385953125 0.535133959375 0.7312294968749999 0.5450876156250001 0.7461034421875 0.5463815296875 0.75790675625 0.53702443125 0.7680168671875001 0.5493262140625 0.749192290625 0.553918959375 0.7490344046875 0.5809033421875001 0.7622758734375 0.5934775234374999 0.769284990625 0.600317596875 0.772373840625 0.6078550265625 0.7606008890625 0.6120228187500001 0.7542227953125 0.63119736875 0.7517892609375 0.64552311875 0.769011725 0.6470213359375 0.7721430828125 0.6472937390625 0.769606315625 0.6792631265625 0.7647939015625 0.6985738781249999 0.7606307296875 0.74078566875 0.7642534421875 0.790943496875 0.7672451312499999 0.8150866999999999 0.7907545984375 0.8129782796875 0.7993354671875 0.8189166921875 0.8055799640625001 0.8225750812499999 0.8140636703125 0.8451192703124999 0.8234334515625001 0.8500879234374998 0.824835171875 0.87824636875 0.8365352515625 0.8865329062499999 0.8426947328125 0.9047213468749999 0.8527501921875 0.9263638750000001 0.8637220859375001 0.9252415640624999 0.8658641359375 0.9607331359375 0.85945568125 0.985096990625 0.8659765421875001 1 0.8758500046875 1 0.880531615625 0.997314321875 0.8977844421875 0.9936232359375001 0.9016049078125 1 1 1