0 0.009868667187500001 0 0.0112585828125 0.0026547984375 0.021065609375 0.015547932812500002 0.027548259375000002 0.0001961796875 0.027523145312500004 0 0.009868667187500001 0
0 0.10941725625000001 0.0670425796875 0.103606421875 0.0792984953125 0.10311640156249999 0.08760716874999999 0.11266891406249999 0.0932023328125 0.12260236875 0.0873611265625 0.12547142656250002 0.08019060312500001 0.122801515625 0.0707119171875 0.1187879734375 0.0674249125 0.10941725625000001 0.0670425796875
1 0 0.309375 0.2717027359375 0.309375 0.265313278125 0.2889075125 0.266184240625 0.2691624640625 0.2596635734375 0.23870499843749998 0.245571140625 0.23708893281250001 0.240432121875 0.24624900625 0.225413359375 0.2404308140625 0.21478908125 0.22646325156249997 0.20058757031250002 0.22171948437500003 0.2004057734375 0.21650665156249999 0.21406189687500002 0.20561191406249998 0.206415753125 0.1876015265625 0.198824978125 0.19353831875 0.191796940625 0.1932515703125 0.194556921875 0.18295334531250002 0.1917779328125 0.170346959375 0.1965897171875 0.151803784375 0.180680984375 0.142826028125 0.1731992875 0.1518905203125 0.1721101703125 0.16538016875 0.1607967265625 0.1763704875 0.154440503125 0.1729878984375 0.16104958125 0.138901803125 0.14194455781249998 0.12771147031250002 0.1328820640625 0.1138076296875 0.1088198171875 0.11699020625 0.1125614953125 0.1348412859375 0.1323383359375 0.14293578125 0.1321028296875 0.1585424234375 0.104044390625 0.13657595 0.0949091796875 0.120586975 0.0854293859375 0.1170769421875 0.085174871875 0.10977897656249999 0.0924020546875 0.093416515625 0.0831214078125 0.0732572734375 0.065905403125 0.071513765625 0.0629099171875 0.09741862968750001 0.059549181250000006 0.06813117656249999 0.0438222421875 0.06436625625 0.0375213890625 0.08493084375 0.0210499171875 0.0821766296875 0.0065211734375 0.0680497625 0 0.0687033578125 0 0.309375
0 0.4705410484375 0.24835003437499997 0.495420546875 0.24624188593750002 0.5062803296875 0.2446028078125 0.49796237187500003 0.2296882625 0.48748352968750003 0.2198909671875 0.4690329703125 0.22746683750000002 0.4705410484375 0.24835003437499997
0 0.6323515093750001 0 0.627374634375 0.004362078125 0.62290743125 0.0104263125 0.6233437421875 0.0229371140625 0.6282836140625 0.030426246875 0.6375816109375 0.028723446875000003 0.644355134375 0.021712228125 0.647750571875 0.007275596875 0.638343496875 0.005850696875 0.6350805171875 0 0.6323515093750001 0
0 0.68859583125 0.0828590328125 0.6826932703125 0.07012520312500001 0.6832196484375 0.06285909843750001 0.677607959375 0.058465801562499996 0.669980825 0.063360025 0.6694180875 0.069583565625 0.6729779703125 0.0822218125 0.6785533 0.0855725390625 0.68859583125 0.0828590328125
0 0.8135783906249999 0.1785326671875 0.8054248765625001 0.1906929984375 0.805970265625 0.20633149999999997 0.8155227765624999 0.21192666718750003 0.8262734843749999 0.20715988593749998 0.8291425406249999 0.1999893625 0.827961696875 0.18848926562499999 0.8232036203125 0.1862129671875 0.8135783906249999 0.1785326671875
1 0.559375 0 0.559375 0.309375 0.71715503125 0.309375 0.715608146875 0.29842433125 0.7206017296875 0.2850939890625 0.7478048984375001 0.2601768125 0.7666363984375 0.24116456875 0.7467504828125 0.22994237499999998 0.7318044374999999 0.22620931406250003 0.731368128125 0.2136985125 0.7495278125 0.19778210624999998 0.7612949171875 0.177440546875 0.7797091171874999 0.168822109375 0.7890971828125 0.147342396875 0.8012625796874999 0.09370241875 0.775676565625 0.14263049218749999 0.7609313249999999 0.1670148765625 0.7412462125 0.18391012812500002 0.7082132015625 0.19817860781250002 0.694501709375 0.18512616875000001 0.6910872640625 0.1766581890625 0.69134011875 0.139189503125 0.6741951734375 0.0947644765625 0.6617909531249999 0.0744777921875 0.6652227484375001 0.061083726562499996 0.7214453875 0.018611065625 0.6902823859375 0.019421760937499997 0.6699428078125 0.0175508078125 0.6588838781249999 0.0358390953125 0.63901696875 0.0475215109375 0.6194582843750001 0.045682418749999995 0.6051113375 0.036768385937499995 0.5945961359374999 0.0259285234375 0.582882740625 0.025450609375 0.580739209375 0.00870581875 0.5967956 0 0.559375 0
0 0.157130703125 0.309375 0.1590955578125 0.3189007140625 0.1709907484375 0.324591465625 0.17506884375 0.309375 0.157130703125 0.309375
0 0.061029196875000004 0.309375 0.060848473437499995 0.319056496875 0.0666419578125 0.32866262343749997 0.0767935671875 0.32907681875 0.08204166406249999 0.3230444453125 0.0862543515625 0.3096822390625 0.08619795625 0.309375 0.061029196875000004 0.309375
0 0.2429262921875 0.39727907500000004 0.251734271875 0.40388494531249997 0.2625213359375 0.4001607328125 0.2661712859375 0.3930220703125 0.26090418125000003 0.376149834375 0.24993532031250001 0.37466121406249997 0.24465086406249997 0.3796510203125 0.2429262921875 0.39727907500000004
0 0.27463468281250003 0.41210688281249996 0.26767936406250004 0.4139052671875 0.26254034375 0.4230653421875 0.263575753125 0.430395171875 0.2655374890625 0.44192712812499996 0.2725655265625 0.442213878125 0.2826444171875 0.44054293749999995 0.2862943671875 0.433404275 0.28663895156249997 0.42092533281249994 0.27463468281250003 0.41210688281249996
0 0.5064343765625 0.95459916875 0.48981746875 0.9476746875 0.48144580000000003 0.9535796171875 0.471766859375 0.9667187921875 0.4777784984375 0.9825803234375 0.4910536796875 0.9831219593749999 0.4989716875 0.986568271875 0.5095042375000001 0.9755460906250001 0.5064343765625 0.95459916875
0 0.536896603125 0.6653797875 0.5497908421875 0.6773578 0.5585798109375 0.6610590625 0.545086475 0.6542620250000001 0.5357157578125 0.6538796921875 0.536896603125 0.6653797875
0 0.5161223734375 0.6957646859375 0.5331565828125 0.6922953625 0.52952398125 0.6775719812500001 0.5185551203125 0.676083359375 0.51181795625 0.6841371453124999 0.5161223734375 0.6957646859375
1 0 1 0.429744534375 1 0.43001759687499996 0.99937114375 0.452227184375 0.9877843109375 0.454786359375 0.9493686406249999 0.468096240625 0.90618619375 0.47590351249999996 0.8617381515625 0.4723436296875 0.8490999046875001 0.475429184375 0.8034181281249999 0.458504053125 0.8100151546875001 0.4608640828125 0.7882486937500001 0.4664567609375 0.769737378125 0.4574306265625 0.75687610625 0.4685259171875 0.7396303843750001 0.48508745781249996 0.7226076906250001 0.481345778125 0.704756609375 0.46696247187499995 0.694800009375 0.462403540625 0.6758745015625001 0.44912835937500006 0.6753328640625 0.4456048359375 0.663737184375 0.48132511093749997 0.637085346875 0.4716998796875 0.629405046875 0.45083392499999997 0.6348002 0.4337633546875 0.637226959375 0.41004403125 0.583163940625 0.40428690781250004 0.5746003796875 0.412367703125 0.5603549140625 0.39869257187499996 0.5483450421875 0.391029078125 0.5521967 0.37757209999999997 0.546442228125 0.3679105109375 0.537719359375 0.3486964078125 0.5234013265625 0.3638052390625 0.5094426125 0.3539982140625 0.49654947812500005 0.340342090625 0.5074442140625 0.33961490625 0.4865928765625 0.34729575 0.4608791765625 0.3253580265625 0.457901934375 0.320364446875 0.471232278125 0.304474721875 0.48515913125 0.29321498749999997 0.4753299765625 0.2941586671875 0.4576700625 0.2843879984375 0.44581949375 0.2832245046875 0.4124573546875 0.260687684375 0.41466108593750006 0.26137850937499996 0.43446985624999995 0.26266843125 0.4490976546875 0.250845959375 0.44549203750000005 0.22758195468750003 0.42684443281249995 0.2347000609375 0.40735427187499995 0.23415467343750002 0.39171576875 0.21274332812500002 0.3814724203125 0.2070779328125 0.39789860312499997 0.20400806875000002 0.37695168125 0.1867557046875 0.37416560625 0.184141159375 0.388634096875 0.1599698359375 0.3886889734375 0.1480746453125 0.3829982234375 0.127135971875 0.38630824375 0.108557325 0.3678518046875 0.08400505781249999 0.3793430546875 0.070439003125 0.3704608828125 0.0621036953125 0.377408378125 0.044143156249999996 0.3766755765625 0.031304284375000005 0.388644740625 0.0171027734375 0.383900975 0.0038829593750000003 0.40730651562500003 0 0.40765133125 0 1
0 0.6055550296875001 0.3389029171875 0.611620378125 0.33394497031250003 0.6138539796875 0.33091285312499996 0.6095495640624999 0.3192853140625 0.6000334109375001 0.3147327125 0.5938226249999999 0.31552039375 0.5877936359375 0.32152090625 0.5857781906249999 0.33080842499999996 0.5884844609375 0.341329675 0.5986724296875 0.3427864359375 0.6055550296875001 0.3389029171875
0 0.588634875 0.47979990156249996 0.588344 0.4714593671875 0.58660041875 0.46618280937499995 0.580171478125 0.4607150875 0.5724352671874999 0.46248161093749995 0.5701653062500001 0.46447116250000003 0.568712596875 0.4675351421875 0.56985708125 0.4779926703125 0.572417915625 0.484343653125 0.5817886328124999 0.4847259859375 0.588634875 0.47979990156249996
0 0.559375 0.6652879140625 0.5703000265625 0.669570084375 0.577255346875 0.6677717 0.5785626171875 0.6605374515625 0.5783444624999999 0.6542820515625 0.5773454140625 0.6479947890625001 0.5708437562500001 0.640441934375 0.56072850625 0.6410703078125 0.559375 0.6442755859375 0.559375 0.6652879140625
0 0.7634004171875001 0.7284618078125 0.7582250375 0.7365793140625 0.760858590625 0.7450154312499999 0.7656166671875 0.7472917328124999 0.7725719859375 0.745493346875 0.7777473640625 0.7373758390625 0.7735520265625 0.728876 0.7634004171875001 0.7284618078125
0 0.86350181875 0.7814769359375 0.8556928875 0.781158325 0.8464676093750001 0.7849462609375 0.8388404749999999 0.7898404859375 0.8362259312500001 0.8043089765625 0.8409112890625 0.80450014375 0.8502820046874999 0.804882475 0.8627399328124999 0.8043496859375001 0.8687689234375 0.798349171875 0.867588078125 0.7868490734375 0.86350181875 0.7814769359375
0 0.838315753125 0.84187324375 0.8162689546875 0.835768303125 0.79883479375 0.8277693921874999 0.7951848421875 0.8349080546875001 0.792788453125 0.8556319468750001 0.8062090703125 0.860343853125 0.8277104843749999 0.8508102921875 0.8368630453125 0.8449372234375 0.838315753125 0.84187324375
0 0.7903003375 0.8513660984375001 0.7805660296875001 0.8405580968749999 0.769488090625 0.835941775 0.7610437046875 0.839761571875 0.7583564421875 0.8521449296875 0.7603181796875 0.8636768874999999 0.7698706921875 0.8692720546875 0.7777886984375 0.8727183640625 0.792443871875 0.8681108890625 0.7903003375 0.8513660984375001