0 0.043455034375 0.0234638671875 0.0407412125 0.03064504375 0.050474298437499995 0.0364619421875 0.062153020312499994 0.0398365703125 0.0683992109375 0.03954529375 0.07310414531250001 0.030703571875000002 0.06857621875 0.0246439421875 0.060879724999999996 0.0179482265625 0.04834186875 0.0177490515625 0.043455034375 0.0234638671875
1 0 0.4 0.3890625 0.4 0.3890625 0.0270226390625 0.3788085421875 0.028205492187499997 0.379581615625 0.0414948421875 0.3797180390625 0.043840021875 0.3564515453125 0.0386542234375 0.3518830359375 0.0498411234375 0.32753003281250004 0.043922143749999996 0.314269471875 0.0492436015625 0.3140015140625 0.062581496875 0.3030049140625 0.0709327703125 0.29707215625 0.058667875 0.27235535624999996 0.0464950828125 0.2571491546875 0.0542588109375 0.258104128125 0.07067506875 0.2445252421875 0.0705244390625 0.23886533437500002 0.0629499046875 0.22039961406250003 0.068514090625 0.16246075 0.059458221874999995 0.138653446875 0.06291996093749999 0.12213825468749999 0.0840701328125 0.094166825 0.0877260546875 0.0830841671875 0.11254212968749999 0.070642153125 0.131934665625 0.0618640421875 0.1425340234375 0.0253824578125 0.14345140625 0.0109948046875 0.1652862140625 0 0.1717089734375 0 0.4
0 0.2441565515625 0.046242370312499996 0.24175616406249997 0.0408673765625 0.23845116875 0.0378861078125 0.229036409375 0.037541296875000005 0.21908084374999998 0.0458440203125 0.22175407812499998 0.055909375 0.23044613125 0.06177481875 0.23248271874999998 0.06089599999999999 0.2415336796875 0.054986999999999994 0.24357026875 0.05410818125 0.2444748765625 0.05171445625 0.2441565515625 0.046242370312499996
0 0.40665523437499995 0.3131186625 0.41552429531249996 0.30408275625000003 0.4096824875 0.2933813140625 0.3939305875 0.2917643234375 0.39013026093750003 0.298212321875 0.39502198593750004 0.3105257609375 0.3929399234375 0.31062285312500004 0.40665523437499995 0.3131186625
0 0.482847115625 0.3667864796875 0.48995243750000006 0.3633197515625 0.490356821875 0.352327034375 0.47935533125 0.3426500484375 0.474241121875 0.34445623125 0.4681768328125 0.34787441406249997 0.46215801718750005 0.352074321875 0.459444196875 0.3592555 0.464967678125 0.36448485625 0.47135029218749996 0.36653875937499997 0.482847115625 0.3667864796875
0 0.59290895 0.302865475 0.597431984375 0.290896846875 0.5922674109375 0.2738930453125 0.5766519359375 0.2746212359375 0.5660646093749999 0.29000804687500004 0.5771570500000001 0.30124848593750003 0.59290895 0.302865475
0 0.720375909375 0.161315803125 0.7228672453125 0.1682542484375 0.7380783375 0.17851877656249998 0.745274609375 0.1766155015625 0.74762463125 0.1631805125 0.7303769499999999 0.153794803125 0.720375909375 0.161315803125
0 0.747609959375 0.1090957421875 0.75647901875 0.10005983593750001 0.7548013375 0.0891642109375 0.7441636484374999 0.08574103749999999 0.7379174578125001 0.0860323140625 0.7289119734374999 0.0927230390625 0.729412196875 0.1013220328125 0.7338491703125 0.1058182078125 0.747609959375 0.1090957421875
0 0.9648868140625 0.16559056875 0.96185466875 0.167299659375 0.9701423359374999 0.1841578234375 0.9848532046875 0.18582335781249998 0.990371796875 0.17302445625 0.9906852296875 0.1604682875 0.9796382640625 0.150009575 0.97429668125 0.147907125 0.969455321875 0.1544036671875 0.9648868140625 0.16559056875
1 1 0.4 1 0.2051691734375 0.9801937437500001 0.19544680625 0.96272358125 0.20018072187499997 0.9450211515625 0.18297774687499999 0.9253325015625 0.1854635734375 0.9035163125000001 0.18726476718750001 0.8927016109375 0.19874294374999998 0.8992661250000001 0.2039237546875 0.86726699375 0.21011903906249998 0.8508378624999999 0.2148044078125 0.851419253125 0.188910340625 0.830052921875 0.180500540625 0.8083682671875 0.16661865625 0.7908071515625 0.16978911875 0.7620626484375 0.1601556890625 0.7590353953125 0.1798930359375 0.781488234375 0.189036015625 0.7941625140624999 0.19158036875 0.78674375625 0.20760326875000001 0.7754694171875001 0.193235925 0.7479933203125 0.18746258124999998 0.7588178015625 0.212040915625 0.769142059375 0.22802025937499998 0.7592319671875 0.2371047125 0.751353571875 0.22728208906249997 0.7388157171875 0.2270829140625 0.73175586875 0.23133136875 0.7070439593750001 0.23718683281250003 0.6815183921875001 0.24699947500000002 0.6572157562500001 0.259890478125 0.6417318140624999 0.244935590625 0.6240342765625 0.245760871875 0.617065378125 0.25157277968749997 0.6086412859375001 0.2323694375 0.5893976000000001 0.2066160171875 0.57043165625 0.2035812125 0.5745551984375 0.2206335578125 0.582120159375 0.243012353125 0.5884621921875001 0.26231278593749996 0.6010049375 0.28054021875 0.6092016578124999 0.2958349265625 0.613188775 0.3105420921875 0.6024195484374999 0.3228019984375 0.588845553125 0.34067962500000004 0.5768485078125 0.3318329125 0.55915096875 0.33265819531249996 0.544576525 0.33333783906250003 0.5305023078125 0.3426164734375 0.540781090625 0.35781409218750004 0.5377083609375 0.3767697125 0.5344082546875 0.3918167015625 0.506932159375 0.386043359375 0.5159425359375 0.3973808890625 0.5147298625 0.4 1 0.4
0 0.285549434375 0.6502911921875001 0.301164909375 0.6495630015625 0.30998849375000004 0.6397453687500001 0.3061378015625 0.6273833828125 0.30269638125 0.622056934375 0.288981071875 0.6195611249999999 0.277529721875 0.6200951328125 0.27305216250000003 0.6328454859375 0.27468436875 0.6429593859375 0.285549434375 0.6502911921875001
0 0.2868437515625 0.582819978125 0.29661741875000003 0.5713903453125 0.286702434375 0.5624465421875 0.2780558578125 0.5573628234375001 0.2708141109375 0.558484371875 0.264840771875 0.56346600625 0.26357725625 0.5776341781250001 0.27014177031250003 0.5828149859375 0.2868437515625 0.582819978125
0 0.1839278234375 0.6260277234375 0.19193775468750002 0.6201672703125001 0.1914375296875 0.6115682781249999 0.1877687375 0.6023331984375 0.1805269890625 0.603454746875 0.17138507812499998 0.60780029375 0.16794855 0.6205021015625001 0.1725219515625 0.62734345625 0.1839278234375 0.6260277234375
1 0.3890625 1 0.3890625 0.7073880359375 0.37242448281249996 0.7081639078124999 0.3688515296875 0.7185205375 0.3415573328125 0.7158741015625 0.2792269671875 0.703103784375 0.259765690625 0.70949824375 0.2606297125 0.7243510484375 0.25913882187500004 0.734610584375 0.2402232453125 0.7503857640625 0.2265128234375 0.7659182125 0.1907133640625 0.77856149375 0.1735160515625 0.7879857687499999 0.16989762343749998 0.7975606703125 0.1612104609375 0.8097234828125 0.137175784375 0.8092765875000001 0.133016546875 0.8274990296875 0.11635515 0.8102475078125 0.096530075 0.8103881562499999 0.0703678578125 0.8092566250000001 0.06285815312500001 0.8237160718750001 0.07390511718750001 0.8341747828125001 0.0832744015625 0.8337378687499999 0.0890707359375 0.8436575843749999 0.0647226234375 0.855766859375 0.0087797640625 0.863078703125 0.004620528125 0.88130114375 0.026168759375 0.89283785 0.02264128125 0.9039762031249999 0.029842443749999996 0.9201011859375001 0.013099878125 0.9373427249999999 0.006676679687500001 0.9525353515624999 0.0033311 0.9668006124999999 0.00044027187500000003 0.9888831406249998 0.0063010953125 1 0.3890625 1
0 0.03591308125 0.7732386765625 0.028989659374999997 0.7798323109374999 0.032885828125 0.7929760234375001 0.04578748125 0.7994290109375 0.054024784375 0.797477190625 0.062575521875 0.7829691984375 0.0557836328125 0.77387975625 0.03591308125 0.7732386765625
0 0.543674475 0.4465236734375 0.527485315625 0.44266775 0.5231748406250001 0.4530126640625 0.5215278515625 0.46692206406250003 0.540059496875 0.4688244046875 0.5503866890625 0.45635456874999997 0.543674475 0.4465236734375
0 0.41871501875000006 0.6153449578125001 0.4241930265625 0.6197925859375 0.4365944578125 0.61764658125 0.4432450296875 0.6063625874999999 0.434552978125 0.6004971421875 0.43142988281249994 0.6006427796875 0.422197021875 0.603424875 0.421383365625 0.607382053125 0.41871501875000006 0.6153449578125001
0 0.570867975 0.5392711203125 0.576795840625 0.5335077593750001 0.5766139421875 0.530380853125 0.567649040625 0.51982505 0.562171034375 0.51537741875 0.5470103078124999 0.523922875 0.54728315625 0.5286132343750001 0.5572890906250001 0.539120490625 0.570867975 0.5392711203125
0 0.5319405328125 0.5340317828125001 0.544028528125 0.5444419484375 0.556339009375 0.5407324906250001 0.5485515609375 0.5324733203124999 0.539723084375 0.5242626968749999 0.5298081015625 0.5153188921874999 0.5147334359375 0.5073995453125 0.5045050171875001 0.5110119109375 0.5263715734375001 0.5280207015625 0.5319405328125 0.5340317828125001
0 0.7522803343750001 0.5355144765625 0.759254121875 0.547730825 0.776092528125 0.5500809953125 0.7883575328125 0.545589809375 0.7854569234375 0.531615825 0.7757693140624999 0.526580653125 0.7631859828125 0.5255997515625 0.7601993140625 0.5280905687499999 0.7522803343750001 0.5355144765625
0 0.8726258390625 0.5048193453125001 0.8730756984374999 0.49460835468750003 0.8675522171875001 0.489378996875 0.8602649937500001 0.4897188203125 0.8481818890625 0.4973369109375 0.842435921875 0.506227178125 0.83890844375 0.517365534375 0.8344763593749999 0.530897615625 0.8448412015625 0.5296304296875001 0.8544784437499999 0.5158556171875001 0.8709985249999999 0.5127337015625 0.8726258390625 0.5048193453125001
0 0.8566563484374999 0.535350234375 0.8734947546875 0.53770040625 0.8783361140625001 0.5312038625 0.8765674828125001 0.518744784375 0.8681482796874999 0.5175696999999999 0.8599109765625 0.5195215203125001 0.8599564515625 0.520303246875 0.8572881062499998 0.52826615 0.8566563484374999 0.535350234375
0 0.965397953125 0.61023174375 0.97594469375 0.6120914625 0.974580446875 0.5886396671874999 0.9655294859375001 0.594548665625 0.9639476468750001 0.60324475 0.965397953125 0.61023174375
1 0.3890625 1 0.9662483421874999 1 0.9802747843749999 0.6988466499999999 0.9757222109375 0.6262110875 0.9675303812500001 0.628944634375 0.9605160093750001 0.633974815625 0.9528649890625001 0.628060825 0.9449411187500001 0.617456475 0.9318575656250001 0.6078765828125 0.9202243171875001 0.6052836828125 0.909086403125 0.5932615171875 0.89487086875 0.5821667171875 0.8770369031249998 0.58064681875 0.8683448515624999 0.5747813749999999 0.8492424843750002 0.569401390625 0.8317268453125 0.5733535796875 0.820502871875 0.57779621875 0.8187391312500001 0.5833653953125 0.8068785109375 0.5768638625 0.7910356609375 0.5736834203125 0.783157265625 0.563860796875 0.76016361875 0.5633653546875 0.7433706890625 0.5617969125 0.720872375 0.55187220625 0.70199738125 0.5504008546875 0.6985608531249999 0.5631026625000001 0.6790540984375 0.568715396875 0.6655612718749999 0.5520999640625 0.6515731140625001 0.544913796875 0.6359576390624999 0.5456419875 0.6085724906250001 0.5414320984375001 0.5907385265625 0.5399122000000001 0.5926435828125 0.5547164578125 0.5960395265624999 0.5592611796875 0.5832791890625 0.573181628125 0.5740869125 0.5587171921875 0.55543929375 0.5611544734375 0.561963221875 0.5835818125000001 0.5708371734375 0.5925741640625001 0.5534124859375 0.5980898046875 0.5405108328125 0.59163681875 0.5208676546875 0.594904371875 0.505388603125 0.5979777421875 0.471489309375 0.607397025 0.434289909375 0.631863296875 0.40925478281250005 0.6142184187499999 0.3980259203125 0.6006328 0.392770396875 0.582065546875 0.3890625 0.579230940625 0.3890625 0.628586503125 0.39830855 0.6413796734374999 0.41311525937500004 0.66263691875 0.40144142812499994 0.6772905484375 0.393027115625 0.69414371875 0.3890625 0.696643309375 0.3890625 1