0 0.38915354999999996 0.2370720375 0.395822303125 0.22631068906250001 0.3870130484375 0.22098514531250002 0.3753366359375 0.22150764218750002 0.3680329296875 0.2290190171875 0.368168740625 0.23612773593749997 0.37998096718749996 0.242713959375 0.38915354999999996 0.2370720375
0 0 0.3602345140625 0.0119749 0.3626947984375 0.013408476562499999 0.3597707796875 0.0163754625 0.3531509921875 0.019977403125 0.3497811796875 0.0074303953125 0.34071673125 0 0.3391074234375 0 0.3602345140625
0 0.057891365625 0.5890625 0.0561500265625 0.5759755125 0.057375825000000005 0.550181840625 0.050399459375 0.5388452828125 0.0452641140625 0.5459108640625 0.038323734375 0.5424547750000001 0.041897815625 0.555617646875 0.0360636734375 0.5680854703125 0.0422832625 0.5890625 0.057891365625 0.5890625
0 0.21369162656250001 0.198398415625 0.20301349375000002 0.191203421875 0.18906889375 0.1929434609375 0.185003796875 0.2080524875 0.19104572343749998 0.21845431718750002 0.205026309375 0.22459474531249998 0.21306479843749998 0.219561596875 0.2153968296875 0.20969183593750002 0.21369162656250001 0.198398415625
0 0.2886695375 0.140915053125 0.2903747421875 0.1522084703125 0.30352071875000003 0.156642425 0.3113595515625 0.153152771875 0.31442636562500004 0.1457612359375 0.312186034375 0.1304460953125 0.3010087625 0.1271098453125 0.294304025 0.1299907265625 0.2886695375 0.140915053125
0 0.368203559375 0.0400507640625 0.3794806609375 0.042615264062500005 0.4034684390625 0.044820246875000004 0.39559362343750004 0.040429431249999995 0.418211665625 0.0369062140625 0.407134221875 0.032798215625 0.3971908734375 0.028081446875 0.37950851874999997 0.026082579687500003 0.3686667171875 0.0283115515625 0.368203559375 0.0400507640625
1 0 0 0 0.2703638109375 0.0007012796875 0.270358153125 0.026066920312500002 0.3027044875 0.052131356250000004 0.3296485765625 0.0939732859375 0.3488416125 0.061703251562500006 0.3209196578125 0.044647726562500004 0.2977576125 0.033198828125 0.280203925 0.0223129140625 0.250139275 0.02090719375 0.236530609375 0.0327832625 0.23446461406250002 0.0480975984375 0.23845277343750002 0.08386161875 0.2393635109375 0.1141188390625 0.233894140625 0.134033396875 0.2267949953125 0.14237136875 0.21944659843749997 0.1484132953125 0.22984842656249999 0.1539560796875 0.2441090046875 0.1675733390625 0.261216896875 0.19957987187499998 0.2993345640625 0.19676843125000001 0.2721172328125 0.189756084375 0.252900209375 0.1839776578125 0.23230266249999998 0.178834184375 0.214955090625 0.173527040625 0.207031484375 0.169617490625 0.1883033921875 0.1822562015625 0.17218293906249998 0.19169228124999999 0.1563453 0.19549387812500002 0.1514319890625 0.2182837203125 0.162897959375 0.23246396093750002 0.167494890625 0.2401031375 0.1655487359375 0.26005367968750004 0.16633005781250002 0.2670219171875 0.1532534625 0.25344064374999997 0.1440260390625 0.24620078125 0.142885196875 0.261642803125 0.129568921875 0.272248965625 0.1210029796875 0.28689236406249996 0.113860696875 0.2882899578125 0.10305621093749999 0.30433095 0.0851094421875 0.3082242484375 0.055011228125 0.3181594703125 0.035314845312499996 0.3275595671875 0.011596740625000001 0.3290596421875 0 0 0
0 0.1261307203125 0.23893686406249998 0.1301041140625 0.249012740625 0.14211599531250002 0.254055465625 0.149954828125 0.2505658125 0.1501185 0.241141846875 0.1453104953125 0.2293594953125 0.1373718359375 0.23362089687499998 0.1261307203125 0.23893686406249998
0 0.8065910296875 0.41593854218750004 0.796683665625 0.419102240625 0.7948507734375 0.42511325468749994 0.7951862421875 0.4306784765625 0.807098296875 0.43649295 0.8139028609375 0.4328403203125 0.8163707078125 0.43007927968750004 0.8179041140625 0.4263835109375 0.8180039421874999 0.4256117625 0.8184032546875001 0.42252476406249995 0.8148651578124999 0.41724236093749995 0.8065910296875 0.41593854218750004
0 0.7551098796875 0.5038987859375 0.752370409375 0.49244238906250004 0.74099348125 0.49064963749999996 0.7385256375 0.49341067968749996 0.7351593390625 0.5031174625 0.7286902421875 0.5123353140625 0.7346961828125 0.5148566765625 0.7390688890625 0.5218455546875 0.742071859375 0.5231062375 0.74827745625 0.5240841015625 0.753947928125 0.5210402421875 0.7550460375 0.512551003125 0.7551098796875 0.5038987859375
0 0.6842922453125 0.43131607812499995 0.6816247421874999 0.4356206171875 0.6864327453125 0.44740296874999996 0.703088959375 0.47365201093750003 0.6998782078125 0.449521675 0.7085156640625 0.4398580296875 0.7083798515625 0.4327493109375 0.70173895625 0.42697797499999995 0.6965676265624999 0.4261630890625 0.6879940125 0.4271745171875 0.6844919015625 0.42977257968749993 0.6842922453125 0.43131607812499995
0 0.7112110250000001 0.4190208046875 0.7107757265625001 0.4142273328125 0.7090066796875 0.41158613125 0.704633971875 0.40459725312500006 0.6876504171875 0.3971961421875 0.677207925 0.3963381171875 0.6723082203125 0.4097406671875 0.677815021875 0.416120775 0.6854901828125 0.4220550890625 0.7015033171875 0.42064100625 0.7112110250000001 0.4190208046875
1 1 0 0.4796875 0 0.4796875 0.305068403125 0.48454653593749997 0.3029805796875 0.4838755984375 0.2918501375 0.5128710359374999 0.3042939734375 0.52874835625 0.29577116875 0.5487348828125 0.3044329609375 0.5610102640625 0.29927997031250003 0.56457621875 0.2880296890625 0.58028986875 0.2889308515625 0.5834286515625 0.297300253125 0.5922738921875 0.3105062609375 0.60124681875 0.3064078375 0.6082510390625 0.301211709375 0.6272671453124999 0.30105830624999996 0.633508728125 0.3099166390625 0.6431166078125 0.3090681875 0.6561987390625 0.3221543578125 0.67708371875 0.3238704078125 0.6991666375 0.31632546875 0.7066700015625 0.3072705953125 0.70826725 0.29492260937500003 0.71503583125 0.2833895125 0.746762615625 0.28287659062500004 0.77288276875 0.27675530937500004 0.77448001875 0.26440732499999997 0.8135105093749999 0.256383028125 0.8347588171875 0.2471316140625 0.859744878125 0.24161910468749997 0.861677596875 0.23483634062499997 0.8764568078125 0.234802778125 0.8940033484375001 0.229692925 0.903675071875 0.22019225625 0.91334679375 0.21069159062499998 0.933596821875 0.209157665625 0.9440393125 0.210015690625 0.9542101765624998 0.196656278125 0.9663857281249999 0.1922750375 0.975594296875 0.1945135828125 0.9827703187499999 0.20430664062499998 0.9961159484375 0.20719709687500001 1 0.20533757343749998 1 0.181434509375 0.9954728703125 0.17953396875 0.98823300625 0.178393128125 0.98889581875 0.1651104171875 0.9879253953125 0.156295221875 0.9886241921875001 0.150892978125 1 0.1481185453125 1 0
0 0.8955448796875001 0.2504103109375 0.911757671875 0.2474527265625 0.9212297390625 0.23949555781249998 0.9178913 0.23266965625 0.9018421796875 0.226203271875 0.890401409375 0.2330627375 0.8874344234375 0.239682525 0.8896387687499999 0.24711719843750002 0.8955448796875001 0.2504103109375
0 0.45441685937500004 0.6360703859375 0.44357505625 0.6382993578125 0.44488094843750003 0.652679771875 0.4481834046875 0.65162520625 0.4565933453125 0.6600377453124999 0.46630105468750005 0.65841754375 0.47103708906249997 0.654438959375 0.4741039015625 0.6470474234375 0.46746300625000003 0.6412760890625 0.45441685937500004 0.6360703859375
0 0.432106428125 0.661691509375 0.4196952328125 0.6597357796875001 0.41402476093749996 0.6627796375 0.41499518437500005 0.6715948328125 0.41853327812499996 0.6768772359375 0.42247068906249996 0.6790726421875 0.43384761562499996 0.68086539375 0.438683478125 0.6761150609375 0.4365789609375 0.6679086390625 0.432106428125 0.661691509375
0 0.4011388046875 0.7379221140625 0.4044052734375 0.7289870781250001 0.4038701484375 0.72496535625 0.4023007578125 0.72078065625 0.3923574078125 0.7160638859375 0.38098048125 0.714271134375 0.371272771875 0.7158913359375 0.370410303125 0.7307175453125 0.3787204171875 0.73990183125 0.3845267015625 0.7439666921875 0.39630294374999997 0.742672446875 0.4011388046875 0.7379221140625
0 0.32718703125 0.7711553015625 0.3302538453125 0.763763765625 0.319276228125 0.75888401875 0.310702615625 0.759895446875 0.304533003125 0.76679805 0.30343489375 0.7752872906249999 0.31027544375 0.7795151265625 0.3185495734375 0.780818946875 0.326488234375 0.7765575453125 0.32718703125 0.7711553015625
0 0.1908763234375 0.8866972390625 0.1933081828125 0.876055728125 0.1877015546875 0.8704473703125 0.17539018906249998 0.867719890625 0.17001919999999998 0.868448503125 0.1684219515625 0.8807964875 0.1729943125 0.88624186875 0.1800345203125 0.8889262078125 0.1885083046875 0.8886865296875 0.1908763234375 0.8866972390625
0 0.2295039640625 1 0.23074606874999998 0.9945647140624999 0.23144486718750001 0.9891624703125 0.2287053953125 0.977706071875 0.2193969984375 0.9762392765625 0.21402601250000003 0.9769678875000001 0.2112586828125 0.9820441765625001 0.20635897656250002 0.9954467265625 0.20576999687500003 1 0.2295039640625 1
0 0.2695084125 0.8825508328125 0.2780181828125 0.8901916234374999 0.28378848125 0.8863760171875 0.2840519828125 0.8761803015625 0.27647664843749997 0.8694742375000001 0.26870166093750003 0.8643116734374999 0.25962890625 0.869181846875 0.26089881406250004 0.8756817937499999 0.2695084125 0.8825508328125
0 0.1381844640625 0.8453200203125 0.136351571875 0.8513310359374999 0.1380927609375 0.8705049218750001 0.1467023609375 0.8773739625000001 0.154441365625 0.8746560593750001 0.15710886562499998 0.8703515203125001 0.16397727499999998 0.8580466718749999 0.16507538593749999 0.8495574328125001 0.152328721875 0.8420364843750001 0.1381844640625 0.8453200203125
1 0.4796875 0.5890625 0 0.5890625 0 0.7698012125 0.0129860171875 0.7688929828125 0.036574482812499996 0.7741849609375 0.044177675 0.7643583375 0.0596916671875 0.7668029984375 0.0814112578125 0.7702255250000001 0.09672559375 0.7742136828125 0.10193290937499999 0.7829090390625 0.11704758906249998 0.7884406953124999 0.1313636453125 0.80014634375 0.145444059375 0.805515025 0.16539460156250002 0.8062963484375001 0.17059379218749998 0.79057855 0.1602151453125 0.7810683078125 0.16071428593749998 0.7772095625000001 0.1748225578125 0.76604555625 0.203746028125 0.76272845625 0.216556534375 0.7615971890625 0.2479838328125 0.7633995140625001 0.27517423750000003 0.7653216796875 0.31243567968749997 0.7546561796875 0.325745328125 0.7496661671875 0.3357885046875 0.7536111890624999 0.3463029625 0.77023015 0.3558829859375 0.7859143828125 0.368002821875 0.8145985124999999 0.3773472015625 0.8239457765625 0.3703267265625 0.7803155984375 0.358941671875 0.7541096953124999 0.346722009375 0.7261973140625 0.34722114843749996 0.7223385703125 0.3604948109375 0.7094680890625 0.3765717890625 0.6994017875 0.380437228125 0.685836259375 0.3774981 0.6759233609375 0.37682716250000003 0.66479291875 0.388068278125 0.6594769515625 0.3970133453125 0.6719112125 0.411756571875 0.66399718125 0.4229617015625 0.6508007453125 0.43623536406249996 0.637930265625 0.4409713984375 0.6339516796875 0.456277609375 0.6135266859375 0.46448789531249995 0.6234827218750001 0.4796875 0.6159691734375 0.4796875 0.612538778125 0.46748274062500006 0.6003302500000001 0.4796875 0.60225345 0.4796875 0.5890625
0 0.9688247687499999 0.7158238359375 0.9686889546875002 0.7087151171875 0.9630823281249998 0.703106759375 0.9505713046875 0.7019227796875 0.9453361296875 0.709760109375 0.9470053499999999 0.7131730609375 0.9620202031249999 0.7194764671875 0.9688247687499999 0.7158238359375
0 0.905009040625 0.9317745859375 0.9098808875 0.93490471875 0.9210221749999998 0.9303605000000001 0.9165496421875 0.9241433703125 0.915343578125 0.90899120625 0.9084670406249999 0.8968828999999999 0.9095651499999999 0.8883936609375 0.897852753125 0.8810356875 0.8922821093749999 0.8833077984375001 0.9004285546874999 0.9019160515625 0.9030043531249999 0.9227964140625 0.905009040625 0.9317745859375
0 0.8607781953125 0.7515592390625 0.8605425546875001 0.74522226875 0.8491296421874999 0.73554905 0.8336156484374999 0.733104390625 0.830748490625 0.738952428125 0.831519259375 0.7493111203125 0.8437667796875001 0.7606908140625 0.85637763125 0.7611030453125001 0.8601792265625001 0.756189734375 0.8607781953125 0.7515592390625
0 0.8291907078125 0.6694087359374999 0.8266590171875 0.6808219953125 0.8294983171875 0.6915066421875 0.843878215625 0.694560075 0.8584577687499999 0.6960700078125 0.8614247562500001 0.6894502234375001 0.862023725 0.684819728125 0.8629221781249999 0.6778739859375 0.8553468453124999 0.671167925 0.8474720281250001 0.6667771078125 0.8382634609374999 0.6645385640625 0.8291907078125 0.6694087359374999
0 0.7513894078125001 0.6028128749999999 0.7423166546875001 0.60768305 0.7415540125 0.621737509375 0.7504630953125 0.626291303125 0.7629741171875001 0.62747528125 0.7656056359375001 0.615290275 0.7513894078125001 0.6028128749999999