0 0.3067713875 0.025961570312499998 0.29646126875 0.023441221875 0.2866805625 0.0264892453125 0.28409512812500004 0.0315326546875 0.2795785234375 0.034685125 0.286337621875 0.0413034125 0.286721640625 0.0484127484375 0.2931899578125 0.05811296875000001 0.2997831265625 0.055310470312500006 0.30693731875 0.0353823546875 0.3067713875 0.025961570312499998
0 0.406996353125 0.0592903859375 0.397651821875 0.0577155078125 0.38371798749999997 0.0600635859375 0.3800942734375 0.064932009375 0.3794400109375 0.0718663578125 0.383302353125 0.0756482375 0.399240053125 0.07442061562499999 0.4131738875 0.072072540625 0.4147210390625 0.06685414375 0.406996353125 0.0592903859375
0 0.5842950703125 0.2588273703125 0.579228515625 0.24544971875 0.573289609375 0.24131786875 0.5619412109375 0.238622534375 0.5542370640625001 0.24202052968749999 0.5542576046875001 0.25298228125 0.5702158468749999 0.2627164140625 0.5842950703125 0.2588273703125
0 0.627828584375 0.3452205109375 0.6121611265625 0.332404446875 0.587367225 0.3157020546875 0.56013328125 0.30250210625 0.5716476125 0.314618225 0.5940014734375 0.334823059375 0.6211832625 0.35975524375 0.6260111890625 0.3644825921875 0.636539396875 0.36469148906250004 0.63733905 0.356216175 0.627828584375 0.3452205109375
0 0.525244128125 0.437514375 0.5602549109375 0.44654584531249997 0.5787985843750001 0.45123656562500003 0.59273241875 0.448888490625 0.5835127359375 0.4348108953125 0.563131128125 0.43842050156249995 0.525244128125 0.437514375
0 0.64201211875 0.3178669984375 0.6437046640624999 0.3111076359375 0.6390221281249999 0.30483932187499996 0.6241954046875 0.3054714453125 0.61864051875 0.30844892968750004 0.6226687921874999 0.3216515921875 0.633944496875 0.325117409375 0.64201211875 0.3178669984375
0 0.741366346875 0.28216838593750004 0.7550093984374999 0.2829022421875 0.7599621765625 0.2751268734375 0.760471046875 0.269733490625 0.751853471875 0.26045378124999996 0.741470659375 0.258703915625 0.730288190625 0.2654293671875 0.7303814281250001 0.2756206359375 0.741366346875 0.28216838593750004
0 0.7727028734375001 0.2295272859375 0.77944143125 0.22518382187500002 0.7696401828124999 0.2172700921875 0.7629537796875001 0.20988132187500003 0.7514599890625 0.2087269546875 0.749840140625 0.2147158328125 0.7525188109375 0.2198636921875 0.76321295 0.22949337500000003 0.7727028734375001 0.2295272859375
0 0.7642512296875 0.2296683625 0.7537957203125 0.22868898125 0.7537230234375001 0.2294594640625 0.75826016875 0.23726874531250003 0.7683932796875 0.26402404687500003 0.7740414015624999 0.2712378296875 0.7854624984375 0.27316268125 0.7991782437499999 0.2731260546875 0.802490634375 0.2603778109375 0.7968425124999999 0.253164028125 0.787041265625 0.24525029843750001 0.776129040625 0.2379320640625 0.7642512296875 0.2296683625
0 0.7564443828125 0.1782575984375 0.7553855625000001 0.167120859375 0.7433623609375 0.160398121875 0.7294079874999999 0.15178444687499998 0.722233253125 0.16075081093750002 0.729812546875 0.169855534375 0.7448052000000001 0.178644196875 0.7564443828125 0.1782575984375
0 0.8190620578125 0.2412540921875 0.8060732703125 0.233585884375 0.7976943234375 0.23295647812500003 0.78948130625 0.24174785468749999 0.7931982578125 0.2470706984375 0.8032902875 0.251902496875 0.8127802125000001 0.25193640781250004 0.8190620578125 0.2412540921875
0 0.9289460999999999 0.12749114687500002 0.9416235640625 0.127279534375 0.94754193125 0.120449634375 0.945226740625 0.111449359375 0.9332035375000001 0.10472662343750001 0.923568221875 0.106233678125 0.9169023578125 0.10980665781250001 0.9204739171874999 0.1166704703125 0.9289460999999999 0.12749114687500002
0 0.959688375 0.19294288125 0.9501052140624999 0.1827177015625 0.9397223984374999 0.1809678375 0.9310526687500001 0.1834203625 0.9344061406249999 0.1925956234375 0.9451002781250001 0.20222530625 0.9577777421875 0.20201369374999997 0.959688375 0.19294288125
0 0.9371258906249998 0.2196669859375 0.9446846437499999 0.21780995625 0.9505303125000001 0.2117505390625 0.9506030093749999 0.21098005625 0.9440619968749999 0.2020503203125 0.928394540625 0.1892342546875 0.9215832859375 0.194348203125 0.9231509765624999 0.2000915578125 0.9243551906249999 0.2096873296875 0.9371258906249998 0.2196669859375
1 1 0.6 1 0.2269116140625 0.9987479718750001 0.22613876875 0.9910232875 0.21857501093749998 0.9659591421875 0.215916303125 0.9640485109375 0.22498711562499998 0.9559081921875 0.233008009375 0.9355060421874999 0.2256558640625 0.934560996875 0.235672146875 0.93955485625 0.24982028125000003 0.9261504343750001 0.257736725 0.9141272328125 0.2510139890625 0.9061844593749999 0.2457616828125 0.89707855625 0.25283710625 0.88061144375 0.24849635625 0.8558586234375 0.25371746875 0.8354043171875001 0.2580975578125 0.820214115625 0.26258209843749997 0.8102880171875 0.2671710859375 0.8085227765624999 0.27470093281249996 0.7954091375 0.27953544375 0.7773948734375 0.2804130921875 0.7807688859375 0.3005501046875 0.7722650874999999 0.3124234140625 0.7562546906250001 0.31442151875 0.7606464453124999 0.323771765625 0.7440339421875001 0.3209719828125 0.7358525421875 0.30706937343749996 0.7276916828125 0.3041285171875 0.7123355499999999 0.29919226875 0.70115308125 0.3059177203125 0.6849972921875 0.309456790625 0.6856199390625 0.32521642812499996 0.6990449015625 0.328261734375 0.7037274390625 0.33453005 0.700031028125 0.34016895625 0.68913934375 0.343812475 0.6860450390625 0.35424926874999996 0.6753714421875 0.3555813359375 0.65912241875 0.3489291375 0.6793270203125 0.36955448281250003 0.6583638453125 0.37932795625 0.6462884859375 0.38433745468749997 0.6313163734375 0.3865105453125 0.6277131984375 0.4023407203125 0.6280450625 0.421182290625 0.623476303125 0.4360669953125 0.6150451984374999 0.44716982187500004 0.6081817890625001 0.46401600624999995 0.611317171875 0.47550271562499996 0.61771279375 0.4859734203125 0.614836578125 0.4940987640625 0.592523796875 0.4958174296875 0.5984105453125 0.5116815171875 0.610433746875 0.5184042546875001 0.6141506984375 0.5237270984375 0.6134237406249999 0.53143193125 0.6018572546875001 0.531048046875 0.5917130671875 0.5379484859375 0.6033933296875 0.5594853890625 0.6061446953125 0.5638627656249999 0.5874034734375 0.57244524375 0.577934090625 0.583373084375 0.6056042109375 0.591950134375 0.62615175 0.5977613109375 0.6277150296875 0.6 1 0.6
0 0.389211153125 0.9110542984375 0.383292790625 0.9178841984374999 0.3974652515625 0.9241864249999999 0.405771503125 0.9255863156249999 0.41422314374999997 0.925445240625 0.4150954953125 0.9161994406249999 0.40773428906250003 0.9047832671875 0.39838975625 0.9032083906249999 0.39276217343750003 0.9069563593750001 0.389211153125 0.9110542984375
0 0.46053339375 0.7923578234375 0.454449096875 0.7897669374999999 0.4484580375 0.797367321875 0.44507294999999997 0.8108860468750001 0.4439825125 0.8224432953124999 0.458829775 0.8327729250000001 0.46542294375 0.8299704265625 0.4690988140625 0.8133697671875 0.46915096875 0.801637534375 0.4644684328125 0.79536921875 0.46053339375 0.7923578234375
0 0.51875 0.8907736265625001 0.510680615625 0.88691021875 0.5038172046875 0.9037564015624999 0.5020519671875 0.911286246875 0.51875 0.9181655578125 0.51875 0.8907736265625001
0 0.51875 0.9229813281249999 0.516971925 0.9208453921875 0.5079181765625 0.9161885828124999 0.49932114062500005 0.9178706234374999 0.4933300796875 0.9254710062499999 0.498542028125 0.9373076906250001 0.5105652296875001 0.9440304265625 0.51875 0.9445371031249999 0.51875 0.9229813281249999
0 0.52938335625 0.713309875 0.5340453515625 0.7086164375 0.533515940625 0.70304806875 0.5245348875 0.6976207750000001 0.525157534375 0.7133804125000001 0.52938335625 0.713309875
0 0.643635390625 0.754481884375 0.6683360578124999 0.7609930078125 0.6689903203125 0.7540586593749999 0.6519211015625 0.7449200250000001 0.6387869234375 0.738792784375 0.6400227515625 0.72569456875 0.6332114953125 0.7308085171875 0.6204613343750001 0.7317906125 0.6066728953125 0.7325977234375001 0.6049803515625001 0.7393570859375 0.6120302343749999 0.7428934390624999 0.6248736296875 0.7521026125 0.63088523125 0.7554639796875 0.6420882390625 0.75970028125 0.6374057015625001 0.753431965625 0.643635390625 0.754481884375
0 0.740424725 0.7347884328125 0.7298965203125001 0.7345795359375 0.7224104625 0.7356660796875 0.718786746875 0.740534503125 0.7194615515624999 0.7445619062500001 0.7212473296875 0.7479938125000001 0.730373775 0.751880140625 0.738752721875 0.752509546875 0.7452731937499999 0.7504775328125 0.7439962859375 0.7416522453125001 0.740424725 0.7347884328125
0 0.7447294875 0.935111359375 0.7343466734375 0.9333614953125 0.725822334375 0.934273053125 0.719831275 0.9418734375 0.7245138109375 0.9481417531249999 0.73364025625 0.9520280796874999 0.746919828125 0.9566143531249999 0.751343196875 0.9432706140625001 0.7509591765625 0.9361612781249999 0.7447294875 0.935111359375
0 0.8307741390625001 0.8392472328125 0.8255827312499999 0.8383723 0.8201732375 0.8398088171874999 0.8168403062499999 0.8415953078125 0.814400265625 0.8450977515625 0.8139640890625 0.8497206500000001 0.806114553125 0.8546596109374999 0.81323713125 0.857425484375 0.8223635781249999 0.861311809375 0.8328917812500001 0.8615207078125 0.8361520171875 0.8605047015625 0.8388101484374999 0.8546908078125 0.8394644109375001 0.847756459375 0.8366403484375 0.844149565625 0.8307741390625001 0.8392472328125
0 0.9021785375 0.7643977640624999 0.9003406046875 0.7726980921875001 0.9097783734375 0.7844642390625001 0.9191229046875 0.7860391171875 0.9244597046875 0.7853730828125001 0.9272632250000001 0.7780182234375 0.9282809671875001 0.76723145625 0.925384209375 0.7643950484375 0.9109936624999999 0.7604042718749999 0.9021785375 0.7643977640624999
0 0.8632832609375001 0.8188958906250001 0.8549043140624999 0.8182664828125 0.8513532968749999 0.8223644234374999 0.846618603125 0.82782834375 0.8501901640625 0.8346921546875 0.8562017640625001 0.8380535234375 0.8603548890624999 0.83875346875 0.8708830953125 0.8389623671875001 0.8721394640625 0.836825903125 0.87250294375 0.8329734875 0.8713714250000001 0.8226072312499999 0.8632832609375001 0.8188958906250001
0 0.9676740390624999 0.7409956859375 0.9668016890625001 0.7502414859375 0.9768937203124999 0.7550732828125 0.9857088421875 0.751079790625 0.9914091203125001 0.746561340625 0.9922814703124999 0.7373155421875 0.9822621343750001 0.7317132609375 0.9760324468749999 0.7306633421875001 0.968400996875 0.733290853125 0.9676740390624999 0.7409956859375