0 0.2856366890625 0.040589259375 0.2942900671875 0.0422713015625 0.30237209531250003 0.03933044375 0.3080051046875 0.0336576265625 0.307433753125 0.029034728125 0.30234526562499997 0.022029840624999998 0.28355515468750003 0.03228893125 0.2856366890625 0.040589259375
0 0.1693365359375 0 0.16700681875 0.0032425171875 0.16814951718749999 0.0124883171875 0.17144214687499998 0.013504321875 0.187891878125 0.00993405625 0.1948069796875 0 0.1693365359375 0
0 0.2017826265625 0.053992676562499994 0.2003542515625 0.042435428125 0.1969663984375 0.040648937499999996 0.173183025 0.044673625 0.16266539062500002 0.05353282499999999 0.16380809062499999 0.0627786234375 0.1711551484375 0.070974503125 0.19005389687500002 0.07013619843749999 0.1991565703125 0.058370051562500004 0.2017826265625 0.053992676562499994
1 0 0.56875 0.36875 0.56875 0.36875 0.21981121250000002 0.3498530625 0.21850578125000003 0.3278387171875 0.21121874375 0.3100558375 0.20400224374999998 0.3013890453125 0.1936699 0.27421781875 0.19590809843749998 0.26386380625 0.189007659375 0.254543853125 0.181932234375 0.23797206875 0.167431415625 0.22742760781250002 0.1589900109375 0.21688314531250003 0.15054860625 0.1972225953125 0.14522304531250002 0.18301801875 0.141334003125 0.16440494375 0.144483759375 0.1357369484375 0.151694828125 0.1019938765625 0.16055131250000002 0.0839521515625 0.1683239671875 0.059229942187499995 0.17329412500000002 0.059584012500000005 0.159075453125 0.0533662390625 0.15147507031250002 0.031569175 0.163029603125 0.02087450625 0.1789981375 0.009867334375 0.1753546203125 0.01041185625 0.162676915625 0 0.16237741249999998 0 0.56875
0 0.2334696671875 0.1139180984375 0.24767424375 0.117807140625 0.26157973125 0.11073443125 0.25996090625 0.0976362171875 0.252151140625 0.094238221875 0.2403955828125 0.093081140625 0.23204129375 0.10236084999999999 0.22697963593749998 0.112656565625 0.2334696671875 0.1139180984375
0 0.8574844546874999 0.142988946875 0.8486540421874998 0.1484162421875 0.8444359921875 0.15699600625000001 0.84933403125 0.1624599265625 0.85892624375 0.1631964984375 0.8671034953125 0.161026125 0.8716072203125 0.154757809375 0.8708454203125001 0.14859394374999998 0.8670766671875001 0.14372552031250002 0.8574844546874999 0.142988946875
0 0.9072279609375 0.14401038593749999 0.899336384375 0.14849220937500002 0.8970912296875 0.15595151875 0.8979482531249999 0.1628858671875 0.9037851265625001 0.16740431718749998 0.9138400499999999 0.163343003125 0.9222895624999999 0.1548337765625 0.9212420874999999 0.1463584609375 0.9162488249999999 0.14012405781249998 0.9072279609375 0.14401038593749999
0 1 0.1313347625 0.9885511937499999 0.135754828125 0.9813127765625002 0.1369797328125 0.9706046953125 0.144297965625 0.9803055453125001 0.1544553234375 0.9924285874999998 0.1500440359375 1 0.1441226921875 1 0.1313347625
0 0.8295353656250001 0.2499762390625 0.8384475874999999 0.2366691265625 0.8481081984374998 0.22087557812499997 0.8216169593749999 0.23715745937500002 0.8002960187500001 0.252564409375 0.79157424375 0.2674124875 0.7987308515625 0.2740674015625 0.811983178125 0.2702516109375 0.8179836734375 0.259010425 0.8295353656250001 0.2499762390625
0 0.8213044546875 0.2175454046875 0.8058753703124999 0.2122903828125 0.787725003125 0.21064225312499998 0.7902008515625 0.2306748171875 0.8023373093749999 0.23491383125 0.8141746765625001 0.2281910953125 0.8213044546875 0.2175454046875
0 0.9021757453125 0.342301296875 0.8757529046875 0.3420530578125 0.8573168625 0.338093478125 0.8467992296875 0.34695267812499997 0.8459690343750002 0.3573189328125 0.8557516968750001 0.359596471875 0.87107214375 0.35543070781249997 0.8833856359375 0.3525603890625 0.9021757453125 0.342301296875
0 0.6948782296875 0.1854509703125 0.69852493125 0.17224830625 0.6933412171875 0.1644729359375 0.6830824296875 0.15834298125 0.6704014546874999 0.1667816703125 0.6727686609375001 0.17739345 0.68078229375 0.1909827125 0.6948782296875 0.1854509703125
0 0.614521984375 0.1502800296875 0.617447128125 0.1568644078125 0.628726559375 0.1541690734375 0.6365229140625 0.148916765625 0.6390537421875 0.1437689078125 0.6341557046874999 0.1383049875 0.6244682671875 0.13679793125 0.618454359375 0.1393888171875 0.614521984375 0.1502800296875
0 0.5024384515625 0.0292327640625 0.5049558671875001 0.0154346046875 0.49657475 0.0074137109375 0.4836080984375 0.01354095 0.4786416640625 0.0246071484375 0.47827417812499995 0.03017551875 0.49173036875000004 0.036550996875000005 0.5024384515625 0.0292327640625
0 0.6603331171875 0.16219268125 0.662387821875 0.15319240781250001 0.6631227921875 0.14205566875 0.6670417515625 0.122514153125 0.6739810796875 0.11032749687500001 0.6712463875 0.10528408593750001 0.6529324 0.11939559375 0.6527687796875 0.13515523125 0.6428224968749999 0.14863733125 0.632032603125 0.1638353828125 0.6358013578125 0.16870380625 0.6440872499999999 0.17595421718749998 0.652645403125 0.176865775 0.6603331171875 0.16219268125
0 0.47967440000000006 0.08421379375 0.46689819843749997 0.09188200156250001 0.46823134531250005 0.102668765625 0.4785853578125 0.1095692046875 0.49530735000000004 0.0996600859375 0.4958518703125 0.08698238124999999 0.47967440000000006 0.08421379375
1 0.36875 0.56875 0.7951272656249999 0.56875 0.805554925 0.5513681140625 0.8009157328125 0.530915040625 0.8067123609374999 0.5094825843749999 0.814019175 0.491727559375 0.8155293593749999 0.49540498906249997 0.8394079578125 0.492150784375 0.8673141578125 0.47877585 0.8487828921875 0.47404578593749996 0.83354425625 0.47033173125000005 0.8387963656250002 0.4615769796875 0.8440484734375 0.45282222812499995 0.8445929953124999 0.4401445234375 0.82540856875 0.43867137968750003 0.8284973359375 0.42949611875000004 0.83411693125 0.4151729984375 0.831559271875 0.40302025312499995 0.8215995718750001 0.40785204999999997 0.8171642453124999 0.3975902453125 0.82674304375 0.3896765140625 0.8251242187500001 0.3765782984375 0.82886614375 0.36414611875 0.814349065625 0.340645021875 0.80624020625 0.3262852765625 0.8136556609374999 0.3179510359375 0.8055468031250002 0.303591290625 0.8011932859375002 0.2854496640625 0.7812604765625 0.28646295624999996 0.75970884375 0.274378034375 0.7780094140625 0.2516162234375 0.7610969734374999 0.2599843765625 0.7483207703125 0.2676525828125 0.746606721875 0.2537838828125 0.7361574859375001 0.24611296249999998 0.726551859375 0.2367260875 0.7419675296875 0.23333080781249999 0.7480632484375 0.22286010625000002 0.738267171875 0.211932265625 0.721613578125 0.20531126249999998 0.7093000859374999 0.2081815828125 0.6918162953125 0.21192683437499998 0.6875164359375 0.2283864171875 0.6727539234375 0.228524778125 0.66916220625 0.2165470203125 0.6494882421874999 0.20257115625000002 0.655380096875 0.1819091859375 0.633365753125 0.174622146875 0.6107800593749999 0.1627122109375 0.5801123390624999 0.15374313125 0.5598938546875 0.152444975 0.5373349890625 0.15783564218749999 0.5333757859375 0.151426253125 0.5099598984375 0.14988257031250002 0.502081734375 0.163014696875 0.4859042640625 0.16024611093750002 0.48870735312499997 0.1487594 0.495170559375 0.1327203265625 0.48360544999999994 0.1331042109375 0.46612166093749996 0.1368494640625 0.4623394921875 0.12333073750000001 0.435440525 0.1192300828125 0.43207950000000006 0.134744196875 0.40980630937499996 0.1424463125 0.4033980875 0.1333049640625 0.3913702703125 0.13848673281249999 0.3787845171875 0.1476959078125 0.36875 0.161232828125 0.36875 0.56875
0 0.331967275 0.9041219765624999 0.3323615890625 0.9158542109375001 0.34817157656250003 0.9241911671875 0.36535627656249997 0.9094841625000001 0.3615875234375 0.9046157390625 0.3599821140625 0.9001678265624999 0.3570569703125 0.8935834500000001 0.344553028125 0.894912803125 0.3375050609375 0.8976786750000001 0.331967275 0.9041219765624999
0 0.24444100781250003 0.8536458218749999 0.23672646406250003 0.8510183093749999 0.22121556875 0.8536431062500001 0.21257560625 0.8606113671875001 0.2172966078125 0.873184621875 0.2362905828125 0.8731168 0.24755660000000002 0.8617711640625 0.24444100781250003 0.8536458218749999
0 0.169676203125 0.8466327906250001 0.1789827390625 0.8450579109374999 0.18339123906250002 0.8380191140625 0.18150015625 0.8312597499999999 0.1705882078125 0.828386715625 0.15846516718749998 0.832798003125 0.1609276015625 0.8441802640624999 0.169676203125 0.8466327906250001
0 0.058232415625 0.7136783015625 0.0536066375 0.7018755296875 0.0369530421875 0.6952545265625 0.027088570312499997 0.70085680625 0.027673334375000004 0.714130009375 0.032952271875 0.7226758609375 0.051946246875000004 0.7226080390625 0.058232415625 0.7136783015625
1 0.36875 0.9292376625 0.34764046875 0.9455191734374999 0.3318573125 0.954482821875 0.31363854999999996 0.9693648125 0.30272660625 0.9664917765624998 0.31905428125 0.9448504234375001 0.29894443593750003 0.9529730515624999 0.296767678125 0.943902240625 0.28469961875 0.9231331031250001 0.2901287625 0.9072690171875 0.278835915625 0.9013140484375001 0.2509981125 0.8981588625000001 0.234752246875 0.911920396875 0.22139128125 0.9063154015624999 0.2164798265625 0.8922011781249999 0.198887396875 0.8865256468750001 0.2022484234375 0.8710115328124999 0.213501025 0.8510155953125 0.2203317140625 0.829408153125 0.23074070781249997 0.81112816875 0.22441429687499997 0.794107 0.21724427343750002 0.7788017843749999 0.200535696875 0.7973612046875 0.19532383125 0.8320668609374999 0.1780573203125 0.8546536843749999 0.1464507625 0.846630075 0.11155157812500001 0.8375904593750001 0.081373396875 0.841124096875 0.0670735953125 0.8364645718749999 0.052977659375 0.8419963140625001 0.0383237875 0.851555459375 0.034459809375 0.8459165531250001 0.037262898437500004 0.8344298437500001 0.0492638875 0.81194746875 0.0674692328125 0.7884151765625 0.0768575828125 0.778960478125 0.08594684062499999 0.75854403125 0.112043765625 0.7305299140625 0.106302115625 0.726781946875 0.07925294375 0.74709123125 0.08288622968750001 0.725238265625 0.0768589046875 0.7191788484374999 0.0637554625 0.7583663296875 0.052121957812499994 0.7752803359375 0.03148100625 0.80473096875 0.0161055796875 0.8340771546875001 0.0123234109375 0.8205584281250001 0.020582475 0.8105082359375 0.0235626 0.7919121890625 0.0025005062500000003 0.792329984375 0 0.7920530734375 0 1 0.3480396984375 1 0.34762573125 0.9966505015625 0.3376526203125 0.9928319984375001 0.32944853749999997 0.9777017671875001 0.35011631875 0.9655517375 0.3591237640625 0.953015109375 0.36875 0.9422631234375001 0.36875 0.9292376625
0 0.9575725625 0.6459903640625 0.9602454843749999 0.657568359375 0.97418758125 0.6598360828125001 0.9856808140624999 0.652338715625 0.9864492375000001 0.6485070453125 0.9863214265625 0.63742376875 0.966184596875 0.6352789234375 0.9575725625 0.6459903640625
0 0.4757608109375 0.6164748125 0.46879765312499994 0.6204293640625 0.46349915468749997 0.6278038515625 0.46815704062499996 0.6353443109375 0.48187507812499997 0.635799134375 0.4887262078125 0.63093813125 0.4904871125 0.6250876937500001 0.4869337390625 0.61643491875 0.4757608109375 0.6164748125
1 0.36875 1 0.9157903468749999 1 0.9180595390625002 0.989525659375 0.9378287171874999 0.9685974999999999 0.9276167093750001 0.9462649750000001 0.9185092140624999 0.922820134375 0.9255686187500001 0.9095952078125 0.91681299375 0.8990465453125001 0.9180137531250001 0.8886638515625 0.9142363187499999 0.878198175 0.9115476156250001 0.8564433546875 0.9290115234375002 0.8470102031250001 0.927331084375 0.8334134390625 0.922337109375 0.8231536281249999 0.9200965218749999 0.8050246109374999 0.8997356328125001 0.8010668671874999 0.8851213609374999 0.7933604359374999 0.8834409203125 0.7797636734375001 0.8878431843750001 0.7651375781249999 0.8810883046875 0.7607282062499999 0.898440184375 0.750388603125 0.9025063609374999 0.7330431546875 0.8633372140625 0.7276411515625 0.8511560218749998 0.7195229890625 0.8488034062499998 0.700487521875 0.8390552984374999 0.691957625 0.809842534375 0.6867215921875001 0.7816380374999999 0.6896436171875 0.759532025 0.701713134375 0.742372640625 0.6935119890625 0.70142680625 0.683783596875 0.6648990140625 0.6696059359375 0.61942310625 0.6634203640624999 0.6042486874999999 0.651181678125 0.5783652406249999 0.65278551875 0.5635269093749999 0.6432661875 0.5462870625 0.6545122421875 0.5248216609374999 0.651666815625 0.49319159843750005 0.6570193390625 0.4759359671875 0.6580885671875001 0.4685089109375 0.6482404890625 0.44494651718749995 0.648526146875 0.43556606093749994 0.6630692578125 0.4145487765625 0.6638496328125 0.4092187140625 0.6508704671875 0.3879773734375 0.6498379421875 0.3736345046875 0.6744748921875 0.36875 0.6738105078125 0.36875 1
0 1 0.9374067015625 0.9985121703125 0.937044078125 0.9862347328125001 0.9381962906249999 0.9741971328125001 0.9513382328125001 0.9737647984375 0.9578892531250001 0.9735565218750001 0.9662531796875001 0.9941414671875 0.9720238250000002 1 0.9667179078125001 1 0.9374067015625