0 0.353853453125 0.2806367609375 0.3465609828125 0.29320271249999996 0.349032109375 0.3050276890625 0.35918052500000003 0.3079536703125 0.3686555046875 0.30446248124999997 0.369364696875 0.2877759453125 0.353853453125 0.2806367609375
0 0.1864484171875 0.361720309375 0.1734082953125 0.36640610156250003 0.1696809671875 0.37777745 0.1779657234375 0.3863891046875 0.1960800515625 0.38316629999999996 0.199230146875 0.3662945234375 0.1864484171875 0.361720309375
0 0.210700746875 0.33493069375 0.19878486875 0.3386071265625 0.20013175 0.3514414625 0.2071960578125 0.36014574062500004 0.2211680078125 0.352617109375 0.22470292500000003 0.3394122859375 0.210700746875 0.33493069375
0 0.29151985625 0.24932980468750002 0.2789305375 0.24658906875 0.26701466093750004 0.2502655 0.26807292656250004 0.2603496234375 0.2722153015625 0.26465545 0.29155008125 0.2613400265625 0.29151985625 0.24932980468750002
0 0.271426484375 0.175083471875 0.2782379265625 0.1579338265625 0.2653599921875 0.1524428765625 0.24602521249999998 0.1557583 0.2393759546875 0.16273120000000002 0.25209170625 0.1783988953125 0.26243253593750004 0.183158353125 0.2690817921875 0.176185453125 0.271426484375 0.175083471875
1 0 0 0 0.3890625 0.1444011796875 0.3890625 0.1495105625 0.3848524484375 0.158859109375 0.36843429843750003 0.1596645078125 0.35266450312500003 0.1553957 0.3354317171875 0.174604046875 0.3191893328125 0.1974379875 0.3257727890625 0.210093284375 0.317420040625 0.1962532921875 0.3027617046875 0.2000768265625 0.2923070953125 0.2139828 0.29587195 0.2122510953125 0.27937065781250003 0.199469365625 0.27479644687500004 0.19311425625 0.2494056328125 0.20249302500000002 0.2449977078125 0.19690756250000002 0.22694080312499998 0.2081197734375 0.20483698281249998 0.1992577828125 0.190724896875 0.1972374609375 0.1714733890625 0.18497251718750002 0.1483791640625 0.19133315312500002 0.13865605 0.1790984359375 0.1275720453125 0.1693046140625 0.1163027984375 0.1553684140625 0.100727725 0.1430732421875 0.06562327812499999 0.13212495 0.04335316875 0.102485096875 0.0188054328125 0.06516794687500001 0.0031566937500000004 0.063648675 0 0 0
0 1 0.24835318125 0.9898334312500001 0.24068607812499998 0.9729339124999999 0.24903751093749998 0.9738334359374999 0.25760901718749996 0.981284353125 0.268825059375 0.9998754546875 0.2666287203125 1 0.266395375 1 0.24835318125
0 1 0.332646303125 0.9903964593750001 0.3058343453125 0.9706652078125 0.26727466093749996 0.9520741062500001 0.26947100156250003 0.942952603125 0.2921553890625 0.9590296734375 0.3058585171875 1 0.342488625 1 0.332646303125
0 0.9374899765624999 0.3098494953125 0.9507306171875001 0.30648834375 0.9488754859374999 0.2987747953125 0.945190915625 0.2935563875 0.9364012109375001 0.28951085 0.9282657046875 0.2916991328125 0.9258077578125 0.2981691390625 0.9299829765624998 0.3080629140625 0.9374899765624999 0.3098494953125
1 1 0 0.4 0 0.4 0.29090425781249996 0.4021284859375 0.2900004796875 0.41487377968750005 0.3118107953125 0.4274859125 0.312424509375 0.45273587343750005 0.32386062656250003 0.4743269546875 0.340287021875 0.4866937625 0.338563053125 0.5044320250000001 0.3780594203125 0.5087498015625 0.349456125 0.5464787359375001 0.340309353125 0.5746772921875001 0.349950828125 0.584039421875 0.35945095781249997 0.6001725765625 0.363724625 0.6103571546875 0.3511701984375 0.622775346875 0.36986360625 0.63555103125 0.3720357734375 0.6459248515625 0.371248490625 0.65157671875 0.36532152500000004 0.6654715609374999 0.36819419375 0.6761467875 0.36031513125000003 0.677485578125 0.3531446265625 0.6926374328125 0.348067559375 0.7140392734375001 0.3527268125 0.7176163765625001 0.34695730468749997 0.7242238515625 0.340172384375 0.7285369296875001 0.34141592656249997 0.7208616812499999 0.3679177234375 0.7360135359375001 0.362840659375 0.749499503125 0.36181718749999997 0.76726815625 0.3816754078125 0.77739665 0.378550440625 0.7936676640625 0.374173875 0.7909130078125 0.3578888234375 0.788894328125 0.34861681875 0.8018335609375 0.35234744375 0.8119316640625 0.368860625 0.828284453125 0.36526328750000003 0.823700359375 0.3514733734375 0.8172050484375 0.3393993734375 0.81477749375 0.32623123125000003 0.8054153625 0.31673110000000004 0.8115578796874999 0.3154795015625 0.8270625265625 0.32372803437500003 0.8402213921874999 0.3195876546875 0.8813078000000001 0.31254237812499996 0.90713488125 0.29958625156249996 0.9287306609375001 0.2861658109375 0.9421909359375 0.274933653125 0.9525390640625 0.26393767968750004 0.9581652390625 0.24780202812500002 0.9621255265624999 0.2357199703125 0.9740577671875 0.21989117500000002 0.9728311421875 0.20820276093749998 0.9645063953124999 0.1986238984375 0.9809666499999998 0.2060144765625 0.9910951453125 0.202889509375 1 0.2027718859375 1 0
0 0.36486321718750003 0.8780749609375 0.3759730125 0.8843007249999999 0.3915337421875 0.8831197984374999 0.3935828140625 0.872753653125 0.3929286140625 0.8665198328125001 0.39044497499999997 0.86278115 0.3814099453125 0.8563979296875001 0.3681693046875 0.8597590828125 0.36363659375 0.8663865453125 0.36486321718750003 0.8780749609375
0 0.33493799062499996 0.911763378125 0.33269967500000003 0.9103623796874999 0.323909971875 0.906316840625 0.31162493593749996 0.9088200375 0.30589129375 0.913967775 0.30719969375 0.9264354171875 0.3127954765625 0.9299379140624999 0.3222954640625 0.9307878109375001 0.3323421859375 0.9268836171875 0.336001065625 0.9218933374999999 0.33493799062499996 0.911763378125
1 0 0.3890625 0 0.986056946875 0.0075808375 0.9908019187499999 0.03272333125 0.99125011875 0.051396207812500004 0.9898330078124999 0.0647186234375 0.9872510828125 0.061744334375 0.9788370359375002 0.06739620156250001 0.9729100718750001 0.08096394375 0.972665828125 0.1022022328125 0.975766625 0.10948959843749999 0.9854242140625 0.121146125 0.9868958843750001 0.135505925 0.9842352312500001 0.140856384375 0.98540004375 0.1491811328125 0.9949789046875 0.15383586093749999 1 0.1877411265625 1 0.1859801515625 0.9968987734375 0.1760712890625 0.9921527375 0.17124186875 0.9760251406249999 0.16021385 0.9705786046875 0.17926990781250002 0.9628489421875 0.1777932609375 0.9786696812500001 0.18841240625 0.9802200796874999 0.2018422890625 0.9886260703125 0.21846609374999998 0.9975751031249999 0.22772075625000002 0.9960873187499999 0.218496484375 0.9779369546875 0.223167053125 0.9626592593750001 0.2248329421875 0.9586056640624999 0.219620340625 0.9487906171875 0.2159357703125 0.943572209375 0.2175198828125 0.9387393859375 0.23523715312500001 0.9381802296874999 0.26627683750000003 0.9350391484374999 0.2951342921875 0.9210676093749999 0.3149006328125 0.9101423078125 0.3286062296875 0.9012478328124999 0.3413258328125 0.9128494625 0.3593958921875 0.9256159046875 0.3765921203125 0.9400195312499999 0.3862556578125 0.9424278859375 0.380853815625 0.920845696875 0.3662790828125 0.9015305187500001 0.35978377500000003 0.88945651875 0.35757585000000003 0.8684173718749999 0.356185678125 0.855170503125 0.3581272828125 0.8338164406249999 0.356246459375 0.81589420625 0.3740455015625 0.8161142765625 0.38562025312500003 0.81680671875 0.4 0.8046940359375 0.4 0.7869618890625001 0.3990291453125 0.7851571859375 0.4 0.7849209234375 0.4 0.4705455734375 0.387587853125 0.4569287703125 0.37213928749999997 0.4392507765625 0.3641416375 0.43278882812499997 0.337036546875 0.4136391625 0.334716459375 0.41145893749999995 0.317137046875 0.40336786093750004 0.31258825468749996 0.3890625 0 0.3890625
0 1 0.490669675 0.9771878 0.4863546546875 0.9596340828125001 0.488472265625 0.9527251984374999 0.5023489640625 0.9644074187499999 0.5140293203125 0.9869844984375 0.5099596125 0.9977415000000001 0.502859778125 1 0.498628325 1 0.490669675
0 0.9642648609375 0.552526390625 0.94837703125 0.55059040625 0.9374564796874999 0.5561317859375 0.9404564609375001 0.5747545203125 0.9492461640624998 0.578800059375 0.965598953125 0.5752027203125 0.9675101671874999 0.5734868093750001 0.9685779406249999 0.5537699328125 0.9642648609375 0.552526390625
0 0.6958304468750001 0.7346976140624999 0.681087465625 0.743670815625 0.681659890625 0.7491254109375 0.6920594031249999 0.7585468140625 0.7032252796874999 0.75534311875 0.706010325 0.751990021875 0.706311734375 0.74489824375 0.6958304468750001 0.7346976140624999
0 0.6208328359374999 0.7773046765625 0.6101879984374999 0.7655455890624999 0.5939987625 0.7707013828125 0.5907487578125 0.7795878015625 0.5941319203125 0.7918979859374999 0.6026763015625 0.7936058421875 0.612723021875 0.789701646875 0.6153445171875 0.7847900953125 0.6208328359374999 0.7773046765625
0 0.47976297968750004 0.6984712359375 0.4720106546875 0.6943469703125 0.4545387109375 0.6972438078125001 0.45543823593750005 0.7058153140625001 0.4612793453125 0.7116554921875 0.4687045703125 0.7126628484374999 0.47596624375 0.7121117484375 0.48066250312500003 0.7070427406249999 0.47976297968750004 0.6984712359375
1 0.4 0.3890625 0.4 0.6984118203125 0.41861352343749997 0.6936867546875 0.4142747546875 0.6822345249999999 0.40723271250000004 0.67491461875 0.4616672265625 0.67549610625 0.48536346249999995 0.6721268968749999 0.501470925 0.666191875 0.5158050328125 0.653322534375 0.5355152890625 0.65182669375 0.538816678125 0.6633576515625 0.5507442203125 0.6773756921875 0.5620175640625 0.6851599109375 0.5774965203125 0.6831997578125 0.575779246875 0.6668359765625 0.5670456234375 0.6533609765625 0.5639895609375 0.6441677015625 0.5933633578124999 0.6450802171875 0.59827925 0.6321402015625 0.6199264140625 0.6391371375 0.6476086296875 0.633894559375 0.64804789375 0.6181525484374999 0.64755724375 0.613477184375 0.672648353125 0.59350800625 0.6988843109375 0.5844480187500001 0.7046179515625 0.57930028125 0.7326833515625 0.567745153125 0.7449426921875 0.55503326875 0.7660992078125 0.5573548374999999 0.786765071875 0.555001040625 0.8157860750000001 0.54258795625 0.804870221875 0.5182824984375001 0.7983188296874999 0.515637959375 0.8248818875000001 0.50969488125 0.8626108218749999 0.5005481062499999 0.8626412125 0.4809099578125 0.8329403171875001 0.4768805328125 0.8284636890625 0.47407853749999995 0.8502230203125001 0.4622165515625 0.8342277234375001 0.44929265156250003 0.8345852140625001 0.43277141406249997 0.8474169796875 0.42551412343750006 0.8560174437499999 0.4177925171875 0.8630081015624999 0.40469504843750004 0.8577137234375 0.39410077499999996 0.8641118500000001 0.3890625 0.4 0.3890625
0 0.7683350203125 0.7480455421875 0.77507565625 0.762457225 0.7904985265625 0.76992653125 0.79391208125 0.7625985671875 0.7942134890625001 0.755506790625 0.788454153125 0.7504458406250001 0.7846878078125 0.7444482046875001 0.778601375 0.7362703421875001 0.767435496875 0.7394740390625 0.7683350203125 0.7480455421875