0 0.08131340468750001 0 0.0801197765625 0.00328793125 0.0804635390625 0.0048174734375 0.0806470125 0.0104000484375 0.096801846875 0.01078628125 0.098956340625 0 0.08131340468750001 0
0 0.162583990625 0.21292024999999998 0.1579663796875 0.201907028125 0.14640597187499998 0.2028984109375 0.13591162343750002 0.22293183125 0.136438859375 0.2300439515625 0.15259369375 0.2304301828125 0.162583990625 0.21292024999999998
0 0.0635016671875 0.23438545156249999 0.0614390921875 0.22520819374999998 0.0580014671875 0.209912765625 0.0508520078125 0.20669918593749997 0.040139410937499995 0.20669662187500001 0.0306415765625 0.2168652609375 0.0332313859375 0.2331546359375 0.03937274375 0.24141519531250002 0.0533163046875 0.24149500625 0.0635016671875 0.23438545156249999
0 0.051105034375000004 0.241188584375 0.052308203124999994 0.246541984375 0.05928578125 0.2489907921875 0.07254181875 0.2460115171875 0.07507366875 0.23821187500000002 0.07131546718750001 0.23102250937500002 0.0628141421875 0.23132636562500003 0.051105034375000004 0.241188584375
0 0.18911525 0.0735927390625 0.191463628125 0.060210521875 0.18855323906250002 0.0520272109375 0.17410562499999999 0.05447088906250001 0.166143128125 0.0667046671875 0.1615834765625 0.0797804640625 0.18232114531250002 0.0767265078125 0.18911525 0.0735927390625
1 1 0.35 1 0 0.41506996718749994 0 0.4103381609375 0.0021825359374999997 0.48373174218750004 0.35 1 0.35
0 0.38638079375 0.4988517203125 0.39010421875 0.4915876734375 0.3875375921875 0.48493390468750003 0.371863625 0.472388575 0.362365790625 0.48255721406249996 0.35729049687500003 0.493338696875 0.360040596875 0.505575040625 0.3632715640625 0.5056522875 0.372964465625 0.5058840265625 0.38638079375 0.4988517203125
0 0.11226823593749999 0.6375846484375 0.1156363078125 0.6239732546875001 0.11051464687500001 0.6154835234375 0.09418793125 0.6143325171875 0.085366028125 0.6227424390625 0.090064946875 0.6365808859375 0.11226823593749999 0.6375846484375
0 0.10817786250000001 0.6336835453124999 0.0966290453125 0.6394927296875 0.09666382031250001 0.653946140625 0.10023855 0.6555529296875 0.1083961140625 0.6537195312499999 0.11603803125 0.649591815625 0.1187301703125 0.637739140625 0.10817786250000001 0.6336835453124999
1 0.4 1 0.4 0.61270728125 0.386143359375 0.6121846953125 0.381158803125 0.5900063234375 0.3709502578125 0.58748026875 0.36649293906249997 0.5724140140625 0.35338559687500004 0.5665224531249999 0.3367614875 0.5831131218750001 0.3291195671875 0.587240834375 0.312667340625 0.604596275 0.29513745468749997 0.5980918703125 0.269816953125 0.604586015625 0.260674471875 0.621102003125 0.2445080453125 0.6158979656250001 0.23785104375000002 0.60534309375 0.215944984375 0.6174970609375 0.205552965625 0.60938843125 0.17428617500000002 0.6180223984375 0.1537203875 0.621841128125 0.152414890625 0.644629778125 0.1388266828125 0.6508973140625001 0.1247112359375 0.65005273125 0.0907407140625 0.66572156875 0.07731279375 0.667936071875 0.074116603125 0.6823122375 0.06189185312499999 0.6898801406249999 0.044029796875 0.686663996875 0.03607889375 0.703715578125 0.023556746875 0.72902515625 0 0.7365926765624999 0 0.7434973312500001 0.05648323125 1 0.4 1
0 1 0.56340041875 0.9938685375 0.5606444140625 0.9846912796874999 0.5627069890625 0.9777368859374999 0.5698937875000001 0.9796275796875001 0.578306275 0.98219420625 0.5849600421875 0.9917152250000001 0.5844270125 1 0.5819623828125 1 0.56340041875
0 0.704041234375 0.4578717484375 0.7145703578125 0.45229173750000007 0.7140315296875 0.44036181562500004 0.7089214625 0.4366898859375 0.70143983125 0.43676456874999997 0.690910709375 0.442344578125 0.6873591640625 0.450373396875 0.6907851953125 0.4608510234375 0.704041234375 0.4578717484375
0 0.612243475 0.397359603125 0.6103991499999999 0.4082183328125 0.61263360625 0.41816036093750003 0.6167123859375 0.4172436609375 0.6277571546875 0.41395796406249996 0.6398100234375 0.405625290625 0.641322178125 0.3980548234375 0.6375639765625 0.39086545624999997 0.6285354140624999 0.3840571953125 0.6152909687499999 0.391854275 0.612243475 0.397359603125
0 0.5953451546874999 0.44132755 0.5982207671875 0.43505745000000007 0.5944509734375 0.42305028125 0.5857429890625 0.40813595625000004 0.577929190625 0.41149889999999995 0.5760732734375 0.41753982343749996 0.5764402203125 0.42870497499999993 0.5824096937500001 0.43620076093750004 0.5848044390625 0.44208975781250004 0.5953451546874999 0.44132755
0 0.5753877484375 0.4859830234375 0.583728784375 0.4897321984375 0.597156703125 0.4875176953125 0.6022435875000001 0.481554015625 0.602919521875 0.47979529843749996 0.605107609375 0.47046611250000003 0.6056116593749999 0.46794262187499996 0.5979465562499999 0.46243473125 0.5967549828125 0.461899134375 0.5812760781249999 0.4597541828125 0.5739779234375 0.46541144062499995 0.5736573453125 0.47351750312499996 0.5753877484375 0.4859830234375
0 1 0.7510288625 0.9992588156250001 0.7514459171875 0.9946759828125 0.7548861062500001 0.98551031875 0.761766484375 0.9736293296875 0.77086393125 0.985521909375 0.7665842875 0.9992935921874999 0.7658993265625 1 0.7659368671875 1 0.7510288625
0 0.805615040625 0.6238425421875 0.812787684375 0.636691728125 0.84254231875 0.635628228125 0.8392765765625001 0.6210975718749999 0.8246338968749999 0.6131408703125001 0.805615040625 0.6238425421875
1 0.4 1 0.9451561640625 1 0.9481429468750001 0.9911001593750001 0.9501011937499999 0.9569171828125 0.9553483671875 0.946900471875 0.964846203125 0.9367318328125 0.973988684375 0.9202158468749999 0.9714104656250001 0.9087442750000001 0.9793729640625 0.8965104953124999 0.978146609375 0.8815214874999999 0.9901878890625 0.8683710093750001 0.9969704015625 0.8604194374999998 0.9945176953124999 0.830441421875 0.9739519062500002 0.8342601515624999 0.9696548765624999 0.8151408640625 0.9626657062499999 0.807874253125 0.9585405578125 0.7895197390625001 0.96816390625 0.76084465625 0.954392221875 0.7615296171875 0.9365185765625 0.7534956687500001 0.9441373109375 0.739732346875 0.969090865625 0.7220730515625 0.982655890625 0.7061699078125001 0.96700510625 0.7032601859375001 0.9488108796875 0.7033323031250001 0.9409738953125 0.6970596390624999 0.9255181765625 0.7045502953125 0.9042880499999999 0.7149455453125 0.9034170515625 0.7063038828125 0.9076445281249998 0.696516346875 0.9066132421875001 0.69192771875 0.9127198218749999 0.6857348640625001 0.926628609375 0.671361265625 0.922011 0.66034804375 0.9051686390625001 0.6569027249999999 0.8895642234375 0.6732642171875 0.8786797468749998 0.6724968828125 0.8736951906249999 0.650318509375 0.8636817109375 0.6581928343750001 0.8359548734375 0.6539801796875 0.8253909734375 0.6451067796875 0.80955671875 0.63661448125 0.8005397468750001 0.634624025 0.7806498953125001 0.636684034375 0.7531181234375 0.642871759375 0.7425426296875 0.6291805546875 0.739632240625 0.62099724375 0.72091078125 0.61395724375 0.6955670953124999 0.61081578125 0.673282496875 0.6069867953125 0.6554088484375 0.5989528468750001 0.6368592671875 0.5926776171875 0.622411653125 0.595121296875 0.6171181109375 0.5858667921875 0.616911453125 0.570648609375 0.5934236859375 0.5614662218750001 0.5602777921875 0.5665055078125001 0.5501040234375 0.5784328656250001 0.528014490625 0.5850042562500001 0.51220341875 0.5861475671875 0.51014084375 0.5769703093749999 0.49856883906250005 0.5731438875 0.494685125 0.584460965625 0.497435225 0.5966973109375 0.47890882812499996 0.6000576875 0.47785435625000006 0.5858334515625 0.45913289687500003 0.5787934515625001 0.4443647015625 0.58934319375 0.4456142390625 0.6139678078124999 0.44239486406250006 0.618708365625 0.4366088625 0.6167951546875 0.4297799828125 0.6054755125 0.42329486406249994 0.5956854093749999 0.40577656875 0.5939988093749999 0.4 0.5949758609375 0.4 1