0 0.37848515625 0.02169599375 0.3752133546875 0.0363537140625 0.3791587453125 0.047756271875 0.39085429843749997 0.047551253125 0.39891781718749997 0.0432383671875 0.4016764015625 0.02441810625 0.39695130624999997 0.013029220312500001 0.38603545625 0.013220571875 0.37848515625 0.02169599375
1 0 0.5296875 0.4296875 0.5296875 0.4296875 0.1584138125 0.41370744843749996 0.14101015156250002 0.42384359531250004 0.1408324671875 0.405683425 0.120293140625 0.3884830734375 0.10912294062500001 0.38108576250000004 0.1029953140625 0.37433491406249997 0.09894211875 0.3608998390625 0.08979168125 0.344792546875 0.08590250625 0.330891125 0.08406042500000001 0.32362705625 0.0758446953125 0.3151366859375 0.06243604375 0.299762225 0.0470623015625 0.2713795390625 0.040259660937500004 0.2613100140625 0.03939329375 0.2487212625 0.029185135937500002 0.23584628125 0.03566813125 0.2249970515625 0.034815432812500005 0.21987223125000002 0.02969085 0.20447802343750002 0.026832057812499997 0.1983538890625 0.0373682453125 0.19342893125 0.0291115125 0.1821799765625 0.0345231203125 0.1631339859375 0.0400714078125 0.162107546875 0.0317463328125 0.1543968796875 0.018324014062499998 0.1346378078125 0.0228419203125 0.11982344062500001 0.0231016109375 0.11621853124999999 0.042979589062500004 0.10367665468750001 0.044242328125 0.09859870781249999 0.050588643749999995 0.08877591875 0.058061018750000006 0.079286234375 0.0603131375 0.0818449546875 0.04462503125 0.0715089453125 0.0479348703125 0.064072140625 0.0668371359375 0.059660403125000004 0.0627429390625 0.0581207421875 0.050255328125 0.05241608125 0.042012260937500004 0.03376981875 0.0412962421875 0.031097603125 0.0465575015625 0.027426073437499997 0.06747953125 0.024420753125 0.0779610484375 0.0205024890625 0.0905443359375 0.0201496375 0.1082795375 0.0092806625 0.1199417890625 0.0034427578125 0.113786825 0.0083208421875 0.1105726609375 0.008407209374999999 0.0970136640625 0 0.09128763281249999 0 0.5296875
0 0.2578060265625 0 0.24804767343749998 0.003124859375 0.244728996875 0.0063116843749999995 0.241323953125 0.0230575078125 0.2539127046875 0.033265665625 0.262622684375 0.031027215625 0.268813440625 0.019446975 0.2615914953125 0 0.2578060265625 0
0 0.6850347125 0.2811097546875 0.6870812093750001 0.292116175 0.691667703125 0.292035775 0.6990060875 0.29190713437500004 0.7018363609375 0.29063059999999996 0.7067363625 0.28563701875 0.707363384375 0.2758106515625 0.7016476921875 0.2648685515625 0.6885703828125 0.26877855624999997 0.686657409375 0.2700390140625 0.68519146875 0.2786531625 0.6850347125 0.2811097546875
0 0.6870201953125 0.3792286828125 0.66854070625 0.36728340625 0.6609671875 0.371096934375 0.6533152906249999 0.37613875625 0.6542093578125 0.39084614218749997 0.65764341875 0.39446670781250004 0.6693331640625 0.3979425578125 0.6743115421875 0.3917206796875 0.6870201953125 0.3792286828125
0 0.7334830296874999 0.48392946718749996 0.737889534375 0.501029125 0.748818734375 0.5020644625 0.7497360343749999 0.5020483828125 0.7541106265625 0.4909294 0.7545025140625 0.484787925 0.7500727749999999 0.48241173125000003 0.745486284375 0.4824921328125 0.7334830296874999 0.48392946718749996
1 1 0.5296875 1 0.1135261625 0.9934241171875 0.114977034375 0.9878651812499999 0.10157834218749999 0.9697311156249999 0.1129385203125 0.9742624625000001 0.09936295 0.9651910890625001 0.08357198593750001 0.9478407984375 0.0826492125 0.938644584375 0.0975334765625 0.940746225 0.12203506875 0.930946221875 0.1320222359375 0.9221651281250001 0.12604155781249998 0.9025099749999999 0.132520715625 0.889778090625 0.15973617812500002 0.8868462078124999 0.1769644765625 0.8857489234374999 0.194160615625 0.889002996875 0.21496124062500002 0.8799635375000001 0.22738891562500002 0.8732840828124999 0.24590983125000002 0.8585608468749999 0.2756140453125 0.8461424734375 0.2979163265625 0.8303684140625001 0.31536974375 0.8191576156250001 0.34746623125 0.80338355625 0.3649196484375 0.8026549265625 0.39069777656250004 0.7859635703125 0.408167275 0.7867560265625 0.4388264265625 0.7838009125000001 0.4707781921875 0.7745030890625 0.5016142218749999 0.7629468656249999 0.5104052515624999 0.76184958125 0.5276013890625 0.7621424 0.5296875 1 0.5296875
0 0.8699121890625001 0 0.8665525421875 0.0067781046875 0.8673130859375 0.009218615624999999 0.8820450046874999 0.022456507812500002 0.8876271703124999 0.021131734375 0.8953023 0.00136644375 0.8947571203125001 0 0.8699121890625001 0
0 0.7328271531249999 0.22137972499999997 0.741262825 0.204054946875 0.7350768703125 0.20048261875 0.7202433421875 0.20319649218750002 0.7119876578125 0.2033412109375 0.7072444093750001 0.20587819999999998 0.705464959375 0.21940553437500002 0.710498484375 0.226678828125 0.72517525625 0.226421546875 0.7328271531249999 0.22137972499999997
0 0.089617878125 0.5296875 0.0872531140625 0.5318180765625 0.077763428125 0.5340701937500001 0.0889728875 0.55368848125 0.0968834203125 0.563978646875 0.10289405781250001 0.5430156125 0.10445403125 0.5296875 0.089617878125 0.5296875
0 0.23380526562499998 0.5907791796875 0.23405200312500002 0.5991179234375 0.2434084453125 0.5989539078125 0.265879228125 0.564144846875 0.2656991125 0.5547620531249999 0.24696647968750002 0.5676050328125 0.24298159375 0.5812323703125 0.23380526562499998 0.5907791796875
0 0.091827609375 0.679827334375 0.10448298125 0.6889914390625 0.1125662484375 0.6721636078125 0.103742771875 0.6639752125 0.090754296875 0.6600313640625 0.08768235625000001 0.6715569312499999 0.091827609375 0.679827334375
0 0.28454762968749997 0.6743632390625 0.2746384734375 0.6953946125 0.2793635671875 0.7067835 0.28878663125 0.70557543125 0.299522365625 0.6960012875 0.3005883 0.6792964671874999 0.2953968578125 0.6752159390625 0.29227804375 0.6752706093749999 0.28454762968749997 0.6743632390625
0 0.37437390625 0.694689159375 0.382950646875 0.6945388109375 0.3882950765625 0.6840162921874999 0.38760174062499997 0.6704709609374999 0.383190003125 0.6663767640625 0.3705148828125 0.6697276046875 0.3652839484375 0.690676971875 0.37437390625 0.694689159375
0 0.1865664765625 0.7574257281250001 0.1762970890625 0.7596915140625 0.171465878125 0.774376571875 0.1758109953125 0.7795148203125001 0.185747278125 0.7824692890625 0.1936775546875 0.780244509375 0.196549634375 0.7718510953125 0.1947434890625 0.7635396875 0.1865664765625 0.7574257281250001
1 0.4296875 1 0.4296875 0.76488018125 0.4164926578125 0.7669526703124999 0.406243015625 0.7567035093750001 0.391561890625 0.7548751 0.38585722968749997 0.7466320328125 0.3774803515625 0.7436502265625 0.35186363125 0.7545281140625001 0.33484339375 0.7527407078125 0.3116990234375 0.7614894890625 0.29688465625 0.76174918125 0.282450265625 0.7682595109375 0.26197811249999997 0.7717470328125 0.24867627812499998 0.7605084953125 0.2356014328125 0.7701236421875001 0.2464777875 0.7949621859375 0.23420239375000002 0.7920487203125 0.226844578125 0.7608911968750001 0.21579548593750003 0.7631706515625 0.20441329062500002 0.7706703625 0.2126174296875 0.8007701656249999 0.1952443421875 0.8167179625 0.189159703125 0.80222425625 0.1734990109375 0.80354166875 0.15781857187499998 0.817374025 0.13897244375 0.8197901609375 0.1468632265625 0.842595271875 0.1412523140625 0.8572939984375001 0.10799154375 0.853705515625 0.10476661406250001 0.879834134375 0.0871665375 0.874928240625 0.0814890015625 0.89067101875 0.0984228703125 0.9060174234374999 0.0846818171875 0.9260730859375 0.0550062078125 0.9151215734375 0.0449169359375 0.9267701531250001 0.0447442 0.9538881499999998 0.0327821625 0.9582693765624999 0.02116015625 1 0.4296875 1
0 0.10647163125 0.8287029578125 0.10094708593749999 0.8298426843750001 0.09976765625 0.8361206625 0.1034465640625 0.851699421875 0.1258581046875 0.8544352046875 0.12641081875 0.8335678453125 0.1160279375 0.8254067890625001 0.10647163125 0.8287029578125
0 0.6374060484375 0.7978328390625 0.6337368546875 0.7978971593749999 0.6261633359375 0.8017106828125 0.6253011828125 0.8152219374999999 0.6297309203125 0.817598128125 0.6407385 0.8174051671875 0.648468771875 0.8111350515625 0.6471828187499999 0.8025691421874999 0.641992540625 0.7977524390624999 0.6374060484375 0.7978328390625
0 0.6506227499999999 0.7055820296875 0.6509914046875 0.7141640171875 0.654425465625 0.7177845828125 0.661607096875 0.720112534375 0.66986278125 0.719967815625 0.6724027765624999 0.70888099375 0.66553465625 0.7016398609375 0.6609481640625 0.7017202609375 0.6506227499999999 0.7055820296875
0 0.718412709375 0.9068357656250001 0.7080872953125 0.9106975328125 0.7036894703125001 0.9365399796875 0.7175273234375 0.935070484375 0.7232662453125001 0.9312891171875 0.7244419078125001 0.9128646843749999 0.718412709375 0.9068357656250001
1 0.9087197296875 0.5296875 0.902743446875 0.54534336875 0.8923948015625001 0.563928603125 0.8800228890625 0.5567839484375 0.8653461171875 0.5570412296875 0.8578277437499999 0.5743499265625001 0.846852078125 0.6027615265625 0.8483267 0.6370894843749999 0.8345207609374998 0.6667776171875 0.8188802265625 0.6964979125 0.8051526656250001 0.72495775 0.7933380796874999 0.752157134375 0.78138996875 0.7670896421875 0.7678191625 0.7930928890625 0.7662516109374999 0.8176588015625 0.755299178125 0.8313469328125 0.7515283734375 0.8473630156249999 0.7510348765625 0.86945625625 0.7462219343750001 0.91616365 0.74205924375 0.9383212125 0.73081653125 0.9421990578125001 0.7270457312499999 0.958215140625 0.7344392609374999 0.9715816734375 0.7205781765625 0.9877746343750001 0.7197980765625 1 1 1 1 0.5296875 0.9734648796875 0.5296875 0.9704116203125001 0.5331148703124999 0.9592472843750001 0.5357644203125 0.9486315937499998 0.529815903125 0.936526728125 0.5472050015625001 0.9362364515625 0.5373947140625 0.9334702453125001 0.5296875 0.9087197296875 0.5296875
0 0.7054632984375 0.6359130734375 0.6966822015625 0.6299323953125 0.6920957109375 0.6300127953125 0.68069624375 0.63634723125 0.678861646875 0.6363793921875 0.679442203125 0.6559999624999999 0.7008535734375 0.6507169421875 0.7054632984375 0.6359130734375