1 0 0.4796875 0.309375 0.4796875 0.309375 0 0 0 0 0.4796875
0 0.6477875 0 0.6476454234375 0.00047059843749999996 0.6670166671875 0.03484956875 0.675047140625 0.0386341640625 0.674894890625 0.0200459515625 0.6722105562499999 0.0030699515625 0.669391271875 0 0.6477875 0
0 0.8298029546875 0.06555672968750001 0.8409802124999999 0.0539911953125 0.8348051062499999 0.03256454375 0.82563546875 0.0450762265625 0.8143567125000001 0.0442496234375 0.8009293468750001 0.0474603703125 0.8170917953124999 0.06742169375 0.8298029546875 0.06555672968750001
0 0.6736992781250001 0.11823691562500001 0.67470871875 0.13049584375 0.6822654796875 0.1430348625 0.690769665625 0.1380650296875 0.6959748171875 0.12985711875 0.6938656984375 0.11651883125 0.686551428125 0.1113884546875 0.6811037875 0.112187725 0.6736992781250001 0.11823691562500001
0 0.309375 0.474090978125 0.31989006875000003 0.4716381546875 0.31663052187499996 0.4510244390625 0.309375 0.44879633124999996 0.309375 0.474090978125
0 0.49180093906250005 0.395546809375 0.48186434843750003 0.40320820625 0.4792420296875 0.41599997968749997 0.49238741875 0.422756228125 0.5023240078125 0.41509483124999996 0.5016472921874999 0.399064978125 0.49180093906250005 0.395546809375
0 0.88688471875 0.10929130625000001 0.8797621859374999 0.10537350000000001 0.8680097171875001 0.11330132343749999 0.8701695859375 0.1328356796875 0.8827397609375 0.1359542140625 0.8888021015625001 0.12141702343750001 0.88688471875 0.10929130625000001
0 0.954072284375 0.099433640625 0.9507337640625 0.1135711984375 0.9588657375 0.12974792968749999 0.9672289359375 0.12976159375000001 0.9770245390625 0.127083696875 0.9807465359374999 0.11537128125 0.975721859375 0.101220059375 0.9695072671875 0.0971690421875 0.954072284375 0.099433640625
0 0.733764184375 0.3042146640625 0.743700775 0.296553265625 0.7384843578125 0.28118946875 0.7226659015625 0.281028928125 0.719135640625 0.2939539125 0.7235851046875 0.304467421875 0.733764184375 0.3042146640625
0 0.7865826546875 0.2269858390625 0.7713394124999999 0.2304630078125 0.7714409125 0.24285514843749997 0.7733075421875 0.24878479531250003 0.7780897328124999 0.2555273796875 0.789509475 0.25137048281249996 0.7958143062499999 0.24424192968749997 0.79188930625 0.23117006718750002 0.7865826546875 0.2269858390625
0 0.793067959375 0.19749815312500002 0.7911110906250001 0.202748075 0.7964684937500001 0.21312837343750002 0.8012506828125 0.219870953125 0.8135783671875 0.215580846875 0.8116609875 0.20345513125 0.8003314796875 0.196432459375 0.793067959375 0.19749815312500002
1 1 0.4796875 1 0.1775415578125 0.9767650921875 0.1841941046875 0.961471096875 0.181475203125 0.9354735609375 0.1815674171875 0.91593310625 0.1931192890625 0.9006391125000001 0.1904003875 0.8546161453125001 0.1872271890625 0.846788675 0.2082268734375 0.8374160328125001 0.195954278125 0.819883196875 0.208452296875 0.830073540625 0.23177124531249998 0.8298423156249999 0.24793431250000003 0.8125012171874999 0.26164489999999996 0.7885620484375 0.26887933125 0.7746609734375001 0.2808445 0.7759636515625 0.3067081390625 0.7614873625 0.3150355953125 0.7434187984375 0.306520259375 0.7345818875 0.31526102031250003 0.726703665625 0.3300646359375 0.71905666875 0.3287051859375 0.7137105296875 0.34189659375 0.7334032359375 0.34893293281250004 0.7322133187500001 0.3590331390625 0.7215097765625 0.361844253125 0.7137725421875001 0.371664371875 0.6928504359375001 0.3921038765625 0.6849722125 0.406907490625 0.6800603000000001 0.4287201140625 0.6732817578125 0.4446030875 0.6755826140625001 0.459153946875 0.67796080625 0.4796875 1 0.4796875
0 0.046502159375000005 0.4796875 0.0483556609375 0.48437040624999994 0.06221725 0.48978087343750004 0.0667569515625 0.489114815625 0.06628212343749999 0.4796875 0.046502159375000005 0.4796875
0 0.021060759374999998 0.9697678765625 0.02006258125 0.98108065625 0.0273768515625 0.9862110312500001 0.039845525 0.9769374265625 0.0350125859375 0.9639987734375 0.0273655890625 0.9626393265625002 0.021060759374999998 0.9697678765625
1 0.309375 1 0.309375 0.5213894078125 0.2990316625 0.5245151703125 0.28689571406250003 0.530017846875 0.2688779015625 0.5276985843750001 0.26189635624999996 0.51879728125 0.2440702796875 0.517690590625 0.2378162015625 0.5310152109375 0.2156421625 0.5317871453125 0.207673703125 0.55777033125 0.200844409375 0.5674572359375001 0.186892584375 0.5732263375000001 0.18167616875 0.5578625421875 0.1735047078125 0.5590614484375 0.163133890625 0.5581016328125 0.1504622171875 0.5425909609375 0.13378656875 0.5487596953125 0.1327489046875 0.5774481125 0.129985596875 0.595223384375 0.1167499734375 0.599646703125 0.10189020625 0.6055490156250001 0.0982697109375 0.62965356875 0.0959406296875 0.6560500515625 0.0982414875 0.6706009125 0.10240897499999999 0.691081415625 0.09563043125000001 0.706964390625 0.0900023171875 0.730122796875 0.08767323593750001 0.7565192796875 0.0806634671875 0.7885653203125 0.0656232265625 0.81682676875 0.05311506875000001 0.8434760078125001 0.0483948921875 0.8665012031250001 0.051129978124999996 0.8896732734375 0.055539954687500004 0.91756241875 0.057699821875 0.9370967765625 0.06870786875 0.97146208125 0.053707115625 0.9823478921875001 0.047261296875 0.9944599421875001 0.04861475625 1 0.309375 1
0 0.6867126484374999 0.6029771734375 0.6923545703125 0.59371261875 0.6820725796875 0.5836206015625 0.6709852765625 0.5884111093750001 0.6692452359375001 0.6023761750000001 0.68053865625 0.6038830140625 0.6867126484374999 0.6029771734375
0 0.869094678125 0.5878189140625001 0.8740511296874999 0.58920090625 0.8768888718750001 0.5771839828124999 0.8714003515625001 0.5674432734375 0.8639225406249998 0.5601036265625 0.8531180546874999 0.5616888453125 0.8520634874999999 0.5650073625 0.85418219375 0.5784062796875 0.8541054921875 0.5879089109375 0.8606054390625001 0.5890644421875 0.869094678125 0.5878189140625001
0 0.9647148609375 0.583281034375 0.9733239390625 0.5777995328125 0.9741723906249999 0.5681836703124999 0.9730315484375 0.5609688687500001 0.9697384375 0.55512444375 0.9659995312500002 0.5514546203124999 0.9618148312500001 0.5499593984375 0.9579560859375 0.5505255484375 0.9484122812500001 0.5550895953125 0.9452485828124999 0.565045146875 0.9518348062499999 0.576733996875 0.9577691203124999 0.584300103125 0.9647148609375 0.583281034375
0 0.5499451390625 0.8666555609375 0.544662734375 0.863212196875 0.5415757390625 0.86366511875 0.540803990625 0.863778346875 0.5371082203124999 0.8653751828124999 0.5343471796875 0.8678894734375 0.53069455 0.87475296875 0.536509025 0.8865550500000001 0.5420742453124999 0.8867931265625 0.548085259375 0.8848566 0.5512489578124999 0.8749010484374999 0.5499451390625 0.8666555609375
0 0.47474511093749994 0.930418684375 0.4632887140625 0.9278811609375002 0.45463649687499996 0.9280960046875 0.44614725625 0.9293415343749999 0.4431033984375 0.9350611125 0.44408126249999996 0.9412452265625 0.44534194375 0.944224053125 0.4523308234375 0.9484716453125 0.45485218593750004 0.9544292999999999 0.46407003593749996 0.9478038812499999 0.4737768203125 0.9442705203124999 0.4765378625 0.9417562296875002 0.47474511093749994 0.930418684375
0 0.53175865 1 0.535871421875 0.9973813484375 0.5374149203125 0.9971548875 0.5400129843749999 0.9936099109375001 0.5410244109375 0.9850247359375001 0.5402095250000001 0.97987130625 0.5344381874999999 0.9733358843750001 0.5273294703125 0.9733242671875001 0.517665825 0.9821242874999999 0.4935354890625 0.9793370718750001 0.51978453125 0.9955232046875 0.5312540625000001 1 0.53175865 1
0 0.570532359375 1 0.56999135625 0.9934299171875001 0.562590246875 0.9765876375000001 0.5556013671875 0.9723400484375 0.5529601656249999 0.9706183656250001 0.54816669375 0.970267059375 0.54654649375 0.9799961515625 0.545132409375 0.9960225875 0.5482520078124999 1 0.570532359375 1
1 1 1 1 0.638291665625 0.9878097796875001 0.62945866875 0.9811468546875 0.627272453125 0.9670492562499999 0.623013246875 0.954777971875 0.6153222921875 0.9331689984375 0.6184927296875 0.9328526187499999 0.6364673078124999 0.9259068765624999 0.637486378125 0.9171779578125001 0.647203853125 0.904829975 0.6490155328125 0.8932537374999999 0.65071398125 0.8689172859374998 0.64162941875 0.8712421062499999 0.6613256812499999 0.8648284374999999 0.670703465625 0.8564590359375 0.6677130234375 0.8403721453124999 0.665854878125 0.8367962171875 0.663215740625 0.82107841875 0.6686856265625 0.816294521875 0.6883702703125 0.8108922781250001 0.6891628796875 0.8020770828125 0.6883470375 0.7887943734375 0.689241259375 0.7876535296875 0.6820264593750001 0.78008944375 0.66415349375 0.7659151421875 0.6693969203125001 0.7599904046875 0.6818667640625 0.7628808593749999 0.6951524484375 0.77267391875 0.70215240625 0.7749124625 0.71131535 0.7705312234374999 0.7235587328124999 0.7571718093750001 0.7339555875 0.758029834375 0.7443756765625 0.756495909375 0.7646380859375 0.7469952421875 0.7744687921875 0.7374945734375 0.784299496875 0.732384721875 0.8019227687499999 0.7323511593750001 0.8166920609374999 0.7255683953125 0.8187418171875 0.7200558859374999 0.8438063484375 0.7108044718750001 0.8652010578125001 0.7027801734375 0.9043438859374999 0.6904321890625 0.9061555640625001 0.6843109093749999 0.9323640140624999 0.6837979875 0.9640771984375001 0.672264890625 0.97104230625 0.6599169046875 0.9728539843749999 0.65086203125 0.9805100875000001 0.64423783125 1 1 1
0 0.7197347734374999 0.7668678359375 0.7167771890625 0.7831207328125 0.7200703015625 0.7889651578125 0.727504975 0.7910381453124999 0.7341247609375 0.787957703125 0.7409842265625 0.7764053171875 0.7345178437500001 0.7604804921875 0.727691940625 0.7572635890624999 0.7197347734374999 0.7668678359375