0 0.5402297203125 0.409375 0.5465249234375 0.40406305312499996 0.5477043515625 0.3978044765625 0.5458315875 0.390502803125 0.5408400078125 0.38320112968750003 0.5308371046875 0.3811149390625 0.5291247078125 0.3957182859375 0.530084528125 0.40510615000000005 0.531444071875 0.40823543906250004 0.5328619578125 0.409375 0.5402297203125 0.409375
0 0.553386875 0.296624146875 0.559824365625 0.2934948578125 0.5614701421875 0.27993460625 0.558817675 0.2726329328125 0.55090714375 0.26220197343749996 0.5377188046875 0.26115887656250003 0.53328731875 0.26950364531250004 0.5325544890625 0.2809777046875 0.5361667765625 0.2976672421875 0.5419380578124999 0.304968915625 0.5485087921875 0.2997534359375 0.553386875 0.296624146875
0 0.5829021156249999 0.28619318437499996 0.587113990625 0.2934948578125 0.5947111640625 0.296624146875 0.6023749578125 0.2987103390625 0.6127775875 0.294537953125 0.6153831828125 0.29036556875 0.614290121875 0.2830638953125 0.606179728125 0.275762221875 0.5976029890625 0.275762221875 0.5912987390625 0.27680531875000003 0.5829021156249999 0.28619318437499996
0 0.6150105828125 0.32061535937499996 0.6012424015625 0.3164429734375 0.5970107796875 0.32165845625 0.5879676953125 0.3289601265625 0.583736071875 0.334175609375 0.594632175 0.3466927640625 0.60860021875 0.347735859375 0.622901365625 0.343563475 0.6454461484375 0.34460657031249997 0.657854784375 0.3456496671875 0.6382487015625 0.33521870468750004 0.6236341953125 0.332089415625 0.6150105828125 0.32061535937499996
1 0 0 0 0.409375 0.352695153125 0.409375 0.355564171875 0.4030199578125 0.36649977031250003 0.390502803125 0.37859504843749997 0.3842442265625 0.3835792484375 0.3550375328125 0.398233246875 0.33313251250000003 0.4117744390625 0.3164429734375 0.4264753109375 0.3060120125 0.4269614046875 0.28619318437499996 0.44039648124999997 0.29558105 0.44224212031250004 0.278891509375 0.4532245890625 0.27784841562499996 0.46206781250000006 0.2736760296875 0.4695243640625 0.24238314375 0.464419290625 0.22465050937500003 0.45846789218749995 0.2079609703125 0.460779878125 0.1839697578125 0.4700696984375 0.185012853125 0.48225134531249997 0.16519402656249998 0.47024243437499996 0.1578923515625 0.4586603765625 0.1683233140625 0.4535750515625 0.13807352343749998 0.4605257625 0.1391166203125 0.480864675 0.13807352343749998 0.4740867015625 0.10990992656250001 0.45550705625 0.10782373593750001 0.4568863484375 0.09843587031249999 0.462477515625 0.096349678125 0.4706742765625 0.09009110000000001 0.48236982968750003 0.09009110000000001 0.488113984375 0.0734015609375 0.483588753125 0.0587982140625 0.48931316249999995 0.0546258296875 0.49251834375000003 0.041065578125 0.49948880312500005 0.0295915203125 0.506745490625 0.0014279234375 0.5072209390625 0 0 0
0 0.9392910703125 0.3675589765625 0.9309808140625 0.3633865921875 0.92149113125 0.36547278437499997 0.9208915421875 0.37486065 0.923144284375 0.3884208984375 0.9359995203124999 0.3946794765625 0.9562051921875 0.3957225734375 0.9606366749999999 0.3873778046875 0.948047925 0.3769468421875 0.9392910703125 0.3675589765625
0 0.95608930625 0.26324935625 0.9503648984374999 0.267421740625 0.9385361031249999 0.26950793281249996 0.9387828390624999 0.277852703125 0.9438410390625 0.28411128125 0.94838601875 0.2861974734375 0.9561164328124999 0.2872405703125 0.96937139375 0.2872405703125 0.9741359828124999 0.27368031875 0.9646660468749999 0.26324935625 0.95608930625 0.26324935625
0 0.94352768125 0.2768096078125 0.9341712390625 0.2768096078125 0.93221210625 0.283068184375 0.9315458968750001 0.293499146875 0.9341317437499999 0.3018439171875 0.946473759375 0.30393010781249996 0.9515517062499999 0.29767153125 0.9526645140625 0.29245605 0.9517046953125 0.283068184375 0.94352768125 0.2768096078125
1 0.7 0 0.7 0.409375 0.7409852125 0.409375 0.74047404375 0.40406734218749996 0.758940190625 0.3957225734375 0.7764267734375 0.3905070921875 0.7744010203125 0.397808765625 0.7829111390625 0.39885186250000004 0.7955788796875 0.3592142078125 0.821521328125 0.3070593953125 0.8377149875000001 0.29767153125 0.8453121593749999 0.3008008203125 0.8578540374999999 0.2997577234375 0.8502963593749999 0.271594128125 0.86332433125 0.2507322015625 0.8719676906249999 0.2496891078125 0.87920463125 0.23404266406250002 0.8732532359375 0.21735312499999998 0.8762585546875 0.2069221625 0.854446603125 0.19440500624999998 0.864755484375 0.16728450781249998 0.8551054312499999 0.147465678125 0.8611826921875 0.125560659375 0.8654611890625 0.1318192359375 0.8785829078124999 0.13390542968750002 0.880695028125 0.11304350468749999 0.8684862546875 0.10887112031249999 0.8688193609375 0.1036556390625 0.8786421484375 0.09635396562500001 0.884633040625 0.0880091953125 0.8811539953124999 0.0692334640625 0.8787211375 0.0462853484375 0.865619165625 0.0316820015625 0.864545853125 0.011863175 0.8625324109375001 0 0.7 0
0 0.6705292390625 0.6795250578124999 0.662038421875 0.6832065703125 0.65926329375 0.697932634375 0.6621487125 0.7102043546875001 0.6757514328124999 0.7126586984375 0.6874644078125 0.7016141499999999 0.68816980625 0.6905696015625 0.6814584406249999 0.6807522265625 0.6705292390625 0.6795250578124999
0 0.64934713125 0.7813803296875 0.645991446875 0.7764716421875001 0.6359011671875 0.7764716437500001 0.6280141375 0.7850618468749999 0.6263130625 0.797333565625 0.634333615625 0.8010150812500001 0.6407547046875 0.8010150812500001 0.6478028124999999 0.79119770625 0.64934713125 0.7813803296875
1 0 0.409375 0 0.85856644375 0.0050292 0.8734182296874999 0.0309805984375 0.8979616703125 0.048386034375 0.9126877312499999 0.065713090625 0.9286409687500001 0.087414740625 0.9335496562500001 0.09855584375000001 0.9458213765625001 0.11916020624999998 0.9679104734374999 0.1332883359375 0.9765006781250001 0.14778512187499998 0.9936810843749999 0.15038729374999998 1 0.1770317328125 1 0.1784478546875 0.9875452250000001 0.190999753125 0.9777278484374999 0.20871869687500003 0.9875452250000001 0.22858575 0.9924539140625 0.25421495781250003 0.9789550203124999 0.2597738921875 0.9924539156249998 0.2705463390625 0.9961354281249999 0.280715 0.9949082562499999 0.30113069375 0.9912267406249999 0.3224869203125 0.9728191625000001 0.32998206093750004 0.9703648171874999 0.345654509375 0.9691376453124999 0.3565053359375 0.9715919906250001 0.36397724375 0.9838637078125 0.39288375468750003 0.9765006765625 0.398669140625 0.9433670328125 0.4019929109375 0.920050765625 0.41187129218749996 0.9090062171875001 0.412765359375 0.9237322796874998 0.4269718671875 0.9310953140624999 0.4365367359375 0.924959453125 0.43480375000000004 0.9090062187499999 0.44546590625000004 0.8856899500000001 0.4393031828125 0.8672823718749999 0.450412371875 0.851329134375 0.46736209375 0.8157411453125001 0.486906953125 0.7826075031249999 0.49712207656249996 0.7519282015625001 0.4990350515625 0.75070103125 0.5072907359375 0.7507010328125 0.5141820890625 0.7433379984374999 0.5389491421875 0.7433379984374999 0.5375848125 0.7359749671875 0.535639925 0.7089771828125 0.530684778125 0.7003869796875 0.528191246875 0.6819793984375 0.5309663734375001 0.667253334375 0.5561804609375 0.6746163671875001 0.5666393984375 0.6832065703125 0.579246440625 0.6868880875000001 0.5827588796875001 0.68934243125 0.6021788984375 0.6868880859375001 0.6030410500000001 0.6733891953125 0.58280534375 0.6598903046875 0.5822799328125 0.6537544421874999 0.5633069484375001 0.6635718203125001 0.540185821875 0.6378012078124999 0.5449523000000001 0.6206207984375001 0.5478841812499999 0.6034403921875 0.5484328234375 0.5948501875 0.5518117390625 0.5850328109375 0.5586479468750001 0.5641708875 0.5601138875 0.5555806828125001 0.560081975 0.527355728125 0.5586624984374999 0.5064938046874999 0.56340574375 0.504039459375 0.568360890625 0.5126296640625 0.5796036046874999 0.5089481484375 0.581931696875 0.4868590515625 0.5734641125 0.4758145046875 0.5619862671875 0.48317753437499994 0.5608019234375 0.458634096875 0.5709938125 0.44268085937499996 0.5755251609375 0.42918196875000003 0.580950571875 0.430409140625 0.611825203125 0.435317828125 0.6214133078125 0.4144559046875 0.6165156734374999 0.409375 0 0.409375
0 0.0323155171875 1 0.041378518749999996 0.9936810859375 0.047666085937500005 0.981409365625 0.0453293109375 0.960547440625 0.031122801562500003 0.9531844093749999 0.016187664062500003 0.9715919906250001 0.023793096875 0.9961354296875001 0.022640665625 0.99981694375 0.023860465625 1 0.0323155171875 1
0 1 1 1 0.98689844375 0.9942617 0.9825654484375 0.9895168578125 0.9836085453125001 0.987224621875 0.995082603125 0.989483546875 1 1 1
0 0.9918090953125 0.9721344875 0.9932550078125001 0.9617035250000001 0.9910022640625 0.9481432734374999 0.981645821875 0.948143275 0.975321825 0.9617035250000001 0.976348265625 0.97004829375 0.9744557531249999 0.9752637765625 0.9732763234374999 0.981522353125 0.9776214421875 0.986737834375 0.9864646640625001 0.9825654484375 0.9897167203125001 0.9804792562500001 0.9918090953125 0.9721344875
0 0.7488893390625 1 0.74928179375 0.997168796875 0.7505944640625 0.9888240265625001 0.7416377484375001 0.9825654484375 0.734173815625 0.9773499671875001 0.7320814437500001 0.9856947375 0.735180509375 0.9982118921875 0.7380736375 1 0.7488893390625 1
0 0.7427431765625 0.9408416031249999 0.7467551890624999 0.9512725625 0.7512335484375 0.9544018515625 0.760589990625 0.9544018515625 0.7623492609375 0.9512725640624999 0.768540015625 0.93979850625 0.766733871875 0.9314537359374999 0.755304803125 0.9272813515625 0.7458151171875 0.92936754375 0.7427431765625 0.9408416031249999
0 0.7790882546875 0.8845144078124999 0.772717384375 0.8866005999999998 0.7659467890625 0.89494536875 0.7691790968750001 0.9053763312499999 0.7760631874999999 0.9074625234374999 0.7880252249999999 0.9032901390625 0.794662578125 0.8970315609374999 0.7936361390625 0.8886867921875 0.7845461796875 0.8845144078124999 0.7790882546875 0.8845144078124999
1 1 0.409375 0.7 0.409375 0.7 0.8304665984374999 0.71516493125 0.8354888859375 0.7157718984375 0.8626093874999998 0.734484784375 0.8626093874999998 0.756230115625 0.8761696359375 0.7778619515624999 0.8792989265625 0.795148671875 0.877212734375 0.8035255484375 0.8803420234375 0.8245775453125 0.880342021875 0.8397250156249999 0.8751265421875001 0.8451163203125001 0.8761696375 0.859397721875 0.8845144078124999 0.87621809375 0.8897298890624998 0.8963768921874999 0.8792989265625 0.9016349546875 0.882428215625 0.91651594375 0.8813851203125 0.9286778437500001 0.8740834453125 0.9329292109375 0.8563508109375 0.9385870000000001 0.853221521875 0.9496360921875 0.8511353296875 0.9502628062499999 0.865738675 0.9604655734375 0.8646955796875 0.9614648875 0.8490491359375 0.9697751421875 0.853221521875 0.970868203125 0.8605231937500001 0.9794251953125 0.8730403484375 0.9973115031249999 0.861566290625 1 0.8449055328124999 1 0.409375