0 0.49878391562499996 0.271709225 0.5074166015625 0.2776288859375 0.519438165625 0.2688741140625 0.5182088484375 0.262539390625 0.5124875734375001 0.252339875 0.5007925515625 0.2563498390625 0.49878391562499996 0.271709225
0 0.3918247265625 0.26688060625 0.39769692968750003 0.2714303515625 0.4131814421875 0.2676653375 0.42053543125 0.2541408140625 0.40984472656250004 0.250471084375 0.401563275 0.24636134687500003 0.3934821296875 0.24971129687500002 0.38989294375 0.2569260375 0.3918247265625 0.26688060625
0 0.017945457812500003 0.433551828125 0.024784346875 0.432302821875 0.0383617671875 0.4251379671875 0.0367812171875 0.416993321875 0.01918930625 0.409898809375 0.0166262046875 0.40837899375 0.017945457812500003 0.433551828125
0 0.32074626875 0.3698171375 0.32175058437500004 0.3621374421875 0.314322525 0.355997778125 0.30295404531250003 0.355262934375 0.2981602359375 0.3626976796875 0.3080222390625 0.374952065625 0.32074626875 0.3698171375
0 0.1119235515625 0.341425615625 0.10675381718750002 0.34049571093750003 0.0966393453125 0.3526503203125 0.098044278125 0.35989000625 0.1037408625 0.3635347921875 0.11578711562499999 0.36133475000000004 0.117142665625 0.3554649765625 0.11556211718750001 0.3473203296875 0.1119235515625 0.341425615625
0 0.119250065625 0.36632450625 0.11029083749999999 0.3651496515625 0.11119361406249999 0.37622918437499997 0.11949975625 0.386893653125 0.12361579062500001 0.38239379375000004 0.12477103437499999 0.36906432968749997 0.119250065625 0.36632450625
0 0.10248407500000001 0.39562348125 0.10577140781250001 0.39970827343750004 0.1160861859375 0.3950133546875 0.12396702500000001 0.3842037140625 0.11515872187500001 0.37737909375 0.11257385312499998 0.376914140625 0.1055217203125 0.379139128125 0.099849825 0.3820490703125 0.10248407500000001 0.39562348125
0 0.8283965234374999 0 0.8309770984375 0.006483103125 0.8405120187499999 0.0119100234375 0.854100690625 0.005445890625 0.8520318390625 0.000248378125 0.8519836390625001 0 0.8283965234374999 0
0 0.7344499703125 0.028094525 0.7223120656249999 0.031107784375000003 0.7210525453125001 0.0464709140625 0.7369013171875001 0.05711655 0.74641525 0.05697195000000001 0.75605746875 0.052025046875 0.7601322078125 0.0457055140625 0.761284425 0.0407162078125 0.7612634390624999 0.0351446875 0.75407493125 0.03088219375 0.7451371078125 0.028532140625 0.7344499703125 0.028094525
1 0.7 0.4890625 1 0.4890625 1 0.2081000265625 0.99127235 0.2042044125 0.9817374296875 0.19877749218750002 0.9799461421875 0.18954689375 0.9884151546875 0.184017778125 0.99040005625 0.16692921249999998 0.9624553562500001 0.17043987656249998 0.9422962593750001 0.1812899 0.9077601453125 0.183614934375 0.8939802265625 0.1781668125 0.8578230859375001 0.1776019859375 0.8545390562499999 0.16067922031249998 0.8259972578125 0.16111301875 0.8108738703125 0.148741946875 0.7917830453125 0.1323165859375 0.7803075625 0.11688985 0.7600855046875 0.1110253140625 0.74267866875 0.1142043765625 0.73585166875 0.1281948734375 0.7087816265625 0.130749315625 0.7 0.1372900875 0.7 0.4890625
0 0.6473128046875 0.7280856140624999 0.6361988296875001 0.7309118703124999 0.6303957640625 0.7447153625 0.6357066703124999 0.7556926015625001 0.6512359046875 0.759228284375 0.6652514109375 0.74950028125 0.662606453125 0.746797421875 0.6611137109375 0.73910525625 0.65537596875 0.7313918875000001 0.6473128046875 0.7280856140624999
0 0.5402501749999999 0.7117972187499999 0.5437488046875 0.7079723390625 0.550298240625 0.698014928125 0.5382676375 0.6906543640624999 0.5236340453125 0.69173398125 0.5176607203125 0.6991967390625 0.5187266234375 0.710152775 0.5292854765625 0.715392690625 0.5402501749999999 0.7117972187499999
0 0.45552279218749997 0.6794824890625 0.4605141625 0.683349775 0.4710520265625 0.6830181734374999 0.4853660796875 0.6748286015625 0.48022543593749994 0.6701921000000001 0.47728192812500003 0.6659508078125 0.46614696875000006 0.6632055453125 0.462499065625 0.666261209375 0.45552279218749997 0.6794824890625
0 0.3279466484375 0.5410968687500001 0.3234240859375 0.5451087515624999 0.3202449921875 0.556043584375 0.32480952812499997 0.5631747390624999 0.336371325 0.562656134375 0.34791213125 0.556566009375 0.345544734375 0.5498300625 0.3409802 0.5426989078125 0.33746058125 0.54095226875 0.3279466484375 0.5410968687500001
0 0.09913636875000001 0.6513823359375 0.10242039843749999 0.6683051 0.1176510859375 0.67030235 0.13194415312500002 0.6565412609375001 0.1294274828125 0.6490360984375 0.1368305890625 0.632550946875 0.12524780625 0.6274980343750001 0.113877259375 0.639928896875 0.10218717656250001 0.6452498062500001 0.09913636875000001 0.6513823359375
0 0.0126363203125 0.653639946875 0.0115260765625 0.6697722921875 0.015642789062500002 0.6745957984375 0.0299568453125 0.666406228125 0.03972735 0.6566570234375 0.0266728140625 0.649483465625 0.0126363203125 0.653639946875
0 0.035736559375 0.6852626359375 0.050925273437499995 0.6761168468750001 0.046766584374999996 0.6601503015625 0.019738515625 0.6738477828125 0.019183392187500002 0.6819139578125 0.035736559375 0.6852626359375
0 0.876032675 0.5272877593749999 0.8797974765625 0.520977978125 0.87891939375 0.516453175 0.8782169265625 0.51283333125 0.8731981203125001 0.506253659375 0.8599472390624999 0.5086737046875001 0.8584160734375 0.5136385171875 0.8605234718749999 0.5244980453125 0.8679515296875 0.530637709375 0.876032675 0.5272877593749999
0 0.9770949734375 0.521011903125 0.9762168890625 0.5164870984375 0.9706712296875001 0.5071925453125 0.9624144687499999 0.509637534375 0.959503059375 0.5139173890625 0.9584987421875001 0.521597084375 0.960079290625 0.5297417296875 0.971272153125 0.5295716125000001 0.9770949734375 0.521011903125
0 0.7644991109375 0.6338645859375001 0.782568490625 0.630564521875 0.7873623015625 0.6231297781249999 0.78181664375 0.613835221875 0.7559926609375001 0.615740428125 0.7598315343750001 0.629094834375 0.7644991109375 0.6338645859375001
1 0.7 1 1 1 1 0.6697258109375 0.9788427953125 0.6649959328125 0.9504092546875 0.6598814578125001 0.9338463499999999 0.6516619796875001 0.9062662015624999 0.6445175796875 0.8821736921875001 0.6489176640625 0.8669910312500001 0.6413831437499999 0.8508040515624999 0.641528315625 0.8292964125 0.6463933515625 0.783169415625 0.652943590625 0.76095930625 0.654188784375 0.75523803125 0.6439892687500001 0.7390510515625001 0.6441344421874999 0.727380721875 0.654699134375 0.7092619609375 0.6448897390624999 0.7 0.646581278125 0.7 1