0 0.056659395312500006 0.2072983875 0.06905876875 0.216972446875 0.0805347 0.21641319062500003 0.0858064 0.2114069921875 0.08587912187499999 0.205165571875 0.0734797484375 0.19549150937499998 0.0609258421875 0.19908046875000002 0.056659395312500006 0.2072983875
0 0.003060640625 0.333037596875 0.010224674999999999 0.34459714531249996 0.021646065625 0.34871895468749997 0.0362741109375 0.3460921921875 0.040531467187499996 0.33865445156249996 0.032316728125 0.3277840703125 0.019799184375 0.32825231875 0.003060640625 0.333037596875
0 0.1718368640625 0.1658176484375 0.18962611093749998 0.16034320156249998 0.189726103125 0.1517612484375 0.183612771875 0.13951253125000002 0.164854634375 0.1386545484375 0.1637948421875 0.14012389375 0.15637628125 0.15040931875000002 0.1718368640625 0.1658176484375
0 0.21275977968749998 0.1436211375 0.22447205625 0.12277726250000001 0.2100621765625 0.1066797625 0.1689157671875 0.058569284374999996 0.178841034375 0.1016089625 0.194001640625 0.14276315312500001 0.21275977968749998 0.1436211375
0 0.23196333593750001 0.10625041718749999 0.21839508749999997 0.1074078359375 0.21934579843750002 0.11530061875 0.222407009375 0.1210348890625 0.230685378125 0.12644402500000002 0.2390364703125 0.1256117421875 0.24223403281250003 0.11964334843749999 0.2392273640625 0.1092280125 0.23196333593750001 0.10625041718749999
1 0.259375 0.51875 0.259375 0.12195820625 0.2379312234375 0.1309819765625 0.223230459375 0.139850159375 0.2116545328125 0.1489913703125 0.204181434375 0.16395785937500001 0.19883700937499998 0.175205478125 0.1851233171875 0.1888457359375 0.184986965625 0.2005484015625 0.1921600875 0.2113277703125 0.1766358734375 0.20138068437499998 0.166192465625 0.20281112812500002 0.1537021921875 0.20093884375 0.130859409375 0.1926952265625 0.117209346875 0.2008742421875 0.11707299374999999 0.21257690468749998 0.132688109375 0.214722215625 0.12312269218750001 0.23028686562499998 0.11892896718749998 0.2322633609375 0.11762373749999999 0.254797503125 0.09896559218749999 0.2453575671875 0.10607508437499999 0.2615981796875 0.0770371609375 0.24812744375 0.0376830921875 0.225164665625 0.0955135015625 0.2731709328125 0.09016908125 0.2844185515625 0.0796711296875 0.2905300609375 0.0742267171875 0.3103596328125 0.0687913921875 0.3294090265625 0.06954211875 0.35446571875 0.068264159375 0.374659328125 0.061887214062499994 0.3850357609375 0.06169631875 0.40141949062500004 0.0614690640625 0.42092392968750003 0.0467773890625 0.4290119359375 0.042438220312500004 0.44347127343750004 0.056884460937500006 0.4564480625 0.034059859375 0.446644090625 0.02246575625 0.4573456546875 0.010880740625 0.46726704375 0.0316402953125 0.4753286421875 0.05665720625 0.4759525015625 0.0650173859375 0.474340040625 0.0742282875 0.48920231718749996 0.0939007765625 0.5010737953125 0.0983118046875 0.51875 0.259375 0.51875
0 0.3732726890625 0.19680317812499998 0.38887871562500004 0.1997286671875 0.39308153125 0.1969719921875 0.39006577187499997 0.18733683437499998 0.381769221875 0.183488053125 0.3744688375 0.18363116875000002 0.3660632046875 0.18914451875 0.3732726890625 0.19680317812499998
0 0.6222168124999999 0.039711628124999995 0.6430218171875 0.0438723390625 0.6534561359375 0.0432220734375 0.6535833984374999 0.0322995859375 0.6484389609375001 0.0263833 0.6349070718750001 0.02442000625 0.631773140625 0.02492715625 0.6232947875 0.0366819265625 0.6222168124999999 0.039711628124999995
0 0.7669829484374999 0.05392222343750001 0.77335989375 0.043545790625000004 0.7693207015625 0.03225926875 0.7547835609375 0.02708425625 0.737021584375 0.030218170312499997 0.7348110937500001 0.0409586375 0.734783821875 0.043299171875 0.7357618046875001 0.0488514234375 0.737808671875 0.052154151562499994 0.744012903125 0.05660109375 0.75547974375 0.0568220125 0.7669829484374999 0.05392222343750001
0 0.38891288749999997 0.46526207187499996 0.38670239687499997 0.47600254062499997 0.3990835890625 0.48723695625 0.4178599078125 0.486534584375 0.42414595312500003 0.483959928125 0.42428230625 0.47225726406249996 0.41392979687500003 0.46588593125 0.3993835671875 0.46149109531250004 0.39207408906249996 0.46241438749999997 0.38891288749999997 0.46526207187499996
0 0.41898709375000004 0.3897925625 0.44093370624999995 0.3854623296875 0.4420116796875 0.38243262968749997 0.432800778125 0.3675703515625 0.405700640625 0.3667644765625 0.402484896875 0.374293225 0.40346287968750005 0.3798454765625 0.41898709375000004 0.3897925625
0 0.451995246875 0.33097981249999997 0.4594501671874999 0.317573678125 0.450130184375 0.31207353125 0.4283199265625 0.30470110156249997 0.4208922765625 0.315766703125 0.427060146875 0.3233343546875 0.43218640468749997 0.33081099687500004 0.4519679765625 0.33332034374999997 0.451995246875 0.33097981249999997
0 0.398113128125 0.30206184375 0.40217049843749997 0.3117880078125 0.415711478125 0.31297112656250003 0.419941565625 0.3078739171875 0.42007791875 0.2961712546875 0.41282298281249996 0.29241348125 0.4045991546875 0.28232327968750004 0.36206570312499997 0.26376853906250003 0.3972351359375 0.2879276359375 0.398113128125 0.30206184375
0 0.6759353109374999 0.08267279375 0.677882184375 0.094557475 0.6861514625 0.100746790625 0.6996924421874999 0.10192990625000001 0.70397706875 0.0921516328125 0.6875294140625 0.071971228125 0.6759353109374999 0.08267279375
1 1 0.51875 1 0.135797040625 0.9985265140624999 0.1374115984375 0.9776942390624999 0.13559141875 0.9724134484375 0.1413777953125 0.9620518515625001 0.135786640625 0.949588846875 0.1315738234375 0.932832125 0.13791945625 0.9347335484375 0.1537050265625 0.92630064375 0.16155890781249999 0.9232848875 0.15192375 0.9181586296875001 0.1444471078125 0.8995641140625 0.12954592812500001 0.883903546875 0.131301503125 0.8826801296875001 0.146814046875 0.86807935625 0.14710027812499998 0.86608703125 0.1391164828125 0.8745653843750001 0.1273617125 0.8621478296875 0.1192480078125 0.8475288781250001 0.12109459375 0.8474197953125 0.130456725 0.8452274843750001 0.1396368375 0.79625345625 0.1369197734375 0.791199921875 0.12320171093750001 0.7724508734375 0.12156355 0.7681844265625 0.12978146562499998 0.7545707234375 0.13483977187500001 0.7460378296875 0.15127560625 0.730459075 0.1460095859375 0.7323877671875 0.15945462187499998 0.7114009593749999 0.17089746249999999 0.6966729234375 0.18210617812500002 0.6892180031249999 0.1955123125 0.6516926359375 0.194576525 0.64221811875 0.20233939687500002 0.6265211921875 0.20721568281249997 0.596078046875 0.2248610421875 0.57108840625 0.22189665 0.5626827734375001 0.22740999999999997 0.55134319375 0.21626659374999999 0.5252664890625001 0.2171120796875 0.5199129765625 0.22913987656249998 0.5354553734375 0.2375266078125 0.5457987890625 0.24467811875 0.5477820234375 0.253442090625 0.518498665625 0.2610361484375 0.49650660156250004 0.2692672703125 0.4674505 0.2573568890625 0.4537822578125 0.26709625937500003 0.457721459375 0.28696473437500003 0.477475759375 0.29181461406250003 0.4804006140625 0.30925154843749997 0.48128769687500006 0.322605575 0.4708624671875 0.3224756625 0.46553622656249993 0.332162928125 0.45483829218749994 0.35543834375 0.4588411234375 0.3698455765625 0.4442585296875 0.3685714515625 0.43899592031250007 0.372797471875 0.45435651093749996 0.39678775625 0.4572631875 0.41578504374999997 0.44661979531250007 0.4343793953125 0.4548618015625 0.44290924218749994 0.45477090000000003 0.45071101718750006 0.42873055625 0.44843579531250005 0.41927422031250006 0.45463831250000003 0.42743441718749997 0.4701897578125 0.448093978125 0.48683330937499997 0.462467496875 0.5060515203125 0.4684169296875 0.51875 1 0.51875
0 0.0455008890625 0.8308877390625 0.05165058125000001 0.8400157468749999 0.065191559375 0.8411988625 0.070481440625 0.834632309375 0.0705632515625 0.8276107109374999 0.063353765625 0.81995205 0.0550481265625 0.8168834468749999 0.048762084375 0.8194581015625 0.0455008890625 0.8308877390625
0 0.43682264687500005 0.5668122125 0.45656785781250003 0.5724422703125 0.46600601406250003 0.56780010625 0.46828922500000003 0.5508182171875 0.45479369687500004 0.5457342140625 0.44644260625000004 0.5465664984374999 0.441179996875 0.5507925203124999 0.43682264687500005 0.5668122125
0 0.3822731828125 0.6846586375 0.3863487359375 0.6928244484375 0.3967012421875 0.69919578125 0.4133397921875 0.7029924578125 0.418611490625 0.697986259375 0.4166737078125 0.6853213984375 0.4084135203125 0.6783519078125 0.3822731828125 0.6846586375
0 0.43297215937499994 0.8077960765625001 0.4245937984375 0.8109688921875 0.41204898281249996 0.8137776734375001 0.4036251703125 0.820851378125 0.41293606406250005 0.8271317015624999 0.4326812734375 0.8327617593750001 0.452444665625 0.8368314609375 0.45260828750000004 0.822788265625 0.44856000468749996 0.8122819203125001 0.43297215937499994 0.8077960765625001
1 1 1 1 0.51875 0.5989937484375 0.51875 0.5862461078125 0.5392572546875 0.5747792671875 0.539036334375 0.5745974625000001 0.5546398859374999 0.5652138484375 0.55460098125 0.5393007671875 0.5414032734374999 0.5257143375 0.5441210453124999 0.51208245625 0.5507397046875 0.4994467375 0.5613502625 0.5160216562500001 0.5706081796875 0.50954471875 0.5895665671875 0.509390184375 0.602829584375 0.4813756953125 0.5910102140625 0.5020079859375001 0.6099942984375 0.48104844843749994 0.6190966062500001 0.4656878578125 0.5951063234375 0.44181255156250004 0.5859915203125 0.3858835640625 0.5537708218749999 0.43957478906249997 0.5990725203125 0.451919621875 0.6134276468750001 0.47890158750000006 0.62437583125 0.47457151093750005 0.6380549921875 0.4577875171875 0.6467411578125 0.46080327499999996 0.656376315625 0.45748753906249995 0.67248701875 0.4551679671875 0.6925896171875 0.4446518359375 0.70026148125 0.44030357656249997 0.715500996875 0.4537263828125 0.726826421875 0.4546316453125 0.73862009375 0.4420413765625 0.7453297624999999 0.4523211609375 0.757942515625 0.45215753750000004 0.7719857125 0.43736587031249996 0.7886556718750001 0.448614546875 0.8076008546875 0.4568383765625 0.8176910578125 0.4660129140625 0.8356740453124999 0.47826684375 0.8578309468749999 0.48543087812499996 0.8693904937500001 0.48837391406249997 0.8852670734375 0.49237674687500005 0.8996743046875 0.49532887500000006 0.91477070625 0.5118401625000001 0.9294898671875 0.5314762890625 0.94448205625 0.54796030625 0.96154175 0.563466340625 0.97304919375 0.5767891546875 0.9929565703125001 0.5900108859375 1 1 1