0 0.11003073906250001 0.118643059375 0.0974820640625 0.096194196875 0.09120471875 0.0975320671875 0.0831338453125 0.0992521859375 0.0750629734375 0.1009723078125 0.075778578125 0.1083567859375 0.0874334984375 0.11843447343749999 0.10626252656249999 0.1269831609375 0.11003073906250001 0.118643059375
0 0.21666705625 0.04943785 0.21585786406250002 0.058403471875 0.211820925 0.06554468125 0.21791711249999998 0.0717824171875 0.22760035625000002 0.0772556546875 0.2413205375 0.07558768125000001 0.23675215624999998 0.055206501562499996 0.22841556093749998 0.0431654265625 0.21666705625 0.04943785
0 0.30559773749999997 0.14856394687500002 0.3119626546875 0.1560005734375 0.32245208125 0.165070490625 0.33231648125 0.162968121875 0.3498018671875 0.165522346875 0.3488175328125 0.156938971875 0.3383311109375 0.135306753125 0.32255168125 0.12359577968749999 0.3198613890625 0.1241691546875 0.3082034640625 0.126653771875 0.3035384875 0.1351849984375 0.30559773749999997 0.14856394687500002
0 0.59873381875 0.15266557812499998 0.5969432984374999 0.140485525 0.592553065625 0.125091040625 0.5772205125000001 0.11956565625 0.571030740625 0.129678025 0.5694153625 0.1350469703125 0.5715651890625 0.1446381140625 0.57810825625 0.1570614390625 0.5860885484375 0.159129121875 0.59873381875 0.15266557812499998
0 0.1835596984375 0.5011767218750001 0.18356270624999999 0.48861442187500004 0.174776228125 0.4829500578125 0.16535870625 0.49123801718750004 0.1714518875 0.510038053125 0.1835596984375 0.5011767218750001
1 0.609375 0.5390625 0.609375 0.212410184375 0.5917483234375001 0.20911164062499998 0.5834456875 0.1863231078125 0.5653826859375 0.18056314843750002 0.5586687609375 0.20761985468750002 0.538850284375 0.2118437046875 0.5240621421875 0.2171309359375 0.509579409375 0.2202175953125 0.49258151093749997 0.222772565625 0.4863320921875 0.21983351875 0.47078425625 0.21460525000000003 0.4628563546875 0.2184303828125 0.45340395468750005 0.222580425 0.439683471875 0.225504628125 0.4340372046875 0.25019830625 0.4296151375 0.25541173281249996 0.421304834375 0.26465706875 0.4129200953125 0.26644408125 0.40339325937500004 0.2631358015625 0.39607106718749996 0.28391569843750003 0.39401529687500003 0.2747441671875 0.37763333125 0.2515420734375 0.359413790625 0.2628993375 0.361310465625 0.2998660453125 0.3665641046875 0.323304403125 0.359395896875 0.33764503437500004 0.3580253828125 0.33153068124999996 0.3465197671875 0.3158312359375 0.3314262125 0.32331904218749996 0.3336308546875 0.347407221875 0.33073073124999997 0.36297369375 0.3466533015625 0.394815625 0.332550415625 0.4031600359375 0.3277382765625 0.44582753906250006 0.3210192375 0.49424015781249997 0.31026820312500003 0.510412128125 0.2922000890625 0.5260080828125 0.2940388734375 0.5390625 0.609375 0.5390625
0 0.8522075796875 0.0597275578125 0.853963053125 0.0497437484375 0.8492406859375 0.035801834375 0.83910303125 0.0368947 0.8323942171875001 0.042595493750000005 0.82774373125 0.0467898609375 0.82865740625 0.050866095312500005 0.830713178125 0.0600376265625 0.837876275 0.067052909375 0.8522075796875 0.0597275578125
0 0.7917410359375 0.1569661578125 0.792118325 0.172901865625 0.79722309375 0.18142357343749999 0.808959684375 0.18746411875 0.8222233296875 0.1825017984375 0.8161304484375 0.16244553125 0.8041654390625 0.1553859234375 0.7917410359375 0.1569661578125
0 0.65159518125 0.3726219734375 0.6504505296875001 0.37820463437499996 0.65502146875 0.387907859375 0.6698840453125 0.39007895000000004 0.6737722828125 0.38604703906250004 0.670345996875 0.370761153125 0.6567050609375 0.3597877671875 0.65159518125 0.3726219734375
0 0.77327518125 0.2420500578125 0.782114203125 0.25297912031249997 0.782573596875 0.24433928124999998 0.791035328125 0.2393326359375 0.7918001343750001 0.22849222187499998 0.7909634484375 0.22119635468749999 0.7829611125 0.2175631609375 0.775338621875 0.21918771874999998 0.7732777375 0.23137210156250002 0.77327518125 0.2420500578125
1 0.8375714671875001 0 0.8740125031249999 0.035861 0.8814014625000001 0.054573298437499994 0.9054829078125 0.0729312 0.8973240328125 0.08641523125 0.8801772625 0.07405355 0.89107205625 0.09415414062500001 0.8764353406250001 0.1036800671875 0.8735377718749999 0.1085685796875 0.8579873796874999 0.1140182703125 0.848157690625 0.10223260468749999 0.8356562953125 0.10703246875000001 0.8402221203125 0.13809160468749998 0.8446390749999999 0.15423409375 0.8535550875 0.161943521875 0.8479883687499999 0.1727396109375 0.839678065625 0.18198494999999998 0.82191280625 0.20605828437499998 0.803621384375 0.1992792671875 0.7860177765625 0.18487946718749998 0.7701645296875 0.18185177187499998 0.7517216828125 0.1708340625 0.735637459375 0.177465265625 0.7215345734375 0.1858096765625 0.7334225921875 0.1960889140625 0.7517884484375 0.21032625781249997 0.7787700203125001 0.213117690625 0.8010241140625001 0.22332312031249998 0.7991916484375 0.2365265640625 0.79499544375 0.253437003125 0.7895031625 0.2716914171875 0.7854583859375 0.2928405515625 0.7920825390624999 0.3223932609375 0.787660471875 0.3276066875 0.786895665625 0.3384471 0.7923802828125 0.3522265578125 0.8060982093750001 0.359980309375 0.7988555640625 0.36686261875000004 0.7875758125 0.362860190625 0.7739323203125 0.3625647609375 0.7359789640625001 0.34289236875 0.7185267843750001 0.33273126249999996 0.67844321875 0.29642901718750003 0.6740211515625 0.301642440625 0.6960417140625 0.332184728125 0.675691965625 0.3269121359375 0.6730228140625 0.3328197109375 0.7071674828125001 0.34262642187500003 0.712195259375 0.3543677625 0.722104496875 0.3522558390625 0.7689738671875 0.379637659375 0.7761369625000001 0.3866529390625 0.7692767218750001 0.38811504218750004 0.7524328078125 0.38423074375 0.7490732875 0.4084370546875 0.7524995734375001 0.4237229390625 0.7723154937500001 0.430177046875 0.778713784375 0.448032740625 0.7983808328124999 0.4395702 0.7976160265625 0.4504106109375 0.8038603343749999 0.47470557187500007 0.8090369828125 0.501363559375 0.792801334375 0.5037560703125 0.798054971875 0.527194428125 0.7978239968749999 0.5368533265625001 0.7984358421875 0.5390625 1 0.5390625 1 0.0107169390625 0.992312534375 0.014919051562499999 0.9758484656249999 0.016292503125 0.9654798343750001 0.0270442671875 0.9561018703125 0.0386526359375 0.940551478125 0.0441023234375 0.9329289875000001 0.045726881250000004 0.9282015093750001 0.053140879687499996 0.9125741250000001 0.0618102015625 0.8950475093750001 0.0441907703125 0.87828314375 0.0264088828125 0.8417891140625 0 0.8375714671875001 0
0 0.17649993749999998 0.6054860953125 0.16567958124999999 0.592843828125 0.160723684375 0.59923876875 0.1583599453125 0.6029457703125 0.15363246875 0.61035976875 0.15797498593749998 0.6190439328124999 0.170473825 0.624922021875 0.17604054375 0.614125934375 0.17649993749999998 0.6054860953125
0 0.24195336093750003 0.690836146875 0.2527018390625 0.6853421328125 0.2556019640625 0.6697756609375001 0.2453154359375 0.655951878125 0.242723278125 0.65863981875 0.23510078750000002 0.6602643765625 0.22762972499999998 0.6661276265625 0.2246551640625 0.6742357718750001 0.227930021875 0.685282965625 0.24195336093750003 0.690836146875
0 0.35820784375 0.6180108375 0.3728420046875 0.6191628703125 0.376884225 0.6086916953125 0.3680477578125 0.5870846750000001 0.36240660468749997 0.5904224390625 0.3603482765625 0.591928865625 0.35310563125 0.5988111734375 0.3537883328125 0.61254630625 0.35401675312499997 0.613565365625 0.35820784375 0.6180108375
0 0.1985642625 0.7716221890625 0.1917014640625 0.7837622468750001 0.193374834375 0.798353984375 0.201071759375 0.80418775 0.211971665625 0.802932428125 0.2167761359375 0.792298796875 0.21273902812499998 0.7814140609375 0.20877635468750003 0.777987646875 0.1985642625 0.7716221890625
0 0.186807221875 0.8510052968749999 0.17804519375 0.836856603125 0.1736231265625 0.842070028125 0.1695064703125 0.84508288125 0.1672171671875 0.8562482046875001 0.170417590625 0.8598370734374999 0.183907096875 0.8665717687499999 0.187566915625 0.8615207968749999 0.186807221875 0.8510052968749999
0 0.0717282671875 1 0.07305001093749999 0.99910799375 0.0720619 0.987573434375 0.0655096265625 0.9761570062499999 0.058877803124999996 0.9786381656250001 0.0519405703125 0.9833199 0.050339081249999994 0.98686444375 0.050870354687499994 0.9963608859375 0.054301229687499994 1 0.0717282671875 1
0 0.797272940625 0.7242727906249999 0.8114502609375001 0.72338670625 0.8119096546875 0.7147468671875 0.8061966203125 0.69994835 0.79537370625 0.6979840375 0.7892757140625 0.699283684375 0.7856928875 0.701115021875 0.7857673234375 0.7085733453125 0.7895760140625 0.718439025 0.797272940625 0.7242727906249999
0 0.609375 0.787871846875 0.610211396875 0.7876309359375 0.6314003859375 0.789521440625 0.6356684718750001 0.79074728125 0.6471766421875 0.79576876875 0.6619622296875 0.80115949375 0.6637921375 0.7986340078125 0.6636407109375 0.7943953171875 0.6593007484375 0.7750331953125 0.647715584375 0.7732313390625001 0.6378063453125 0.7753432640625 0.6233236140625 0.7784299234375001 0.609375 0.7752481125 0.609375 0.787871846875
0 0.7585292156250001 0.82222038125 0.7570021609375 0.8332232484375 0.7683563484375 0.8446840015625 0.7811605984375001 0.8483615203125 0.78207683125 0.8417597984375 0.7811657109375 0.82700560625 0.7659232859375 0.8195767640625 0.7585292156250001 0.82222038125
0 0.8402336234375 0.841110178125 0.8413038374999999 0.8280691906250001 0.838562809375 0.8158404828125001 0.8281992890625001 0.8052363343750001 0.8212620562499999 0.8099180671875 0.8143992578125001 0.8220581265625 0.8124153656249999 0.8310228765625001 0.8155387984375 0.837831378125 0.8254454796875 0.8463974109375 0.8360399749999999 0.8473426625 0.8402336234375 0.841110178125
0 0.9050787796875 0.9201834171875 0.91468005 0.930950021875 0.9246662796875 0.9256184656249999 0.928326096875 0.920567496875 0.9271095656250001 0.9080138765625 0.9235292968750001 0.8991672578125 0.920328871875 0.8955783890625 0.910648053125 0.898709371875 0.906300421875 0.911381121875 0.9050787796875 0.9201834171875
0 0.8875881171875001 0.7682803421875001 0.8887744015625 0.7643375499999999 0.8883841265625 0.744125925 0.882723190625 0.73426253125 0.874884821875 0.7423905359375 0.8692194703125 0.750977903125 0.8750755437500001 0.770947109375 0.8875881171875001 0.7682803421875001
0 0.9498713953125 0.547445625 0.9371614749999999 0.549231959375 0.931562640625 0.5550376765625 0.9341946578125 0.563701634375 0.9575057921875001 0.5661133328125 0.95553233125 0.55730901875 0.9498713953125 0.547445625