0 0 0.171736990625 0.0061173468750000005 0.17107999062499998 0.0055660140625 0.157535571875 0.001977040625 0.14611128125 0 0.14578484375 0 0.171736990625
0 0 0.2880968171875 0.010129082812499999 0.2888213234375 0.0152965203125 0.2814645296875 0.015525803125000001 0.2679110203125 0.01058765 0.26171430625 0.0089840078125 0.2606906109375 0.00022759843749999999 0.256623115625 0 0.2565262625 0 0.2880968171875
0 0.189792603125 0.059491478125 0.17937290781249998 0.0721213125 0.1864660359375 0.0928861359375 0.2003474734375 0.0885549578125 0.204624296875 0.059318720312499996 0.189792603125 0.059491478125
1 0.237761940625 0 0.2366812265625 0.002657225 0.2499344578125 0.021265551562500002 0.2472360984375 0.031720703125 0.22459825000000003 0.0319843875 0.23052906874999998 0.0433814 0.22144132343749998 0.06954655781249999 0.21085198906249997 0.07800888125 0.1996940890625 0.0916896859375 0.19613029375 0.100070175 0.194594240625 0.1198931375 0.195739315625 0.14802385 0.180423878125 0.15549885000000002 0.1718795171875 0.15664074687500001 0.1616294640625 0.1734380921875 0.154018128125 0.1975013109375 0.14627956250000002 0.21843889375 0.135206484375 0.234203453125 0.12573704531250002 0.250991709375 0.1255501734375 0.265587096875 0.115529403125 0.268830934375 0.100570478125 0.2658780578125 0.087367603125 0.2868792859375 0.08638288281249999 0.3202466703125 0.096259190625 0.3326401 0.0987534453125 0.355543234375 0.097047753125 0.3711986859375 0.0876803671875 0.3713077953125 0.0818595453125 0.38179931875 0.0922620078125 0.387932384375 0.10475185468749999 0.38778690625 0.1047346234375 0.40654980625 0.090598725 0.40462971562499994 0.08034867031250001 0.4214270625 0.0880527734375 0.43801528125000005 0.1124214921875 0.4419009265625 0.11649421093750001 0.4460229765625 0.11358379999999998 0.4512687390625 0.1012635921875 0.45558173125 0.09050461875 0.459876540625 0.085718871875 0.4766102390625 0.085532 0.491205628125 0.082053025 0.5016698734375 0.0821206125 0.52251653125 0.0793374328125 0.5308879265625001 0.0801153984375 0.55 0.359375 0.55 0.359375 0 0.2890856328125 0 0.293436871875 0.0155469796875 0.2848076921875 0.014605118750000002 0.2759664609375 0.0084538671875 0.27128276875 0.008508423437499999 0.2663022046875 0.0012698296875000002 0.2654112328125 0 0.237761940625 0
0 0.526738196875 0.23144838124999997 0.5299428265625 0.218064828125 0.5191346765625 0.1981713484375 0.5123834953124999 0.22022564218750001 0.526738196875 0.23144838124999997
0 0.5126777421875 0.05367648125 0.5144218640625 0.07650217499999999 0.5155813296874999 0.0873360671875 0.5188311828125001 0.1047363625 0.5287393703125 0.10788466249999999 0.53838204375 0.10450863749999999 0.532015734375 0.0882642078125 0.5200535828125 0.05467846875 0.5126777421875 0.05367648125
0 0.5880634203125 0.2638520578125 0.574639609375 0.26202200625 0.57148759375 0.27710000625000003 0.5695748671875001 0.2901771609375 0.5813336421875 0.29874343125 0.592472740625 0.2920862671875 0.5966964984375001 0.27571848593750004 0.5880634203125 0.2638520578125
0 0.620054871875 0.26891895312499997 0.609792584375 0.2570715421875 0.5934856515625 0.2495671046875 0.60453284375 0.2680118625 0.6132987109375 0.2831404546875 0.6218432609375 0.292832053125 0.630627003125 0.2883781453125 0.6259342296874999 0.273202109375 0.620054871875 0.26891895312499997
0 0.7100349015624999 0.2569918203125 0.7211740609375 0.25033465781249997 0.721280403125 0.23292696875000002 0.716808940625 0.22318786249999997 0.70956595 0.2254480265625 0.702676934375 0.236407325 0.7015346125 0.24838759531250001 0.7100349015624999 0.2569918203125
0 0.40409149062500005 0.369345965625 0.4137604890625 0.3866398578125 0.41420311718749997 0.39751375625 0.4266040453125 0.40377348281250003 0.43199197656250005 0.394042846875 0.435445390625 0.37877192656249997 0.4287513640625 0.37449825937500003 0.41608945625000004 0.36376668749999996 0.40409149062500005 0.369345965625
0 0.44861500625 0.3940006921875 0.46116756875 0.4100215953125 0.46962359375 0.41753840625 0.48424243125000005 0.416280240625 0.48289667031250005 0.40324103750000007 0.4711821578125 0.3957621421875 0.4596889609375 0.3937202359375 0.44861500625 0.3940006921875
0 0.48332142187500005 0.43369744062500004 0.47616689218749997 0.4381324109375 0.47660952187500005 0.4490063125 0.48438372812499997 0.4597948140625 0.49334452031250003 0.45969044062500003 0.4943844515625 0.44240911406250005 0.48332142187500005 0.43369744062500004
0 0.5153307515625001 0.41918183437499995 0.5094070703125 0.41381130468749994 0.498507225 0.4063229171875 0.49104285625 0.40314615312499996 0.47932387187500003 0.3977214609375 0.4841096421875 0.4130180765625 0.4946375703125 0.43138985312499994 0.50798129375 0.43884973125000004 0.5199792609375 0.43327045468750003 0.5153307515625001 0.41918183437499995
0 0.517172828125 0.38434739218749997 0.508461515625 0.38786565781250004 0.5081055734375 0.4018595203125 0.5134801625 0.4137638625 0.5265583734375 0.41469945781249995 0.53571409375 0.3993621203125 0.530383765625 0.38854515312500004 0.517172828125 0.38434739218749997
1 1 0.55 1 0.39995881718750004 0.9875709765625 0.387794134375 0.9736517750000001 0.366198153125 0.9528436796875 0.3555614671875 0.9409964421874999 0.3448204078125 0.9276083906250001 0.336273115625 0.9180278609375 0.3211540328125 0.90409084375 0.3191405953125 0.8980344328125 0.31050785937500003 0.8812814953124999 0.319406275 0.866990375 0.3086936359375 0.8482541203124999 0.308911875 0.8460937562499999 0.2958821640625 0.8563297203125 0.28705970000000003 0.848661915625 0.2588634671875 0.83756714375 0.266608046875 0.8242940671875001 0.2809054109375 0.8140759171875 0.2701453734375 0.803220396875 0.26374438125 0.793976028125 0.2769069328125 0.7821730515625 0.26725326875 0.7709190421875001 0.2510657703125 0.7576459671875 0.2653631359375 0.76795251875 0.2782979609375 0.7646318921875 0.296831021875 0.7464004703125 0.28942805312500003 0.7440187890625 0.2709613921875 0.7318880359375 0.2732785109375 0.7059973140625 0.2779316984375 0.6976118765624999 0.2921721359375 0.6789198843750001 0.29347776875 0.6691444859375 0.29359162968749997 0.6508508609375 0.3046837671875 0.6450157671875 0.301488025 0.63526669375 0.32227182499999996 0.625163578125 0.3343564265625 0.61042976875 0.3127699328125 0.6140244812500001 0.3410136109375 0.6063830640625 0.3334873125 0.5993170593749999 0.34009701406250004 0.6002023140625 0.3618448125 0.588797640625 0.36197765312499997 0.5848310124999999 0.3446174046875 0.5715314874999999 0.3382448375 0.561295584375 0.3470673203125 0.5508383078125 0.350452875 0.559187928125 0.375377396875 0.5722039375 0.39480809843750003 0.5630039546875001 0.40905802343750003 0.548960475 0.424452296875 0.5261775140625 0.445387846875 0.5018981296875 0.46960458125000004 0.4832767890625 0.4926675203125 0.47949565937500005 0.519909203125 0.4787517015625 0.5416759796874999 0.4762225625 0.55 1 0.55
1 0.359375 1 0.359375 0.55 0.3195501640625 0.55 0.3128473359375 0.5528788703124999 0.3062459 0.5633794875 0.3177682578125 0.5778384875 0.3040140515625 0.5852953000000001 0.295724153125 0.5926884671875 0.2870525609375 0.5907047265625 0.2780668671875 0.600190740625 0.267223071875 0.6024017921875 0.257414353125 0.6108550218750001 0.247962146875 0.608880375 0.243744965625 0.6203955921875 0.242166503125 0.639176678125 0.238687528125 0.649640921875 0.23157716874999998 0.647638996875 0.21410675625 0.6405458875 0.2010059359375 0.644867971875 0.1970008046875 0.661592578125 0.1898480359375 0.6585487765625 0.17991208593750002 0.6638763703125 0.18037859843749998 0.67533703125 0.18523193124999998 0.6794499875 0.19542234218750001 0.680373665625 0.193504596875 0.690819725 0.18829475 0.6971346421875 0.175932134375 0.7004057578125 0.16578413281249998 0.7005239609375 0.1564591578125 0.701674946875 0.14738864375 0.70907720625 0.14487715625 0.70493696875 0.14202638750000002 0.6924617078125 0.12957895 0.6936490671875 0.12367330781250001 0.7020568328125 0.12509007656249999 0.7176759140625 0.138360540625 0.7175213421875 0.1378767953125 0.7248235828125 0.1344402296875 0.7363297046875 0.123579203125 0.757303659375 0.1189206875 0.7771629921875001 0.12111807187500001 0.79277298125 0.12196627499999999 0.8136105468749999 0.11399047968750001 0.8095339578124999 0.090716478125 0.7941694671875 0.0728219640625 0.776657571875 0.0652278625 0.7819578890625 0.0825962203125 0.8057301453125 0.10139857968749999 0.8263585828125001 0.1067608359375 0.8429740796875 0.1088309890625 0.8554584328124999 0.0966380140625 0.8628970609375 0.0864476015625 0.8619733859375 0.0766388828125 0.870426615625 0.074551496875 0.8767051640625001 0.077529496875 0.892306059375 0.085505290625 0.896382646875 0.0890094453125 0.90572318125 0.0994543171875 0.9128981249999999 0.1021354453125 0.9212058734374999 0.095746059375 0.9369158796875 0.1023726734375 0.94622004375 0.10574959843750001 0.9524349437499999 0.105520315625 0.965988453125 0.104425596875 0.9774673 0.0908582609375 0.9703287249999999 0.08446887656249999 0.9860387312500001 0.0990712859375 0.9994194828125 0.0967294390625 0.9994467593749998 0.096674328125 1 0.359375 1
0 0.03948344375 0.8593933015624999 0.0416132390625 0.854156634375 0.0365902640625 0.8458761625000001 0.020850725 0.842932378125 0.00914149375 0.8430687671874999 0.0065703640625 0.856649553125 0.0168880046875 0.8606988640625 0.029377853125 0.8605533828125 0.03948344375 0.8593933015624999
0 0.189942140625 0.6033019515625 0.1850291671875 0.616910015625 0.1854108578125 0.6262869203125 0.20214306406250002 0.634431003125 0.211951784375 0.625977775 0.20715809218749998 0.6041437937499999 0.20143932343749998 0.597956171875 0.189942140625 0.6033019515625
0 0.254852509375 0.567105228125 0.2516876375 0.56609971875 0.24248989375000002 0.5703763421875 0.24555271250000002 0.58806099375 0.2598158421875 0.593106721875 0.2674523546875 0.5888482828125 0.2692852796875 0.576318465625 0.2650853296875 0.56907078125 0.254852509375 0.567105228125
0 0.279158571875 0.55 0.27915364062500003 0.550144215625 0.2840917953125 0.556340928125 0.2906335890625 0.5635613375 0.2981004640625 0.5551353859375 0.29959568281250004 0.55 0.279158571875 0.55
0 0.4430500515625 0.6419416578125 0.4506441546875 0.6366413421875 0.45017764375 0.62518068125 0.4422018484375 0.6211040953125 0.43144287343750004 0.6253989015625 0.430136103125 0.6316683546874999 0.43047538437500005 0.6400033828125 0.4430500515625 0.6419416578125
0 0.3918249625 0.7457331734375 0.39980075937500004 0.7498097625 0.408998503125 0.7455331390625 0.41330050468749996 0.7361016796875 0.408973325 0.7257283593749999 0.4030425046875 0.714331346875 0.3956180421875 0.723799175 0.3840784515625 0.7281030765625001 0.38528316875 0.738512765625 0.3918249625 0.7457331734375
0 0.44577225 0.747189546875 0.4539176859375 0.7554336484374999 0.46796876562499995 0.7552699828125 0.47638589375 0.751002453125 0.4813412796875 0.738436265625 0.47359476718749993 0.7208061671875 0.46340435625000004 0.7198824921875 0.45581025156250005 0.7251828078125 0.44834337968749993 0.7336087609375 0.44577225 0.747189546875
0 0.5188691249999999 0.8161770640625001 0.51131743125 0.8225192578125 0.5043343015625 0.8236429703124999 0.504885634375 0.8371873859375001 0.5122928640625 0.8464824578125001 0.5245706609375 0.8411275874999999 0.529441228125 0.82647764375 0.5259794828125 0.8181789875 0.5188691249999999 0.8161770640625001
1 1 1 1 0.55 0.630648984375 0.55 0.6312897171875 0.5657406375 0.631823815625 0.5980479546875 0.6159822234375 0.611783315625 0.6085829390624999 0.6410559250000001 0.5901450390624999 0.6485672921875001 0.5954900640625 0.683945690625 0.578358934375 0.6851876031249999 0.565156059375 0.706188834375 0.55171595625 0.70217589375 0.5434260562500001 0.7095690593749999 0.53646810625 0.7304975484375 0.5356702578125 0.7492695421875 0.5486690281250001 0.7616265999999999 0.5497292828125 0.787673559375 0.5605134359375 0.803183528125 0.55547323125 0.813665959375 0.5472681515625 0.8231428812499999 0.54307615 0.8544628765625 0.532970559375 0.8556229562500001 0.52497753125 0.8703092703124999 0.53401358125 0.9004328156250001 0.5527907625 0.9012564718749999 0.5392910171875 0.914964553125 0.526147784375 0.9182447625 0.5276069640625 0.934905721875 0.53453045 0.9515030343750001 0.5534348609374999 0.9554523265625001 0.5538589640625 0.965871109375 0.5424466031249999 0.9733006453125 0.536583371875 0.9827502890625001 0.5217092671875 0.98188116875 0.5157188046875 0.9882051781250001 0.51375865 0.9976093593750001 0.514026771875 1 1 1