0 0.1107689171875 0.3664079921875 0.117237171875 0.361153721875 0.10912209531249999 0.3536946453125 0.0954985828125 0.3539720171875 0.08494550625 0.3562716453125 0.0961583046875 0.3649780796875 0.1107689171875 0.3664079921875
0 0.0990675046875 0.5500463640625 0.1050446875 0.558740265625 0.11740827812500002 0.56450459375 0.128893890625 0.565462046875 0.13947425 0.5623875203125 0.12837058125 0.5505814921875001 0.1140055015625 0.5421774953125 0.0990675046875 0.5500463640625
0 0.2004440109375 0.43683437031250005 0.1987153421875 0.42644571875 0.1905184171875 0.4213113375 0.176758496875 0.4254632015625 0.175116628125 0.442353478125 0.1875347828125 0.44656800937499996 0.2004440109375 0.43683437031250005
0 0.2966493765625 0.38126729375 0.28960324531250003 0.373190803125 0.27515632343749996 0.36711150312499996 0.2737872734375 0.376252796875 0.2663591984375 0.3790248828125 0.2723636625 0.3869438875 0.27844997031249996 0.3925381953125 0.2909499703125 0.39442803125000003 0.298405328125 0.3908810453125 0.2966493765625 0.38126729375
0 0.3504514671875 0.340323015625 0.33776049375 0.3438574671875 0.33049610937499996 0.341980165625 0.32613846875 0.3467745078125 0.331073984375 0.3553109234375 0.3372967015625 0.357030740625 0.3499058296875 0.35582098281249996 0.35322180312499996 0.350869153125 0.3504514671875 0.340323015625
0 0.523380525 0.47881889843750003 0.5144693171875 0.46422824843750005 0.5062996734375 0.45831896875 0.49475949531249996 0.4589113125 0.4984623703125 0.47271452968750005 0.5064683203125 0.4832732015625 0.523380525 0.47881889843750003
0 0.615050615625 0.5796875 0.6123462859375 0.569392634375 0.6073016453125 0.5639558124999999 0.592581903125 0.5656254953125 0.5901439046875 0.5753842015624999 0.5928479640625 0.5796875 0.615050615625 0.5796875
0 0.8517486062499999 0.3430563796875 0.8514485046875 0.3515802625 0.8607416593749999 0.3553223359375 0.8745288609374999 0.350395571875 0.8738145781250001 0.34093930625 0.8688245 0.33395268749999996 0.8604366015625 0.33424259375 0.8517486062499999 0.3430563796875
0 0.8625968265624999 0.302629246875 0.8723041625000001 0.32435146875 0.873787296875 0.3417142046875 0.8870015796875 0.35306030625 0.89215535 0.3553975359375 0.8948934484375 0.3371149484375 0.8900943421874998 0.324704040625 0.8820338265625001 0.315695165625 0.8660219250000001 0.2945778234375 0.8625968265624999 0.302629246875
0 0.86888401875 0.3620065140625 0.8810566375000001 0.3731951296875 0.8914733046875 0.37476999375000003 0.8948711234375001 0.3674934703125 0.8950620953125 0.36206918125 0.8932242968749999 0.3547801234375 0.8859053515624999 0.3544526171875 0.87425604375 0.35814455624999997 0.86888401875 0.3620065140625
0 0.7635765156250001 0.0812175765625 0.781093875 0.08931913281250001 0.790468875 0.090736509375 0.801049234375 0.087661984375 0.7982516171875 0.0778907453125 0.7869842546875001 0.07073410625 0.776622153125 0.0676094453125 0.7661236406249999 0.068359278125 0.7635765156250001 0.0812175765625
0 0.6670809156249999 0.5317054375 0.6878869703125 0.5356300625 0.6855531421875 0.5126855515625001 0.6700918328125001 0.505673865625 0.6638145515625 0.505503846875 0.6625819109375 0.5107706484375 0.6591295296874999 0.5195969703125 0.6670809156249999 0.5317054375
0 0.8202902625 0.40373822343750004 0.8245660578124999 0.401268575 0.8247570312500001 0.3958442875 0.7762798562500001 0.3152870109375 0.81508193125 0.402950790625 0.8202902625 0.40373822343750004
0 0 0.749182371875 0.011699139062499999 0.7535638015625 0.008536209375000001 0.7384216453125 0.010243146875000001 0.7249322484375 0 0.7218434578124999 0 0.749182371875
0 0.059201448437500005 0.944045059375 0.0724571671875 0.952464634375 0.0897103171875 0.952323590625 0.0964476 0.9359287249999999 0.0918024109375 0.9278944515625 0.07964379687499999 0.9233067359374999 0.0649058171875 0.9219950453125 0.056263193749999996 0.9225213875 0.059201448437500005 0.944045059375
0 0.398139971875 0.76524721875 0.4007193390625 0.7619711953125 0.3975243109375 0.7477406828125 0.382946815625 0.7418707671875 0.3753050078125 0.7489639046875001 0.37520871875 0.7516988390625 0.376370015625 0.75370740625 0.3798218125 0.7606447562499999 0.385885071875 0.7633944390625 0.398139971875 0.76524721875
0 0.0934714171875 0.8804889062499999 0.0967627328125 0.89198448125 0.1114686140625 0.89420781875 0.126334978125 0.89187293125 0.1263991703125 0.8900496406249999 0.121753978125 0.8820153671875 0.11585120156249999 0.8747074609375 0.1098521375 0.870134490625 0.10253129375 0.8681111765624999 0.0949536765625 0.8733810234374999 0.0934714171875 0.8804889062499999
0 0.3207415125 0.7590445703124999 0.315646975 0.7637733296875 0.309038078125 0.7765216140625 0.3271957578125 0.7856823015625001 0.33480546875 0.779500809375 0.3304170484375 0.764173375 0.3207415125 0.7590445703124999
1 1 1 1 0.7336857375 0.9761855984375 0.7273342421875 0.967688575 0.7307237421874999 0.9715824218750001 0.739102671875 0.94441724375 0.737332721875 0.9237748843750001 0.7287587046875 0.9001712125000001 0.7150628390625 0.8786508765625001 0.7016819468750001 0.861875084375 0.702261759375 0.8375893671875 0.7079383531250001 0.839208909375 0.7214265984375 0.8580953203125 0.7203868609375 0.86171635 0.7365147734375 0.842857221875 0.7367796109375 0.8155010703125001 0.7404339484375 0.789459403125 0.7364967890624999 0.7601017640625 0.7375114609375 0.7316221 0.7433330078125 0.7102976921874999 0.75413145 0.694399875 0.7595181375 0.6711235875 0.7365234921875 0.6605382734375 0.7099943953125 0.6483929390625001 0.69803088125 0.6206226015625 0.6837050703124999 0.64074660625 0.7070021546875 0.6473016640625 0.7290268140625 0.66205364375 0.7561858578125 0.66657993125 0.7763457468749999 0.6683085999999999 0.7867343984375 0.6576463984375 0.7921336203125 0.644573478125 0.8065166500000001 0.6442188140624999 0.8165903265625 0.6457019468749999 0.8339530625 0.6351488703125 0.8362526906250001 0.6185094859375 0.8329580109375 0.603680615625 0.8377272874999999 0.5969395421875 0.8507305390625 0.5884152359375 0.8548949359375 0.57430065 0.869120478125 0.56459826875 0.87700188125 0.550510965625 0.8904525249999999 0.5476637390625 0.91183470625 0.5428150281249999 0.9305772203125 0.5345684953125 0.9565962562500001 0.532053609375 0.99828328125 0.5321758 1 1 1
0 0.8677059437499999 0.65562290625 0.865868146875 0.6483338468750001 0.8589311421874999 0.637157765625 0.851639478125 0.6360553609374999 0.8483507875 0.6402322921875 0.8437748921875 0.651225821875 0.8436112015624999 0.6558752109375 0.849670228125 0.6622444171875 0.86746040625 0.662596990625 0.8677059437499999 0.65562290625
0 0.8361508875 0.6298185734375 0.8230457296875 0.6153728765625 0.819015471875 0.6108684390625 0.811587396875 0.6136405265625 0.80923124375 0.6210745375 0.8119470156249999 0.633170471875 0.824283325 0.6397096984374999 0.834727275 0.6405096640625 0.8361508875 0.6298185734375
0 0.7560839203125 0.6434212546875 0.7542461234375001 0.636132196875 0.7430606078124999 0.6266508625 0.7257887843749999 0.6115752203125 0.6970859078125 0.5939923312500001 0.7061608078124999 0.603933590625 0.7139485046875 0.6206914484375 0.7230234046875 0.63063270625 0.73420891875 0.640114040625 0.7486285609375 0.6469682406249999 0.7560839203125 0.6434212546875
0 0.7163790453125 0.730122134375 0.7050298390625 0.725290190625 0.6956548375 0.7238728140624999 0.6861707109375 0.7255550296875001 0.68595245625 0.7317542171875 0.68789938125 0.7359436796875001 0.690915253125 0.7395157328125 0.7012227937500001 0.744190190625 0.711639459375 0.7457650546875 0.71714789375 0.7380286046875 0.7163790453125 0.730122134375
0 0.6498041359375 0.776925559375 0.6469792359375 0.76792921875 0.6408383640624999 0.76388470625 0.62625503125 0.761679896875 0.6270511625 0.76881146875 0.6268874703125 0.773460859375 0.6277927265625001 0.7774928359375 0.6328373703125 0.7829296578125 0.6389509609374999 0.78774906875 0.6473661406250001 0.7866842640625 0.6498041359375 0.776925559375
0 0.599950459375 0.8246989671874999 0.5844073046875 0.8200119765625 0.5832565109375001 0.822954084375 0.580900359375 0.8303880953125 0.5828745640624999 0.8338026609375 0.5941692062499999 0.8401844015625001 0.60576395 0.838042259375 0.6070238703124999 0.8320005593750001 0.599950459375 0.8246989671874999
0 0.579203928125 0.8488281687499999 0.5689509515625 0.8426039156249999 0.5522024390625 0.8424088296875001 0.55299856875 0.8495404000000001 0.5539311078125 0.8527974796875 0.5568651359375 0.858694228125 0.5609499578125 0.8616488671875 0.5713120593750001 0.864773528125 0.5788765453125 0.8581269484374999 0.579203928125 0.8488281687499999
0 0.4590154453125 0.7527549421875 0.468472290625 0.751847625 0.46674362187499996 0.741458975 0.4638095953125 0.7355622265624999 0.45144600468749996 0.7297978984375 0.44297626250000005 0.7324125 0.44048370156249994 0.7437210015625 0.44443211250000003 0.750550134375 0.4590154453125 0.7527549421875
0 0.450520878125 0.9345410812499999 0.455483675 0.9423025984375 0.46159726562500003 0.9471220078125 0.4803199828125 0.9507316609375 0.48689736406249995 0.9423778 0.48204369687500004 0.9315166890625001 0.46428079999999994 0.9303892171874999 0.450520878125 0.9345410812499999