0 0.6296875 0.28395206562499997 0.627856184375 0.2835966046875 0.62112436875 0.28547420625000003 0.6164662546875 0.29889921875000003 0.6154523015625 0.304274859375 0.6148843484375 0.312921325 0.6217724640625 0.3158504484375 0.6296875 0.3173867703125 0.6296875 0.28395206562499997
0 0.559664946875 0.23374161875000002 0.577085334375 0.2315504921875 0.58088579375 0.22830784531249998 0.5830699984375001 0.22236328749999998 0.58057319375 0.218694396875 0.5641553125 0.209935209375 0.5544921406250001 0.21044776562499998 0.5460221203125 0.221540753125 0.5529216828125 0.230044546875 0.559664946875 0.23374161875000002
0 0.5355122390625 0.0236689296875 0.537986146875 0.016188475 0.5368044453125 0.011182718749999999 0.5299163296875 0.008253596875 0.527865525 0.00785553125 0.522448815625 0.00839626875 0.5165975515625 0.0112408515625 0.51382249375 0.014682529687500001 0.5145696453124999 0.021992134375 0.522048609375 0.027424134375 0.53200148125 0.025375679687500003 0.5355122390625 0.0236689296875
0 0.10066849687499999 0 0.09867200625 0.000970590625 0.0934115953125 0.0063180515625000004 0.0963543984375 0.013257768750000001 0.10120315625000001 0.0213635 0.11629448906249999 0.0258848796875 0.1255116609375 0.0221014953125 0.1285764171875 0.0171239203125 0.12387250937500001 0.008250239062500001 0.11717866875 0 0.10066849687499999 0
0 0.10270890625 0.041557378125 0.112227228125 0.041812770312500004 0.11939359375 0.0376313234375 0.1274290625 0.0288421828125 0.11174688125000001 0.0218179234375 0.10179400937500001 0.023866378125 0.099899503125 0.0282750390625 0.098897 0.0392253515625 0.10270890625 0.041557378125
1 0.6296875 0.3455670125 0.6273912687500001 0.34241512812499997 0.6147967421875 0.34156264062499997 0.602057365625 0.3414781 0.5997054109375 0.33704125937499996 0.6098031328125 0.33422485625 0.6200342562500001 0.3250658328125 0.6077179828125 0.317102775 0.6116518421875 0.3075175046875 0.6067916359375001 0.293837103125 0.5794069265624999 0.29250200937500004 0.5880446953125 0.291790421875 0.599301221875 0.282830428125 0.60264423125 0.27074228125 0.5884449 0.27276255625 0.561906396875 0.2556704265625 0.557637040625 0.2444929 0.5464910187500001 0.23596092500000002 0.535333546875 0.2218542765625 0.520688215625 0.220603725 0.5192053640625 0.21155919218750002 0.51421175625 0.20422141093750001 0.4921103578125 0.208688203125 0.492823159375 0.1992737859375 0.4799045859375 0.183233178125 0.48515355 0.17231104375 0.462594703125 0.1679323359375 0.4627281046875 0.161589715625 0.44866217500000005 0.1572673671875 0.45113608125000004 0.1497869125 0.43441704843749995 0.13698895 0.42725068281249995 0.141170396875 0.408515190625 0.144698390625 0.41360785624999996 0.12896953125 0.4023284328125 0.126780178125 0.390435259375 0.1109386 0.395539371875 0.100784415625 0.387301809375 0.0824681390625 0.3752752359375 0.0729691828125 0.3606184546875 0.0661439578125 0.334137196875 0.0769251921875 0.328274484375 0.074195103125 0.3151005546875 0.076414409375 0.30161402812500004 0.0690202671875 0.29662041875 0.061682484375 0.2809382375 0.0546582265625 0.26866775625 0.0689938609375 0.2570871828125 0.06276573125 0.26057504531250003 0.0499096359375 0.2466539640625 0.044819339062500005 0.22321456562500003 0.0394736515625 0.22262371406249998 0.036970775 0.2103188890625 0.0345823875 0.18878544218749999 0.0304027125 0.1842378359375 0.0263357578125 0.1788096734375 0.0213018203125 0.1613778390625 0.017918275 0.1506892640625 0.0182318 0.14411374999999998 0.024916126562499998 0.1447274984375 0.03856835 0.1628835875 0.038112153125 0.165536690625 0.046587767187500004 0.1384531328125 0.0492914515625 0.1270288578125 0.047870046875 0.11430092812499999 0.053360179687499995 0.0930686328125 0.05321928124999999 0.0942274375 0.047075690625 0.0846976671875 0.0412456265625 0.0727168890625 0.054045362500000006 0.050169490625 0.055241328125 0.036949767187499996 0.03516194375 0.025178546875000003 0.007403071875 0.024644940625 0.03277355625 0.0246678390625 0.043922903125 0.0255827375 0.061613903125 0.018561221875 0.06502740312500001 0.0058447421875 0.076092209375 0.00041658125000000005 0.071058271875 0 0.0709774125 0 0.509375 0.6232753453125001 0.509375 0.629472940625 0.5004399312500001 0.6296875 0.5001473671875 0.6296875 0.4742275171875 0.62238273125 0.47040539375 0.625146340625 0.46138904218750004 0.617667375 0.455957040625 0.6145797187500001 0.4497852703125 0.6141222703125 0.440939771875 0.6180675796874999 0.4369291765625 0.62434194375 0.42620607499999996 0.6187574859375 0.4163654140625 0.62563415 0.4137198625 0.6296875 0.41026144374999995 0.6296875 0.40208461250000005 0.6248755515625 0.40083558750000003 0.61489978125 0.391734696875 0.6147434828125 0.386927971875 0.6161919874999999 0.3792484859375 0.6257103078124999 0.3795038765625 0.628172765625 0.36644875 0.6296875 0.366193575 0.6296875 0.3455670125
0 1 0.28733767656250003 0.981588878125 0.28831424375000003 0.9698978 0.2995780828125 0.9763513625 0.30481105 0.99069554375 0.30202282812500003 1 0.300107828125 1 0.28733767656250003
0 0.9136569812499999 0.2934380390625 0.915261784375 0.29056527656250003 0.914369784375 0.2840236234375 0.9018972109375 0.271253840625 0.8932594406250001 0.2719654296875 0.891231534375 0.2827167109375 0.8950548921875001 0.29062340937500003 0.9028235562500001 0.2945195125 0.9136569812499999 0.2934380390625
0 0.824412646875 0.2593982265625 0.8129883703124999 0.2579768203125 0.8067025578125 0.2631252484375 0.80642430625 0.27023581874999997 0.8174254781249999 0.27953574375 0.8294177046875 0.2723106796875 0.824412646875 0.2593982265625
0 0.731650090625 0.294729184375 0.72243291875 0.2985125671875 0.72363751875 0.31466766874999996 0.7321418859375 0.32029870312500003 0.7467872171875001 0.3215492546875 0.749695675 0.3117649546875 0.7470425703125001 0.3032893390625 0.7449803171875 0.2973166015625 0.7408787109375 0.29652047187499997 0.731650090625 0.294729184375
0 0.7538167031249999 0.46461315000000003 0.7571826093749999 0.4636743484375 0.764939825 0.46199577812500003 0.76697918125 0.45681917031249997 0.7682828359375 0.44990763125 0.755074559375 0.43540291875000003 0.7439628859375 0.4435949625 0.7346123125 0.45372096875 0.741367025 0.4629927125 0.7538167031249999 0.46461315000000003
0 0.6296875 0.23854949687500002 0.6430956625 0.24012560781249997 0.6542073375 0.2319335640625 0.657550346875 0.21984541562499998 0.642748715625 0.2137881390625 0.63294069375 0.2150686453125 0.6296875 0.21777507499999998 0.6296875 0.23854949687500002
0 0.59317863125 0.57590233125 0.5864582656249999 0.58335460625 0.591886425 0.588388540625 0.604782103125 0.59327980625 0.616351228125 0.5939332625 0.622202490625 0.5910886796875 0.624386696875 0.585144121875 0.6223129953125001 0.5735967109375 0.6171745343749999 0.5670268765625 0.610587571875 0.5681365296875 0.59317863125 0.57590233125
0 0.6296875 0.8801526671875 0.6131117625 0.87033488125 0.6025565921875 0.864305784375 0.596404178125 0.8631115921875001 0.59186801875 0.864619309375 0.5908540640625 0.8699949499999999 0.5973190765624999 0.880802590625 0.604062340625 0.8844996625 0.6138703609375 0.8832191578125 0.6151854640625001 0.881882290625 0.6296875 0.8829582765625 0.6296875 0.8801526671875
0 0.5451604484375 0.723406609375 0.538851734375 0.7174056921874999 0.533869575 0.7156425843750001 0.532699321875 0.7162115015625 0.5308048171874999 0.7206201609375 0.529790865625 0.7259958015625 0.535074175 0.7317976875 0.5413828859375001 0.7377986046875 0.543288840625 0.738964615625 0.5516483562500001 0.7453635984375 0.5563293671875 0.7430879312500001 0.558067571875 0.733872546875 0.5533636640624999 0.72499886875 0.5451604484375 0.723406609375
0 0.4306966984375 0.7441764984375 0.42893559375 0.742242534375 0.421166928125 0.7383464328125 0.41502596562500005 0.7427269140625 0.4138671609375 0.7488705015624999 0.4135889078125 0.7559810718750001 0.41579601093749996 0.7611858609375 0.420778171875 0.7629489703125 0.4289813890625 0.7645412281249999 0.43425325 0.7647684390625 0.4379088578125 0.762293740625 0.439936765625 0.751542459375 0.4306966984375 0.7441764984375
0 0.39899335625 0.8502679078125001 0.407787425 0.8543630421875001 0.4193565515625 0.8550165 0.42637806562499997 0.8516030000000001 0.42841742031249996 0.846426390625 0.42943137499999995 0.84105075 0.4228215125 0.831011059375 0.40787503125 0.8257217296875 0.3964736546875 0.835449671875 0.3942894484375 0.841394228125 0.39899335625 0.8502679078125001
0 0.3660351328125 0.6305254125 0.3573973640625 0.6312369999999999 0.3533072046875 0.6360155437499999 0.35126785 0.641192153125 0.35523605625 0.648330903125 0.36431982500000004 0.6508901421875001 0.37047223749999997 0.652084334375 0.3808596609375 0.6477320343749999 0.381717315625 0.63754966875 0.37805025937500003 0.6344496953125 0.3660351328125 0.6305254125
0 0.32547251093749996 0.558170928125 0.3241459578125 0.5539331203125 0.31637729375 0.55003701875 0.3058335703125 0.5495825937500001 0.2988120546875 0.5529960921875 0.2969289984375 0.5629794265625 0.297832446875 0.5750957515625 0.30178920625 0.5766598296875001 0.3130686296875 0.5788491828125 0.3285716140625 0.569917371875 0.3259185109375 0.56144175625 0.32547251093749996 0.558170928125
1 0 0.509375 0 0.9983266593749999 0.0086982421875 1 0.183475871875 1 0.19513694374999999 0.97866865 0.2280832125 0.97869505625 0.24899146249999998 0.9636478343749999 0.27164936562499997 0.9449599015625001 0.285669496875 0.92698355625 0.2886884609375 0.8997072875000001 0.30506055 0.886167784375 0.32466514062499996 0.8780321000000001 0.3277184515625 0.8674798499999999 0.337515021875 0.860624671875 0.337770378125 0.8423647546874999 0.348580903125 0.8301339359375 0.3432746953125 0.8131827046875 0.34810055625 0.810139090625 0.3499721640625 0.7945810859375 0.34289340468749996 0.7701212203125 0.34594671093749996 0.7595689703125 0.3504599765625 0.7469119078124999 0.34386156093750003 0.7424468859375001 0.3416430078125 0.731667425 0.3455654203125 0.716507484375 0.35536199375 0.70965230625 0.3632411640625 0.6960564421875001 0.33497590312500003 0.69375436875 0.352095140625 0.6875244671875 0.36364136875 0.6770285765625 0.360385965625 0.6604754093749999 0.3457406328125 0.65922485625 0.3277522921875 0.6700624515625 0.323338084375 0.659652875 0.3183330265625 0.64674041875 0.3228691875 0.645232703125 0.32914355156249997 0.6345096 0.3217979890625 0.622734978125 0.3203036890625 0.6081157734375 0.3053457609375 0.597251771875 0.295815990625 0.5914217078124999 0.281906359375 0.5919060843749999 0.2805683578125 0.5820936046874999 0.2896406796875 0.57907816875 0.29577019375 0.5691230171875 0.289739734375 0.5560115296875 0.2712939453125 0.5580036234375 0.2702456453125 0.54665524375 0.282683871875 0.5427010078125 0.26215293125 0.5275710203124999 0.24549114218749998 0.542646421875 0.22948491249999997 0.52043404375 0.22976316406250002 0.5133234734375 0.2334092703125 0.509375 0 0.509375
0 0.482156946875 0.5615174296875 0.47204777656249997 0.5587591609375 0.46605166249999996 0.562371690625 0.46313175468749995 0.56658131875 0.4608026984375 0.573293825 0.46725626093750006 0.57852679375 0.478390834375 0.5814840953125 0.4845317984375 0.577103615625 0.486571153125 0.5719270078124999 0.482156946875 0.5615174296875
1 1 0.509375 0.6296875 0.509375 0.6296875 0.9266002234374999 0.9122967718750001 0.9814551171874999 0.9311771125 0.9771591765625001 0.93818718125 0.9681710062499999 0.9603876328125001 0.9406375718749999 0.9884965953125 0.9381329203125001 1 0.928710996875 1 0.509375