0 0.20771975 0.080310675 0.202392553125 0.077243165625 0.18885342031250002 0.0781829421875 0.187148915625 0.0891558234375 0.19154186875 0.09536364375 0.2010433640625 0.0983826203125 0.21142444062500002 0.09669720000000001 0.21227669218749998 0.09121075937499999 0.21203070624999998 0.0841723640625 0.20771975 0.080310675
0 0.15736730625 0.1630440875 0.1506685515625 0.15060418281250001 0.1298790625 0.1531929796875 0.13221219687500002 0.1602071078125 0.132485515625 0.1680275484375 0.1348459828125 0.175823721875 0.1423969890625 0.18277718437499998 0.157007028125 0.1826073203125 0.1576679546875 0.1716465703125 0.15736730625 0.1630440875
0 0.10824229062499999 0.1315384125 0.1003359703125 0.11441837656250001 0.0919327125 0.11295135468749999 0.08383010468749999 0.12008681562500001 0.08539298281249999 0.13493351874999998 0.10181188906250001 0.1566487515625 0.10162056562499999 0.15117444375 0.10434131093750001 0.1394073859375 0.10824229062499999 0.1315384125
0 0.0862228671875 0.0989352296875 0.09751086249999999 0.09332745625 0.09723754531249999 0.085507015625 0.096002646875 0.080044840625 0.0801577109375 0.07475253125 0.06683723281250001 0.081948659375 0.06713788281250001 0.0905511421875 0.0696623421875 0.10303958124999998 0.0862228671875 0.0989352296875
0 0.9337320015625 0.0193081125 0.9303279609375 0.011524071875 0.9187666484375001 0.0093114046875 0.912805853125 0.0179866890625 0.9132704953124999 0.031281435937500005 0.9196685984374999 0.0351188578125 0.9278258703125001 0.029547484375 0.9337320015625 0.0193081125
0 0.580195290625 0.209375 0.579875890625 0.2002360078125 0.572406878125 0.195628678125 0.563370025 0.20590444843750003 0.5520000359375 0.2091660890625 0.552276928125 0.209375 0.580195290625 0.209375
0 0.5562066296875 0.1801697953125 0.5539008265625001 0.173937709375 0.540443690625 0.17722361874999998 0.5384932 0.1811581046875 0.5389578421875 0.1944528515625 0.5463175234375 0.1959320078125 0.5545294593750001 0.191924721875 0.5562066296875 0.1801697953125
1 0.3796875 0 0.3796875 0.12384933281249999 0.3808687625 0.12196652187499998 0.39026092968750004 0.1218573234375 0.3957794515625 0.130399140625 0.409345915625 0.130241409375 0.4100068453125 0.1192806609375 0.4119026703125 0.11378208593750001 0.4371944359375 0.12052928437499999 0.4592188234375 0.1234026640625 0.46723943593749995 0.11392106875 0.479101396875 0.1247362203125 0.48761398125 0.12933141875 0.493405821875 0.145693675 0.5133703890625 0.149373365625 0.5234508171875 0.1390854625 0.5345748203125 0.128785425 0.5469883828125 0.12551165 0.5580303921875001 0.11286548125 0.540977890625 0.102893040625 0.5427643890625 0.094266290625 0.5524572062499999 0.10275957499999999 0.5652534140625 0.110434415625 0.57653644375 0.13455644687499999 0.588398403125 0.1453715984375 0.5995224078125 0.1350715609375 0.6056198625 0.1303064984375 0.597959528125 0.120224859375 0.5770110140625 0.08839158750000001 0.5947244453125 0.087403278125 0.6134814484375 0.0864028359375 0.6382539109375001 0.0782911984375 0.6472361015625 0.066451340625 0.6706047109375 0.07791506875000001 0.6784066703125 0.062177125 0.6677249421875 0.0552600609375 0.672505503125 0.042686690625 0.67316643125 0.0317259421875 0.686432246875 0.0229657265625 0.6915134578125001 0.018994840625000002 0.7033480875 0.029027946875 0.7187283828125001 0.021025509375 0.7058228468750001 0.0102224921875 0.7150510234375 0.0054210281249999995 0.7256507578125 0.009991960937499999 0.7317482109375 0.0052268984375 0.7521227578125 0.020637246875 0.76113228125 0.009579431250000001 0.7607974875 0 0.3796875 0
0 0.3796875 0.4931438328125 0.37807380625000003 0.492272740625 0.36025105 0.49013287343749995 0.3529733625 0.49099985 0.348028809375 0.49888095625 0.358874528125 0.5104902828125001 0.3716707390625 0.5181651234375 0.379139746875 0.52277245625 0.3796875 0.522628 0.3796875 0.4931438328125
0 0.3438719140625 0.5591711421875 0.33220127499999996 0.5538302984375 0.31871680625 0.5563341625 0.31602339218750003 0.5688832671874999 0.31926344218749997 0.5719750421875001 0.32563421406250004 0.5750304187499999 0.33925534218750003 0.576436775 0.345161475 0.5661974046875 0.3438719140625 0.5591711421875
0 0.2906719515625 0.261709846875 0.3047303890625 0.27562890625 0.3203020046875 0.2731007765625 0.3191217734375 0.2692026890625 0.3242576484375 0.266795890625 0.32480925 0.2527069671875 0.32135054531249996 0.24335883750000004 0.3119037140625 0.2419039484375 0.3015499671875 0.2443714125 0.2906719515625 0.261709846875
0 0.2608182765625 0.27379236875 0.25595571875 0.28401960625 0.2573819390625 0.2949560890625 0.2689432515625 0.29716875625 0.2771005203125 0.2915973828125 0.2819630796875 0.28137014374999997 0.27965727500000004 0.275138059375 0.2608182765625 0.27379236875
0 0.0783096328125 0.72733705625 0.066857646875 0.728252565625 0.059907943750000005 0.7385040703125 0.0624323984375 0.75099250625 0.0749279578125 0.7500648640625001 0.08209631875 0.7460697125 0.0880571140625 0.737394428125 0.0783096328125 0.72733705625
0 0.118659884375 1 0.11152265937500001 0.9906068140625 0.0912574390625 0.9783246421874999 0.0859029109375 0.9744750875000001 0.08249886875 0.9666910468750001 0.0625069671875 0.9622293140625 0.058797314062499995 0.9755725953125001 0.06659430468750001 0.9895644546875001 0.0771120421875 0.9917892531250001 0.08956235 1 0.118659884375 1
1 0 0.209375 0 0.6275899875000001 0.0065415265624999995 0.6155113812499999 0.0276639625 0.5925773078125001 0.032335199999999995 0.5768757625 0.061500612499999996 0.5749719453125 0.07454777343749999 0.5599553765625 0.10667991875 0.5533228953125 0.129501890625 0.5491457453125 0.1480949046875 0.5434530390625 0.1765173953125 0.5501638390625001 0.1931325875 0.5476235765624999 0.1883569890625 0.530467140625 0.1735829609375 0.5259447421875001 0.1701515890625 0.5173786578125 0.196819875 0.503768446875 0.210386340625 0.503610715625 0.22271790937499997 0.49799080937499995 0.24669278437500003 0.4969297015625 0.25029311249999997 0.48045824531250003 0.24461060156249997 0.4672241625 0.2248646859375 0.4698008265625 0.2336282234375 0.4517046140625 0.22286449843749997 0.44244141875 0.22344343125 0.4291345375000001 0.23596632343750001 0.42898893906249996 0.24000396093749998 0.4250301875 0.2564004984375 0.41623357187500004 0.254618965625 0.39513051875 0.2552252296875 0.38260568125 0.25242745312500003 0.362296803125 0.24644429375 0.3404602390625 0.24592498906250002 0.325601403125 0.249798634375 0.3169503859375 0.23985983125 0.30141870625 0.2392585296875 0.2842137390625 0.233494025 0.268633525 0.23256474218749998 0.2420440296875 0.22658158125 0.22020746249999998 0.20755125937500002 0.21338746562500002 0.20311774374999997 0.209375 0 0.209375
0 0.20194582187500001 0.5608212578125 0.1929362984375 0.571879071875 0.195296765625 0.5796752453125 0.20279310625 0.5850646203125001 0.215425325 0.5880471984375 0.2265766609375 0.57852920625 0.2262760109375 0.569926721875 0.21754477031250002 0.559075171875 0.20194582187500001 0.5608212578125
0 0.7647761640625 0.8217870828125001 0.7720538515625 0.82092010625 0.7758728343750001 0.8107050015624999 0.778511584375 0.7965918109375 0.7740366375 0.7880378593749999 0.7655787171874999 0.7850067484375 0.75541629375 0.7929485203125 0.752804875 0.8078437562499999 0.752996196875 0.8133180640625 0.7562909109375 0.817973928125 0.7647761640625 0.8217870828125001
0 0.8848691484375 0.49414595781250004 0.8703137734374999 0.49587991093750006 0.86133158125 0.5077197703125 0.8699808265625 0.5162251875 0.8742644500000001 0.51930483125 0.881706128125 0.5231301171875 0.89313078125 0.5214325640624999 0.8928847953125001 0.51439416875 0.8904696640624999 0.5050339078125 0.8848691484375 0.49414595781250004
0 0.9633161015624999 0.40873881875 0.9506565515624998 0.404974196875 0.9436521828124999 0.4136616125 0.9417290265624999 0.41837814375000004 0.946121975 0.42458596093749995 0.94938935625 0.42845978124999995 0.962021575 0.431442359375 0.9670754562500001 0.4266894296875 0.9668021375 0.41886899062499994 0.9633161015624999 0.40873881875
0 1 0.209375 0.98826913125 0.209375 0.9860038765624999 0.2214905765625 0.9924293125 0.226110040625 0.9957786890625 0.23232999375 1 0.24242725625 1 0.209375
0 0.711551375 0.672974809375 0.70111563125 0.6730961421874999 0.6939746046874999 0.6778733390625 0.69432991875 0.688039909375 0.6987228671875 0.6942477296875 0.709213275 0.695690484375 0.7184687828125 0.691671065625 0.7190750484375 0.6791462296875 0.711551375 0.672974809375
0 0.8208483812499999 0.6936101875 0.8269458359375002 0.6888451234375 0.8075328687500001 0.6710765109375 0.8000091968749998 0.664905090625 0.7893547984375 0.658770071875 0.7860600859375 0.6541142062499999 0.7776021656250001 0.651083096875 0.7710674015625 0.64333545625 0.7573642765624999 0.6395829671875 0.7470105296874999 0.64205043125 0.74187465625 0.6444572296875 0.7420933109375 0.65071358125 0.7474478390625 0.6545631359375 0.7611236328125 0.6575335796874999 0.7772145546875 0.6698642859375 0.7857818015625 0.676023571875 0.8208483812499999 0.6936101875
0 0.6664639937500001 0.63751038125 0.661492109375 0.6446094437500001 0.662038746875 0.660250321875 0.6653607921875 0.66568823125 0.6800801578125 0.668646540625 0.68516136875 0.66467565625 0.68774545625 0.6489983765625 0.6874174734375 0.63961385 0.6747852562500001 0.636631271875 0.6664639937500001 0.63751038125
0 0.5076767249999999 0.6346623640625 0.5085016437500001 0.6283938796874999 0.49677634062500003 0.62148895 0.48537902031249996 0.6239685453125 0.4740636953125 0.628794275 0.4744190078125 0.6389608484375 0.48836811874999997 0.6497517312500001 0.500891009375 0.6496061328125 0.5058355625 0.6417250265625001 0.5076767249999999 0.6346623640625
0 0.3796875 0.649644075 0.38299445625 0.6517592296875 0.3923866234375 0.65165003125 0.4006805546875 0.6499888765625 0.40776691875 0.64364759375 0.4107063203125 0.6381368859375 0.40417155625 0.63038924375 0.3935991546875 0.62660035625 0.39151200625 0.626624621875 0.37986869843750004 0.6220658234374999 0.3796875 0.6220679296875 0.3796875 0.649644075
0 0.8156826703124999 0.545803875 0.8095578843750001 0.54978689375 0.8129892562500001 0.5583529781250001 0.8112574234375 0.568543815625 0.8185351093750001 0.567676840625 0.825812796875 0.5668098640625 0.8318829187500001 0.56126275625 0.83257118125 0.5510840515625001 0.8251295015625001 0.5472587640625 0.8156826703124999 0.545803875
1 0.3796875 0.209375 0.3796875 0.6028894703125001 0.3908013796875 0.6062914796875 0.3828130640625 0.5868253125 0.3813321796875 0.5743247421875 0.39289349375000004 0.5765374078125 0.403329234375 0.5764160765625 0.4095906796875 0.5763432765625 0.418982846875 0.5762340781249999 0.4243920421875 0.5816477203125 0.430790146875 0.585485140625 0.439166071875 0.5861701187499999 0.44743266875 0.5837269218750001 0.4559179234375 0.5875400749999999 0.4658020625 0.6015076671875 0.4804121015625 0.601337803125 0.4937599125 0.5949237203125 0.49834418437500005 0.6066058484375001 0.51940699375 0.6118374906249999 0.526630015625 0.6094064265625 0.5325908125 0.60073114375 0.5520311109375 0.6192818015625 0.5536262875 0.60518074375 0.553270975 0.5950141703125 0.5605759921875 0.5949292390625001 0.5720553109375001 0.5947957734375 0.58350729375 0.593880265625 0.59806266875 0.5921463109375 0.6051217015624999 0.5850229828125 0.6103942359375 0.5865264046875 0.602674275 0.6046104812499999 0.6183278875 0.604428484375 0.6301625171875 0.614461590625 0.6491108437499999 0.6189354578125 0.661606403125 0.6180078140624999 0.6686927687499999 0.6116665296875 0.6610051015625 0.600802846875 0.6543883421875 0.590709075 0.669713975 0.5811425484375 0.6763580656249999 0.592018365625 0.6723750921875 0.5975412046875 0.681958584375 0.6029063140625001 0.69456346875 0.6051068468749999 0.7020051453124999 0.6089321359375 0.7100257593749999 0.5994505421875 0.7075013015625 0.5869621046875 0.7101400515625 0.5728489140624999 0.713216109375 0.5712484265625 0.7318637875 0.5671198093750001 0.75372418125 0.5653009234375 0.7692411359375 0.5612087046875001 0.78467609375 0.5547703546875 0.8010453 0.545191696875 0.81637093125 0.5356251703125 0.83600751875 0.5299203312499999 0.8492957000000001 0.5516719640625001 0.8579176125 0.5593953375 0.8584915796875 0.5758182609375 0.875434753125 0.5826625265625001 0.881586871875 0.57946155 0.8778548484375002 0.5622929828125001 0.8720630093749999 0.5459307250000001 0.86541891875 0.5350549093750001 0.8609166406250001 0.5257189140625 0.8532289765625001 0.51485523125 0.8510325015625 0.511751321875 0.855703734375 0.4960497765625 0.8637243453125001 0.4865681828125 0.8717996234375001 0.4786506765625 0.8629863859375 0.46545299374999993 0.8669146984375 0.45836606562500004 0.8782300234375 0.4535403359375 0.893801640625 0.45101220625 0.9062152046874999 0.4477384328125 0.9111324265625 0.43907528125000006 0.9272829765624999 0.42324027031250006 0.9298943953125001 0.4083450375 0.9392318984374999 0.40667175 0.9488750187499999 0.38387114218749996 0.951650428125 0.373668171875 0.9431378453124999 0.3690729734375 0.9580261671875 0.3469937421875 0.9587144249999999 0.33681503749999997 0.960309603125 0.3227139796875 0.9652814875000001 0.3156149171875 0.96794756875 0.3022837703125 0.9652317906250001 0.284321025 0.9642751765625001 0.2569494859375 0.9669685890625 0.2444003828125 0.9695800078125 0.229505146875 0.9705544078125001 0.209375 0.3796875 0.209375
0 0.9364515250000001 0.44660452500000003 0.9340090609375 0.43646221875 0.9224477515625 0.4342495546875 0.9049529765625 0.44149421406249995 0.9051169671875 0.446186478125 0.912640640625 0.452357896875 0.9251361984375001 0.45143025468750003 0.9364515250000001 0.44660452500000003