0 0.1577427421875 0.30416666718749996 0.151589721875 0.3 0.14287474687499999 0.30520833281250004 0.1427292765625 0.3114583328125 0.14636883125 0.3229166671875 0.152400625 0.3322916671875 0.15950461093749999 0.3291666671875 0.16509458593749998 0.3239583328125 0.1646042765625 0.3114583328125 0.1577427421875 0.30416666718749996
0 0.1881010828125 0.3760416671875 0.19349709843750001 0.3791666671875 0.1981845984375 0.3791666671875 0.20524009375 0.378125 0.20851056406250001 0.371875 0.207214759375 0.3604166671875 0.20425947500000002 0.353125 0.20042595937500002 0.35 0.1918564546875 0.3489583328125 0.18848900468750002 0.359375 0.18592704843750002 0.36875 0.1881010828125 0.3760416671875
0 0.2620315046875 0.2541666671875 0.25758645625 0.24375 0.24989518125000001 0.23854166718749997 0.238909190625 0.240625 0.23571145625 0.24375 0.23544476093750002 0.2552083328125 0.23676480937500002 0.265625 0.24362634375 0.27291666718749996 0.2546850703125 0.2677083328125 0.25946955 0.2635416671875 0.2620315046875 0.2541666671875
0 0.22008645625 0.24375 0.21490864687500003 0.23125 0.20565487187499998 0.2260416671875 0.19611015625 0.23333333281250002 0.1904959359375 0.23958333281250002 0.18793398125 0.24895833281250002 0.18852127031250002 0.25729166718749996 0.190768040625 0.2614583328125 0.1930875453125 0.2625 0.1985078046875 0.2645833328125 0.20946954999999998 0.2635416671875 0.2166947609375 0.2552083328125 0.22008645625 0.24375
0 0.3113095609375 0.31875 0.32383380625 0.3177083328125 0.341972271875 0.3104166671875 0.27451266875 0.28854166718749996 0.274245971875 0.3 0.2872605265625 0.3114583328125 0.29258380625 0.3177083328125 0.3113095609375 0.31875
0 0.13752442812500001 0.13229166718750002 0.1321041671875 0.1302083328125 0.1266354171875 0.1302083328125 0.12426742187499999 0.13125 0.1234376828125 0.13333333281249998 0.1177507265625 0.1427083328125 0.1169209859375 0.1447916671875 0.12297702656250001 0.153125 0.1330847859375 0.1552083328125 0.1411397359375 0.1447916671875 0.1405766921875 0.1354166671875 0.13752442812500001 0.13229166718750002
0 0.2815278765625 0.490625 0.2938096703125 0.5 0.3008409203125 0.5 0.3034513671875 0.48854166718750003 0.3013743125 0.4770833328125 0.2890925171875 0.46770833281249996 0.2842837921875 0.47291666718750003 0.2815278765625 0.490625
0 0.02292871875 0.45729166718750003 0.012039709375 0.45520833281249995 0.0080122328125 0.4604166671875 0.0076485578125 0.4760416671875 0.009798346874999999 0.484375 0.019052121875 0.4895833328125 0.0248118125 0.4770833328125 0.0280337921875 0.47291666718750003 0.0322067375 0.4614583328125 0.02292871875 0.45729166718750003
0 0.950391171875 0.5296875 0.947093753125 0.5203125 0.9425759687500002 0.5130208328125 0.9354719828124999 0.5161458328124999 0.9322550109375001 0.5296875 0.950391171875 0.5296875
0 0.9579665390625 0.4223958328125 0.9581847437499998 0.41302083281249996 0.9506146937499999 0.40260416718750003 0.938823209375 0.4057291671875 0.9378964890624999 0.41197916718750005 0.9414875531250001 0.42552083281249997 0.9414633078125 0.4265625 0.9515468234375 0.4296875 0.9562828124999999 0.42760416718750005 0.9579665390625 0.4223958328125
0 0.7692919593750001 0.4057291671875 0.759795734375 0.4109375 0.7562585687500001 0.42864583281249996 0.76485231875 0.42864583281249996 0.7756685921875001 0.43385416718750003 0.7817488765625 0.44114583281249997 0.7883140624999999 0.42760416718750005 0.7862127640625 0.4171875 0.78652795 0.4036458328125 0.7796664156249999 0.3963541671875 0.7692919593750001 0.4057291671875
0 0.6575355359375 0.47447916718750005 0.66034535 0.48802083281249997 0.662519384375 0.4953125 0.6652564625 0.5119791671875 0.666503778125 0.5255208328125 0.672457428125 0.5046875 0.6751163640625 0.49114583281249996 0.6793620453125 0.4765625 0.67655223125 0.46302083281249995 0.66092723125 0.46302083281249995 0.6575355359375 0.47447916718750005
0 0.6699762296875 0.40989583281249997 0.67627471875 0.4078125 0.678666959375 0.4057291671875 0.681228915625 0.3963541671875 0.67839485625 0.3838541671875 0.6715575656249999 0.37552083281250004 0.659057565625 0.37552083281250004 0.6566168359375 0.3796875 0.6571313906249999 0.39114583281250004 0.6583302140625 0.4067708328125 0.666826984375 0.4109375 0.6699762296875 0.40989583281249997
0 0.7664579 0.3932291671875 0.7667245953125 0.3817708328125 0.7637208203125001 0.3765625 0.7598630609375 0.37447916718749996 0.7488528265625 0.3776041671875 0.7492461546875 0.3942708328125 0.7513717 0.4036458328125 0.756010709375 0.4057291671875 0.76389594375 0.40260416718750003 0.7664579 0.3932291671875
0 0.8364928890625001 0.3380208328125 0.8398603390625 0.32760416718749996 0.8354637796875 0.3151041671875 0.8308975046875 0.3098958328125 0.8199115140625001 0.31197916718749996 0.82042606875 0.3234375 0.8232358828125002 0.3369791671875 0.8278506484375001 0.3401041671875 0.8349303890625001 0.3380208328125 0.8364928890625001 0.3380208328125
0 0.9463662187499999 0.2494791671875 0.94101869375 0.2442708328125 0.9363554390625 0.24322916718749998 0.9293969234375 0.2401041671875 0.9198037187499999 0.2494791671875 0.9218080375 0.2640625 0.9263743125000001 0.2692708328125 0.9357735578125 0.2682291671875 0.9453425171875001 0.2598958328125 0.9463662187499999 0.2494791671875
0 1 0.14908955937499999 0.9979367390625 0.1484375 0.9891247843750002 0.1578125 0.9910563671875 0.1755208328125 0.9940116531250001 0.1828125 1 0.18234368125 1 0.14908955937499999
0 0.8488366015625001 0.2776041671875 0.8508894109374999 0.2901041671875 0.8592891999999999 0.2984375 0.8668834953125 0.3078125 0.87332745625 0.2994791671875 0.8696394109375 0.2901041671875 0.8644616015625001 0.2776041671875 0.8567460828125 0.2734375 0.8488366015625001 0.2776041671875
1 1 0 0.4796875 0 0.4796875 0.19823485000000002 0.4803667265625 0.1984375 0.49638505468750005 0.21510416718749997 0.5060564046875 0.2359375 0.52280749375 0.2546875 0.5304260328125 0.2630208328125 0.5442460828125 0.2734375 0.5611668859375001 0.2848958328125 0.58450740625 0.2890625 0.6067757359375 0.3057291671875 0.622939534375 0.3161458328125 0.6351243484375 0.3296875 0.6520693984375 0.3401041671875 0.6766518234375 0.3244791671875 0.70702359375 0.32864583281250004 0.7164955734375 0.3244791671875 0.74151981875 0.3234375 0.75401981875 0.3234375 0.781290834375 0.3265625 0.80401981875 0.3234375 0.8151270343749999 0.3161458328125 0.813243940625 0.29635416718749996 0.833774646875 0.2869791671875 0.8481523328125 0.2734375 0.8757385328125 0.2630208328125 0.8900434828125 0.2526041671875 0.8803478890624999 0.2328125 0.8976566140625 0.22760416718749998 0.9247821593750001 0.23697916718749998 0.9345935703125001 0.2182291671875 0.9691436937500001 0.2442708328125 0.9790763296874999 0.2203125 0.9865197468750001 0.2026041671875 0.9636398828124999 0.1786458328125 0.9754798578125001 0.1734375 0.9851942890625001 0.1588541671875 0.9989361953125 0.1390625 1 0.136970740625 1 0
0 0.184305425 0.91875 0.17873969375 0.9229166671875 0.1753964890625 0.9322916671874999 0.17901179843749998 0.9447916671875 0.19085177343749998 0.9395833328125001 0.1950489640625 0.9270833328125001 0.184305425 0.91875
0 0 0.9290294078125001 0.0044239640625 0.9270833328125001 0.0094508953125 0.9125 0.003467590625 0.9010416671874999 0 0.9003782328125001 0 0.9290294078125001
0 0.104068309375 0.8416666671874999 0.10655752968750001 0.8354166671875 0.10277250468750002 0.8302083328125001 0.093542975 0.8239583328125001 0.08707477031250001 0.8333333328125001 0.086099559375 0.8416666671874999 0.0890790890625 0.8479166671874999 0.09611033906250001 0.8479166671874999 0.104068309375 0.8416666671874999
0 0.377020725 0.5604166671875 0.38290704999999997 0.5760416671875 0.387473325 0.58125 0.4008030640625 0.5791666671875 0.4204312953125 0.575 0.40824648124999996 0.5614583328125 0.398284190625 0.553125 0.38583268125000003 0.5510416671875 0.37958268125 0.5510416671875 0.377020725 0.5604166671875
0 0.366573534375 0.5729166671875 0.3671365796875 0.5822916671875 0.3717028546875 0.5875 0.3819318390625 0.584375 0.37938872031250004 0.559375 0.372502940625 0.553125 0.37008645625000003 0.55625 0.367645725 0.5604166671875 0.366573534375 0.5729166671875
0 0.350264265625 0.56875 0.360420515625 0.56875 0.36278851093750003 0.5677083328125 0.3669372109375 0.5572916671875 0.3632734109375 0.546875 0.349846690625 0.553125 0.348822990625 0.5635416671875 0.350264265625 0.56875
0 0.4796875 0.68755238125 0.47022931406249996 0.684375 0.45611832343750003 0.6864583328125 0.45895238281250006 0.6989583328125 0.46339743125000005 0.709375 0.4750192015625 0.7135416671875 0.4796875 0.7026119921875 0.4796875 0.68755238125
1 0 0.5296875 0 0.83125 0.018373259375 0.83125 0.0304853390625 0.8479166671874999 0.0452805984375 0.85 0.0446879015625 0.8083333328125001 0.0495262796875 0.8354166671875 0.070644275 0.834375 0.07406021562500001 0.821875 0.06756235625 0.7989583328125001 0.0826000671875 0.790625 0.088505228125 0.771875 0.1090601796875 0.7614583328125001 0.09104834687499999 0.796875 0.099520871875 0.8020833328125001 0.1249330375 0.784375 0.138063409375 0.7572916671875 0.1353263296875 0.740625 0.1453856 0.7447916671874999 0.1537853890625 0.753125 0.15334897812499998 0.771875 0.1673629875 0.7739583328125 0.17851869375 0.7645833328125 0.17031286406249999 0.7479166671874999 0.17448581093749999 0.7364583328125001 0.17008925156250002 0.7239583328125 0.175606490625 0.721875 0.18547180000000002 0.734375 0.1976269609375 0.715625 0.182292903125 0.703125 0.1895423578125 0.69375 0.1975973078125 0.6833333328125 0.20458006874999998 0.6854166671875 0.2179582984375 0.68125 0.2351457984375 0.68125 0.2366786453125 0.6489583328124999 0.24663552656249998 0.6239583328125 0.2541031875 0.6052083328125 0.34783435156250003 0.6395833328125 0.3026619140625 0.6 0.3022928296875 0.5822916671875 0.294989475 0.5604166671875 0.2598574703125 0.559375 0.2656171609375 0.546875 0.274943671875 0.5489583328125 0.2936209359375 0.5520833328125 0.300307346875 0.5333333328125 0.3136128421875 0.5322916671875 0.3156265796875 0.5296875 0 0.5296875
0 0.694465009375 1 0.6949896578125 0.9984375 0.6967218734375 0.9911458328125 0.692228334375 0.9828125 0.6869050546875 0.9765625 0.678165834375 0.9828125 0.6747741390625001 0.9942708328125001 0.676593915625 1 0.694465009375 1
0 0.6576765046874999 1 0.65155484375 0.9848958328125 0.642349559375 0.9776041671875 0.6345128140625 0.9786458328125001 0.6342461187499999 0.9901041671874999 0.641437665625 1 0.6576765046874999 1
0 0.7647713796875 0.8869791671874999 0.7618888296874999 0.8765625 0.7526593 0.8703125 0.7448952906249999 0.8682291671875 0.7431873203125 0.8744791671875 0.7353263296874999 0.8765625 0.73889315 0.8911458328125 0.7481469234375 0.8963541671874999 0.75754616875 0.8953125 0.7647713796875 0.8869791671874999
0 0.8029690781250001 0.8234375 0.7985482734375 0.8119791671875 0.796180278125 0.8130208328125 0.7858058234375 0.8223958328125001 0.7816571234375 0.8328125 0.7853936578124999 0.8401041671874999 0.7947201671874999 0.8421875 0.80211509375 0.8265625 0.8029690781250001 0.8234375
0 0.9546850703124999 0.7161458328125 0.9555875453125001 0.7109375 0.9472362453125001 0.7005208328125 0.9347362453125001 0.7005208328125 0.928340775 0.7067708328125 0.9295638437499999 0.7213541671875 0.9348871234375 0.7276041671875 0.9458973593749999 0.7244791671875 0.9546850703124999 0.7161458328125
1 0.4796875 0.5296875 0.4796875 0.99174510625 0.4841006484375 0.9963541671874999 0.5019966625000001 0.9994791671875 0.506975103125 0.9869791671874999 0.520916378125 0.9921875 0.528724596875 1 0.5421755109374999 1 0.5575866390625001 0.9942708328125001 0.5764578640625 0.9890625 0.5927186437499999 0.9953125 0.605509584375 0.9828125 0.6222552640625001 0.9682291671875 0.6361668859374999 0.9411458328125001 0.657653965625 0.9578125 0.6573818609375 0.9359375 0.6754718375 0.9307291671875 0.6858947828125 0.9192708328125001 0.6909028765625 0.9390625 0.7059163421875001 0.9317708328125001 0.7141410078125 0.9140625 0.715407159375 0.8932291671874999 0.7031738546875 0.8817708328125 0.703319325 0.8755208328125 0.7129367765625 0.8651041671874999 0.7281199562499999 0.8505208328125 0.740668446875 0.8484375 0.7522417265625 0.8546875 0.7723117765625 0.8651041671874999 0.788645290625 0.8682291671875 0.798559090625 0.8786458328125001 0.817333334375 0.8776041671874999 0.8176000312499999 0.8661458328125 0.803828471875 0.8536458328125001 0.7875676921875 0.8473958328125001 0.7791436578125 0.8401041671874999 0.78438879375 0.8161458328125001 0.7768968875000001 0.8359375 0.7709135828125 0.8244791671874999 0.7757707984375 0.8171875 0.781675959375 0.7984375 0.7930498703125 0.7796875 0.8015654781249999 0.7494791671875 0.803588634375 0.7296875 0.8108623343750001 0.7192708328124999 0.8040977796875 0.7078125 0.8059997109375001 0.6932291671875 0.8153747109375 0.6932291671875 0.836983015625 0.7046875 0.861692075 0.7171875 0.8836452171874999 0.7473958328125001 0.895776134375 0.7296875 0.8776322609375 0.7036458328124999 0.8811936718750001 0.6848958328125 0.86720390625 0.6817708328125 0.8544372109375 0.6932291671875 0.83739518125 0.6869791671875001 0.8362690921875 0.6682291671875 0.8494776078124999 0.6713541671875001 0.8560185484374999 0.6588541671875 0.85484396875 0.6421875 0.8508838203125 0.6109375 0.8496122609375 0.5984375 0.8373304671875001 0.5890625 0.8266354171875001 0.5786458328124999 0.827071828125 0.5598958328125 0.8459188093750001 0.5557291671875 0.829313190625 0.5307291671875001 0.829170025 0.5296875 0.4796875 0.5296875