0 0.47578387187500004 0.09104515468749999 0.46424428281249996 0.095079559375 0.4557847421875 0.0981076359375 0.4521785359375 0.10536121406250001 0.4558523296875 0.118953040625 0.47289863906249996 0.11602506406249999 0.48253771875 0.103630659375 0.47578387187500004 0.09104515468749999
0 0.420284640625 0.0309910203125 0.41079002343750004 0.027753645312500002 0.4031111 0.030790821875000002 0.39880909999999997 0.04012075 0.40478233125 0.05269715312499999 0.41661879218750003 0.055961826562500004 0.424908690625 0.04876285 0.420284640625 0.0309910203125
0 0.4071917640625 0.073569859375 0.40417135625 0.0568589546875 0.398494996875 0.0515816296875 0.38912761093750003 0.05147243124999999 0.3846983796875 0.057674182812499995 0.3884994046875 0.0743941859375 0.390187865625 0.0775405625 0.399640071875 0.0797352125 0.4071917640625 0.073569859375
0 0.1705711734375 0.1260497296875 0.17531450937499998 0.1083871 0.168645484375 0.097887046875 0.162315740625 0.095728796875 0.15541743125000002 0.0987750734375 0.1501227640625 0.102882275 0.1451249671875 0.11428855468750002 0.15187881406249998 0.1268740578125 0.15825096875 0.1300750328125 0.1705711734375 0.1260497296875
0 0.15499961874999998 0 0.14773984843750002 0.0059270203125 0.1438367703125 0.0058815203125 0.13702328125000002 0.011013248437500001 0.140043690625 0.027724153125 0.14698440937499999 0.025720603125 0.1567931296875 0.017497099999999998 0.15550359062500002 0.0049752953125 0.155301234375 0 0.15499961874999998 0
0 0.19084994375 0.1450462828125 0.17840250625 0.145943409375 0.1761030703125 0.14695883437499999 0.17258168437500002 0.1562978625 0.178385275 0.16470336562500001 0.19009450781249998 0.1648398640625 0.1982995859375 0.15555543593750001 0.19084994375 0.1450462828125
0 0.46992724687500004 0.2348047484375 0.479591503125 0.2422130265625 0.4918693 0.23714499843749998 0.4912755578125 0.22254684375 0.49015565937499994 0.21419594218750002 0.4767155578125 0.20987034218749998 0.46825601875 0.21289841874999998 0.46490427343749996 0.2264083484375 0.46992724687500004 0.2348047484375
1 0 0.65 0.5296875 0.65 0.5296875 0.4481249265625 0.52701949375 0.4491276328125 0.5173552375 0.44171935625 0.51178093125 0.419767525 0.4918838515625 0.4101555 0.4862671359375 0.3871609453125 0.48117657343750003 0.3579191359375 0.467906109375 0.35776443750000003 0.46262867500000004 0.343111684375 0.45617169999999996 0.3378252578125 0.45857318906250005 0.3201353265625 0.440152521875 0.3084560515625 0.44983401093750003 0.2971043703125 0.4506318578125 0.278353515625 0.4533050390625 0.24815998125 0.43748067968750004 0.2427643578125 0.431133703125 0.2593660625 0.42341236875000005 0.2613605140625 0.41011672812500005 0.241403134375 0.40952298593750003 0.22680498125 0.40688426718750004 0.219478603125 0.401836115625 0.1912795203125 0.3812008328125 0.18270112031250002 0.373122984375 0.19511372656249998 0.35824887968749997 0.1938981015625 0.3451480578125 0.19791430625 0.34318790312499997 0.20727153281250002 0.328356209375 0.207098634375 0.3317503640625 0.19463143125 0.322442621875 0.176805 0.3005853890625 0.176550203125 0.277608259375 0.167944503125 0.266934103125 0.17407345624999998 0.24455071562500003 0.1800659109375 0.23678697187500003 0.18101763906249999 0.22646933125 0.1767284390625 0.2078193796875 0.178595490625 0.19845199375 0.1784862921875 0.1789366078125 0.17825879375 0.16332429843750002 0.1780767953125 0.13495044843749998 0.1902528015625 0.12014393281249999 0.20988258593750003 0.10052649375 0.22632959375 0.0780582859375 0.23023659687500003 0.055318385937500006 0.24664720624999997 0.0423447953125 0.2537915859375 0.022557715625 0.266067690625 0.01049196875 0.2763493453125 0.0037884796875 0.3033692046875 0 0.30539324687499997 0 0.65
0 0.7092449546874999 0.09071517343749999 0.7058508 0.1031823765625 0.7031100296874999 0.1125305046875 0.7105596703125 0.1230396578125 0.71828100625 0.12104520781250001 0.72401700625 0.10860530156249999 0.7183406484375 0.10332797499999999 0.7200463421875 0.0877143953125 0.7285231125 0.0659263625 0.7183751125 0.0658080640625 0.7092449546874999 0.09071517343749999
0 0.6994945390625 0.1771066765625 0.701183 0.1802530515625 0.694878434375 0.1978974828125 0.701547459375 0.20839753437500003 0.7123064343750001 0.20435403124999998 0.7182968984375 0.19817047968749998 0.7251103859375 0.19303875312500002 0.7201722312500001 0.1867278015625 0.7075551546875001 0.1834540265625 0.6994945390625 0.1771066765625
0 0.7191278703125 0.23778494062500002 0.7295727421875 0.24520231718750002 0.73638623125 0.24007059062499997 0.7382191546875 0.2275851859375 0.7341040249999999 0.222326059375 0.7301585390625001 0.22123783593750002 0.7224372031249999 0.2232322859375 0.7191278703125 0.23778494062500002
0 0.662176065625 0.295485965625 0.6687178609375 0.3028578421875 0.6829809906250001 0.3082352671875 0.686502375 0.29889623906249996 0.686943709375 0.2905635359375 0.6835243765625 0.283228059375 0.6772794515625 0.283155259375 0.6694732968749999 0.2830642625 0.6618791953125001 0.2881868890625 0.662176065625 0.295485965625
0 0.6293902171875 0.2951037703125 0.6290761125 0.30656464843750003 0.6420072937500001 0.2983775453125 0.6486087312500001 0.2880321890625 0.6595969890625 0.270442359375 0.6716375578125 0.2403580234375 0.65358135 0.25682322968750004 0.643246475 0.2712939859375 0.635991653125 0.284758415625 0.6293902171875 0.2951037703125
0 0.5320598000000001 0.261659996875 0.5346985156249999 0.2689863734375 0.5474004140625001 0.2743455984375 0.55022600625 0.26708292031249997 0.549190928125 0.26081746875 0.5440407234375 0.24929289062499999 0.53745651875 0.2408782890625 0.5306006203125 0.2449672921875 0.5301592859375 0.25329999375 0.5320598000000001 0.261659996875
0 0.7331935015625 0.4109592421875 0.7343982171875 0.4213955953125 0.74372319375 0.42046206875000003 0.7567391953125 0.41436041562500003 0.756968478125 0.40081408593749995 0.748950271875 0.3955094609375 0.7395404765625 0.3943575359375 0.73441545 0.4026356390625 0.7331935015625 0.4109592421875
0 0.7770683203125 0.4729623296875 0.785782321875 0.47619060468749996 0.791772784375 0.4700070515625 0.7954638093749999 0.464838925 0.7918748359375 0.453332546875 0.7861560671875 0.4470124953125 0.7784347328125 0.4490069484375 0.7767290390625 0.46462052812500004 0.7770683203125 0.4729623296875
0 0.75358226875 0.4518439265625 0.760819859375 0.4571394515625 0.77248668125 0.4562332265625 0.7765342203125 0.44064694531250004 0.7948197109375 0.41063540937500004 0.768999759375 0.42805234218750005 0.75746016875 0.4320867453125 0.748389653125 0.4392766234375 0.75358226875 0.4518439265625
0 0.8097786359375 0.4139364828125 0.8126042265625 0.40667380625 0.8001143796875001 0.4065282078125 0.791994121875 0.41789808749999996 0.7853502734375001 0.4272007140625 0.7910266328125 0.43247804062500006 0.799486171875 0.4294499640625 0.8097786359375 0.4139364828125
0 0.8324164843750002 0.41420037968749995 0.84060433125 0.42367590625 0.8502434093750001 0.41128150156250004 0.8518218734375 0.3925397453125 0.8579992078125 0.37176713906250003 0.850888846875 0.36959979062500004 0.8405115640625 0.3830278203125 0.8341645875000001 0.3996295265625 0.8324164843750002 0.41420037968749995
0 0.9219897640625 0.5830437453124999 0.9311278656249999 0.5966992734375001 0.9387643796875 0.5926193718749999 0.9417172015624999 0.58848486875 0.9490992531250001 0.578148615625 0.9447720734375 0.5676758640624999 0.9360580734374999 0.5644475875 0.9269451500000001 0.5705947421875 0.9219897640625 0.5830437453124999
0 0.8747115015624999 0.5908304531249999 0.8666508859375 0.5844831015625 0.8604059625 0.5844103031250001 0.856757346875 0.5906211546875 0.8598625765625 0.6094175109375 0.8721827828125001 0.6053922078125 0.8747115015624999 0.5908304531249999
0 0.8359776 0.5976745359375 0.8450308828124999 0.6092446125000001 0.85209883125 0.6103692374999999 0.8572662687499999 0.603133859375 0.854118628125 0.583294778125 0.8498762703124999 0.5749074765625 0.8460156031249999 0.575904703125 0.8355110874999999 0.58620455625 0.8359776 0.5976745359375
1 0.5296875 0.65 0.8434923078125 0.65 0.8541093421875001 0.6406173703125 0.8575034968749999 0.6281501671874999 0.846846575 0.6155191640625 0.8344839578125001 0.6185017421875 0.8329399593750001 0.5997235875 0.8170307781249999 0.592242509375 0.8089105218749999 0.603612390625 0.80414200625 0.601472340625 0.7996451875 0.5868286859375 0.8056356499999999 0.580645134375 0.8009691890624999 0.5618305796875 0.7937316 0.556535053125 0.7906860109375 0.5200214671875 0.7836777046875 0.5011796125 0.7676161140625 0.4707676796875 0.7565178578125 0.4664693796875 0.7465991390625 0.452804753125 0.7340668828125001 0.4516164296875 0.7274826765625 0.44320182812500003 0.715035240625 0.44409895468749994 0.7103687796875 0.4252843984375 0.6993553421875001 0.42307154999999996 0.695723959375 0.41052244687500006 0.7013751390625 0.395997090625 0.7066446281250001 0.37208720781250004 0.7062629375 0.36270267968750003 0.6864506796875001 0.35517610624999996 0.6764723187499999 0.3592287078125 0.6785424718749999 0.3717596109375 0.6756744718750001 0.3779795640625 0.6675290359374999 0.3695467609375 0.6623788312500001 0.358022184375 0.6507120093750001 0.3589284109375 0.6419980078125 0.3557001359375 0.6498213953125 0.33703117968749996 0.6485742671875 0.3255521015625 0.638409034375 0.3441937578125 0.6150502125 0.32620353125 0.609161803125 0.315712578125 0.598275596875 0.31662790625000004 0.5797701078124999 0.302863178125 0.5667965171875 0.3100075578125 0.551413490625 0.2962792296875 0.545694721875 0.289959178125 0.5296875 0.2897725765625 0.5296875 0.65
0 0.4093976671875 0.65 0.40561767499999996 0.65920476875 0.410029675 0.671762971875 0.418743675 0.674991246875 0.42846757343749997 0.66468229375 0.42977434375 0.6584441421875 0.4263126 0.6500659375 0.42614234843750004 0.65 0.4093976671875 0.65
0 0.34344074999999996 0.65 0.33909571875 0.6542603765624999 0.334309975 0.67088028125 0.34131828125 0.6897221359375 0.3522893078125 0.690892259375 0.36226766875 0.6868396578125 0.3603843875 0.6597197 0.3506777203125 0.6512686999999999 0.3469568625 0.65 0.34344074999999996 0.65
0 0.328106121875 0.7677354359375 0.31774606875 0.7624035109375 0.31154355625 0.7633734375 0.31049124687499996 0.775867940625 0.31576868281250003 0.7905206953125 0.32296386250000003 0.7947734953125 0.3274355046875 0.7896144671875 0.332390890625 0.7771654625 0.328106121875 0.7677354359375
1 0 0.65 0 1 0.2754894921875 1 0.2757677421875 0.9964161125000001 0.290387384375 0.991375384375 0.3234449265625 0.9792539765624999 0.3327023140625 0.95747504375 0.34149318906250004 0.92422613125 0.32359867656249997 0.906299603125 0.31309416093750003 0.916599459375 0.30005298125 0.90289843125 0.294478675 0.8809466 0.3148767296875 0.8645086921875 0.312424884375 0.8425932609375 0.29598955 0.8413594390625001 0.294632421875 0.8079922265625001 0.2964229359375 0.7944641 0.287072784375 0.7755949453125 0.283628271875 0.7484567859375 0.27436293906250003 0.7316730828125 0.28956837812499997 0.702667871875 0.29469340625 0.69438976875 0.290196584375 0.6797461140625 0.27922555937500004 0.678575990625 0.27500043281250003 0.6514287328125 0.27602082031249997 0.65 0 0.65
0 0.7062934921874999 0.9491377 0.7191822640625001 0.9399078703124999 0.717112109375 0.9273769671875 0.7112237 0.916886015625 0.704809134375 0.9126423156250001 0.69183554375 0.9197866937500001 0.6942025671875001 0.9396166734375001 0.7062934921874999 0.9491377
0 0.6823409265625 0.9165493187500001 0.673228003125 0.922696471875 0.6722181046875 0.9362337000000001 0.6771138484375 0.9415019265625 0.6911225156249999 0.9406230000000001 0.699242775 0.9292531203125 0.6932695437499999 0.91667671875 0.6823409265625 0.9165493187500001
1 0.5296875 0.65 0.5296875 1 0.6539994625000001 1 0.655289740625 0.9996124468750001 0.6560875875 0.9808615921874999 0.669332871875 0.9612136078125 0.6673475390625 0.95076815625 0.6650229249999999 0.9319809015625001 0.6672971828125001 0.91116279375 0.6644888250000001 0.899665515625 0.666975134375 0.8840610359374999 0.685497853125 0.8790658078125 0.69180241875 0.8614213749999999 0.6946028328125 0.8343560171875 0.6846841140625 0.8206913890624999 0.6870604234375 0.7831987765624999 0.6783464234375 0.779970503125 0.671448115625 0.7830167796875 0.6679439609375 0.7735958515625 0.6752836046875 0.7622168734375 0.680705503125 0.7612378468750001 0.6735023765625 0.7184224109375 0.6656114000000001 0.716245959375 0.6833283265625 0.69143895 0.6914485859375 0.6800690703125001 0.6921616125 0.6592327640625 0.6804099703125 0.6580535390625 0.6682366421875 0.65 0.5296875 0.65