1 0 0.3296875 0.45 0.3296875 0.45 0 0 0 0 0.3296875
0 0.7015229859375001 0.058171629687500004 0.69043231875 0.057849412499999996 0.6860255093750001 0.067068715625 0.6854699203125 0.0743678796875 0.6938941921875 0.0853823828125 0.7033370437500001 0.083015090625 0.7106785656250001 0.0717474203125 0.7076607312500001 0.06271881406249999 0.7015229859375001 0.058171629687500004
0 0.7325441984375 0.1252154421875 0.7407096296875 0.11529252812499999 0.7444777265625 0.102295415625 0.738617775 0.09409864999999999 0.7277123062499999 0.091343378125 0.724777590625 0.0933917453125 0.7219354765625 0.09422358593749999 0.7177138640624999 0.10100983593749999 0.7188986890625 0.1097819828125 0.7233791421875 0.12393315468749999 0.7325441984375 0.1252154421875
0 0.7953106265625 0.15243936875 0.78569205625 0.1449462140625 0.7764344 0.144880453125 0.7715740765625 0.147888890625 0.7686298875 0.1622307609375 0.7765080453125 0.168250928125 0.7885152171875001 0.1687013765625 0.7947550390625 0.1597385296875 0.7953106265625 0.15243936875
1 0.45 0.3296875 0.8551199359375001 0.3296875 0.8551307000000001 0.31572364375 0.8471694203125001 0.298626503125 0.8437906671875 0.282170503125 0.8298863140625 0.2457996234375 0.8241189609375 0.2363863328125 0.81128788125 0.234591128125 0.8033171234375001 0.22978748750000003 0.78397790625 0.22831120781249997 0.7826078843750001 0.221972115625 0.7980127625 0.21429155625 0.7960135078125 0.191881153125 0.7836359421875001 0.196296815625 0.775221146875 0.17298880781249998 0.7567058359375001 0.1728572875 0.7411157625 0.1829708984375 0.7359229515625 0.14167144062499998 0.7229161515625 0.13001579218749998 0.7091780421875 0.11579885781249999 0.6967078796875 0.12143104687499999 0.6820532640625 0.1070858828125 0.67124986875 0.0908205828125 0.6823500109375 0.0788493015625 0.6797025671875 0.0649545859375 0.658983853125 0.069432715625 0.6590574984375 0.09280319218750001 0.6531144265625001 0.07352945 0.652762984375 0.053808559374999995 0.6370897906249999 0.0528451953125 0.6281930499999999 0.0602068265625 0.6108625640625001 0.0688474546875 0.5950136484375 0.058023645312500004 0.5836451874999999 0.061351007812500004 0.5743970093749999 0.04899174375 0.54983655 0.0430965140625 0.5327838593750001 0.0480875578125 0.51683286875 0.050773778125 0.5071217 0.04449715 0.4836534671875 0.04859059375 0.469442890625 0.052749798437499995 0.45 0.0679682375 0.45 0.3296875
0 0.8436433749999999 0.2354295546875 0.8319971203125001 0.24240650000000002 0.8301546312500001 0.25444354375 0.8342741703125001 0.261167321875 0.8434392265625 0.262449609375 0.852974678125 0.2588657890625 0.8493181296875001 0.2460593734375 0.8436433749999999 0.2354295546875
0 0.222499071875 0.418857559375 0.22118519218750002 0.4050879515625 0.2102000671875 0.404596075 0.20474685625000003 0.4038331140625 0.1989788140625 0.4072063453125 0.19639754375000001 0.4204309828125 0.203558175 0.4297933125 0.2185958671875 0.4287620625 0.222499071875 0.418857559375
0 0.42290813125 0.79594703125 0.41278074374999996 0.7945301031249999 0.40358174687500004 0.8016035468750001 0.39866338749999997 0.8145012015624999 0.40192886874999995 0.8233185578125 0.41603011562500003 0.8242464109375 0.42522911093750004 0.8171729656250001 0.430226178125 0.8032412640625001 0.426724571875 0.7975260515625 0.42290813125 0.79594703125
0 0.3740591609375 0.692967 0.3659620828125 0.685563771875 0.35902146875 0.6939982484375 0.3574553546875 0.704229734375 0.361972115625 0.7069518 0.36929821875 0.70379655625 0.375845290625 0.7005323203125 0.3740591609375 0.692967
0 0.3608683578125 0.82488918125 0.37046089531250004 0.8126454953125 0.3616715515625 0.7936497499999999 0.3551244796875 0.7969139859375 0.3513160921875 0.7848854890625 0.3431322515625 0.7889657859375 0.3353338984375 0.798325315625 0.3380484203125 0.8143810109375 0.34069228906250004 0.8210212765625 0.3608683578125 0.82488918125
0 0.288731575 0.9140772109374999 0.2931776828125 0.9073838468750001 0.29412218437500004 0.8949752703125 0.30051184062499997 0.893779128125 0.287661875 0.8867559828125 0.28041448125 0.8888771765625 0.2737887 0.8931754609375 0.2711287203125 0.9074341453125001 0.2760309703125 0.9154354437500001 0.288731575 0.9140772109374999
1 0 1 0.2719561625 1 0.2728584671875 0.988145796875 0.260480753125 0.9749183609374998 0.25394173593749997 0.967733121875 0.251376575 0.96005880625 0.263455565625 0.9565234828125 0.271183265625 0.9377485249999999 0.2746222734375 0.923598834375 0.257483615625 0.9212009562500001 0.254367496875 0.920764978125 0.25914455 0.88903646875 0.26531418906250004 0.8700435203125 0.27243638593749997 0.8281925203124999 0.27231924375 0.7780132375 0.27101341875 0.7537941531250001 0.24732768906249997 0.7546605109375 0.239151903125 0.74829133125 0.2331557890625 0.7443172312499999 0.2262393390625 0.7214032796875001 0.217205815625 0.7159591531249999 0.21777288281249998 0.687821865625 0.2066383953125 0.6789486124999999 0.20174419999999998 0.6604978375 0.19319098125 0.638399946875 0.18212714531250002 0.6389421203125 0.1824661453125 0.6034575015625 0.19058738749999998 0.5795123015625 0.1834348109375 0.5597004968749999 0.170340665625 0.56622896875 0.152808465625 0.5690013296875 0.14526234843750002 0.554359765625 0.13966783124999999 0.5347659499999999 0.1457587625 0.5168070499999999 0.14430357656249998 0.48420658437499997 0.129116521875 0.4768564546875 0.11594366874999999 0.4844189765625 0.11101725312499999 0.50776610625 0.1022905078125 0.5086352609375 0.10402209375 0.485886203125 0.08991279375 0.49540782656250004 0.0833657203125 0.4986720625 0.0751979890625 0.48185340624999995 0.06858831875 0.465252740625 0.040307117187500005 0.46443108281250006 0.035546175 0.4752606390625 0.029164574999999998 0.46600730468750007 0.0311322875 0.4401561 0.02669423125 0.436399990625 0.0077533359375 0.44733574374999996 0 0.45274740625 0 1
0 0.1993463515625 0.536845240625 0.196843790625 0.5490358296875 0.20291055781249998 0.5624253593749999 0.2085998921875 0.560086175 0.21405310156250001 0.5608491359375 0.2204508109375 0.5492035203125 0.2176575796875 0.5341818734375 0.21088243750000002 0.530098778125 0.2037137515625 0.531185925 0.1993463515625 0.536845240625
0 0.16107469531250002 0.3569655671875 0.169109175 0.34450389375 0.16209790468750002 0.3435229421875 0.1546930953125 0.3477122328125 0.1528202015625 0.3516304359375 0.14883828906250002 0.3625689875 0.153118925 0.36839319375 0.158808259375 0.3660540109375 0.16107469531250002 0.3569655671875
0 0.11998196406249999 0.40033409375 0.115842634375 0.4133407421875 0.122853903125 0.41432169218750003 0.13531838125 0.41606560468750003 0.14443866875 0.41002620624999997 0.149593153125 0.394026409375 0.1544328046875 0.382162803125 0.148751525 0.374052509375 0.143385078125 0.36180602500000003 0.1341941390625 0.35842999531249997 0.12834738750000002 0.362837275 0.12468030781249999 0.369639634375 0.1253725734375 0.3812321515625 0.130589659375 0.3850972578125 0.12512839375 0.3947837734375 0.11998196406249999 0.40033409375
0 0.858852303125 0.8083293078124999 0.8714767671875 0.8038248671874999 0.8753200859374999 0.7905668984374999 0.8672848656250001 0.7844260796875 0.8568133750000001 0.785469309375 0.8486641859375 0.8056496578125 0.858852303125 0.8083293078124999
0 0.7783568937500001 0.8108626515624999 0.7793763171875 0.8222927125 0.7941536890625001 0.8143269640625 0.8062212093750001 0.8047279968750001 0.79781795625 0.7910108265625 0.784954503125 0.7905998359375 0.7783568937500001 0.8108626515624999
0 0.75723471875 0.8028908765625001 0.7620878109375 0.8136031359375 0.775552521875 0.8104702890625 0.7864963609375 0.8032224578125 0.7785653859374999 0.783300628125 0.7640713890624999 0.7875434984374999 0.75723471875 0.8028908765625001
0 0.69163084375 0.41119740625 0.6832080796875 0.422560440625 0.6859081328125 0.43673382499999996 0.6987117140625 0.44228763749999994 0.7022727328125 0.434241534375 0.698825753125 0.41596650312500005 0.69163084375 0.41119740625
0 0.67163241875 0.4008745546875 0.6853629437500001 0.3926949671875 0.6949172828125001 0.3928450359375 0.693340834375 0.3763206 0.68624038125 0.37031054375 0.6804427953125 0.37200770156249996 0.669310115625 0.3817374390625 0.662473515625 0.3970848703125 0.67163241875 0.4008745546875
0 0.6221150484375 0.4804826765625 0.623134478125 0.491912646875 0.6327558718749999 0.5020377703125 0.643510728125 0.4972717515625 0.6472596578124999 0.48525480156250006 0.6418398937500001 0.4819882625 0.6339935859375 0.47336557187499995 0.6221150484375 0.4804826765625
0 0.6031360578125 0.481589746875 0.611747734375 0.4677448390625 0.6219917078125 0.44965225625 0.6084906625000001 0.4484769625 0.5973579828125001 0.45820670156250004 0.588283746875 0.46571615624999996 0.58089020625 0.47596901562500005 0.5846195546875 0.4890322578125 0.592192215625 0.48883762343750004 0.6031360578125 0.481589746875
0 0.4936168625 0.4186092875 0.49744066406250004 0.43043164218749996 0.49948925 0.440751378125 0.505003540625 0.44277703593749995 0.5109901031249999 0.43859808593749994 0.5099705328125 0.427168071875 0.503075815625 0.414207928125 0.4936168625 0.4186092875
0 0.682211328125 0.621830321875 0.683146096875 0.62196110625 0.705401665625 0.615041728125 0.7049489687499999 0.596166190625 0.6943928140625 0.5859102359375 0.6807391265625 0.5915248500000001 0.676801284375 0.606023675 0.682211328125 0.621830321875
0 0.72745860625 0.6231443343749999 0.7348326375 0.637971634375 0.7474571015625 0.6334671953125 0.7578439265625001 0.6211248265625 0.7576647328125 0.611066590625 0.7473821546874999 0.6096279484375 0.74205685 0.6051204046875001 0.72745860625 0.6231443343749999
0 0.7192149624999999 0.64456559375 0.7169578125 0.6618078687500001 0.7162966265625 0.6704943515625 0.7244262296875 0.675394246875 0.7335949234375001 0.66664383125 0.7286319140625 0.6463708406249999 0.7192149624999999 0.64456559375
0 0.7136062890625 0.64378088125 0.723156725 0.6252308359375001 0.7127854875 0.6173289796875 0.7039001625 0.6223565625 0.6960441359375 0.626273978125 0.6903312125 0.639270325 0.69396610625 0.65357448125 0.7072419 0.6529236 0.7136062890625 0.64378088125
1 0.45 1 0.7240460796875 1 0.7277418328125 0.9793616671875001 0.7342104015625 0.9564378796875002 0.7422554124999999 0.9500386015625001 0.73768568125 0.935603653125 0.725344659375 0.9363852687499999 0.7246085203125 0.9212325515625001 0.7421902593749999 0.913659209375 0.7576386046875 0.8844669265625 0.744760140625 0.8550739515625001 0.7586971312499999 0.8457364437500001 0.776184409375 0.8394041109374999 0.7699340578125 0.822225675 0.7538538953125 0.8224841937499999 0.7497565109375 0.8018445968750001 0.7293801875 0.7964855265625 0.7187295812500001 0.7874704375 0.7317318609375001 0.7780023468749999 0.7238953484375 0.7568395125 0.7234523703125 0.725423865625 0.7138504921875001 0.6902184874999999 0.697223178125 0.67284238125 0.6809736109375001 0.650502565625 0.6617307625000001 0.6302522125 0.652288496875 0.63018526875 0.649305075 0.6197346921875 0.6345374296874999 0.615160240625 0.6382016921875 0.591844146875 0.6561611828125 0.5793070984375 0.6600143562499999 0.553509134375 0.645341240625 0.5476937328125 0.63431273125 0.5436424734375 0.6286942703125 0.5553978578125001 0.6171935562499999 0.5575512203125 0.6128128078125 0.5406344078125 0.5996314015624999 0.5400443171875 0.58309846875 0.5214272875 0.5693699078125001 0.5032026171874999 0.5519868750000001 0.49575394062499994 0.5285326828125 0.48118511093750005 0.51432205 0.48170520000000006 0.50518273125 0.452835271875 0.486855065625 0.45779595000000006 0.47218201875 0.4519806046875 0.46076590156249997 0.4654330921875 0.45 0.46280706406250005 0.45 1