1 0 0 0 0.5049155515625 0.0344855421875 0.5254684171874999 0.058519695312499995 0.543231546875 0.08185296875 0.559375 0.4112209640625 0.559375 0.41171675625 0.5587516515625001 0.41193567499999995 0.559375 0.4464859234375 0.559375 0.44694129531250004 0.549079296875 0.4555594421875 0.5331030984375 0.47594530625000003 0.5328336546875 0.4749903875 0.5045603703125 0.4835408765625 0.497237225 0.47527519687500003 0.4514234734375 0.48835029687500003 0.4336135625 0.5011973000000001 0.39484182031250004 0.50653056875 0.36448877031250004 0.5145288515625001 0.3609443796875 0.529759296875 0.318147828125 0.5420399171875 0.3016795203125 0.54163720625 0.269627484375 0.54375325 0.2162445328125 0.5461650484375 0.1751703609375 0.55350416875 0.1556614640625 0.5606544921875 0.1435870421875 0.5401616734375 0.124113228125 0.5343187359375 0.1026709828125 0.554772253125 0.0937484859375 0.5501548656249999 0.0659673109375 0.533377996875 0.0558730171875 0.5378491249999999 0.0355146234375 0.5507889078125 0.03501081875 0.5625031421875 0.0408459484375 0.576736134375 0.025350162500000002 0.574797940625 0.0058529578125 0.5721152046875 0 0 0
0 0.5606544921875 0.1435870421875 0.565945225 0.1688080421875 0.57467033125 0.1725751015625 0.5853619890624999 0.158789996875 0.5806092859375 0.1483149265625 0.57414648125 0.1393044875 0.5606544921875 0.1435870421875
0 0.65 0.4249636265625 0.6386862 0.4245273421875 0.639708775 0.44414757343750005 0.6497129109374999 0.4514473296875 0.65 0.4514087546875 0.65 0.4249636265625
0 1 0.559375 1 0.5536522109375001 0.994287803125 0.549392140625 0.9849485046875 0.5506470140624999 0.982854375 0.559375 1 0.559375
1 1 0 0.65 0 0.65 0.38818852812500004 0.6613307421875 0.4051976 0.6818506875 0.4370780296875 0.7122943265625 0.4497814546875 0.7210037734375 0.45805782656250005 0.7476469531250001 0.4880658828125 0.7739932828125 0.4992205921875 0.7915726546874999 0.509454028125 0.813203878125 0.51284529375 0.8239967625 0.5103454843749999 0.8388869515625 0.5093943859375 0.8467031078125 0.532485521875 0.8584226890625001 0.5393078109375 0.85706001875 0.557334515625 0.8575560578125 0.559375 0.884202553125 0.559375 0.8844026109375 0.5547102515625 0.875487228125 0.544362303125 0.8888208703125 0.5436203515625 0.8998076328125 0.5589381 0.9095253937500001 0.5376895140625 0.9172626859375 0.5282529015625 0.941389209375 0.5250111390625001 0.966088075 0.519593228125 0.9956625234375001 0.5156194562499999 1 0.5135780609375 1 0
0 0.46121394843749997 1 0.4615221015625 0.9982462156250002 0.45139682812500004 0.9897278828125 0.4396149359375 0.9925458109375 0.4378892515625 1 0.46121394843749997 1
0 0.5846556359374999 0.7248521953125 0.594417496875 0.7297148 0.5990632421875 0.7204466125 0.5999253812500001 0.71045195625 0.5930991671875 0.6977857890625 0.5913890687500001 0.6992504203125 0.5774660093749999 0.7085303015625 0.5846556359374999 0.7248521953125
0 0.5899244796875001 0.6191818421875 0.6010865078125 0.628795721875 0.6096369984375001 0.6214725750000001 0.6140404703125 0.6097672359375 0.6113612765625 0.6014832640625001 0.6051407484375 0.594909971875 0.595190090625 0.597481846875 0.5921333046874999 0.60406683125 0.5899244796875001 0.6191818421875
1 0 0.559375 0 0.901548434375 0.01274063125 0.907894834375 0.0412317375 0.92382425625 0.0688214015625 0.9213520187500001 0.0775323296875 0.943643759375 0.092114553125 0.95032838125 0.11011697499999999 0.95408374375 0.129694175 0.9736805859375 0.152773409375 0.96317043125 0.1768894 0.9537558265625 0.1896403890625 0.9606865031249999 0.20081659375 0.9517757015624999 0.2111306640625 0.9528595546874999 0.2218757984375 0.9489460796875001 0.24385062031250002 0.9459934328124999 0.252077 0.963410871875 0.265811265625 0.9615654671874999 0.276435265625 0.9564334171875 0.2947476171875 0.953972878125 0.3001343640625 0.93349145625 0.30887365 0.9187338328125 0.3226079140625 0.9168884265624999 0.3369478640625 0.921135896875 0.3418358828125 0.9143048609375001 0.35097788125 0.931599275 0.3680646828125 0.9354776640625 0.3762124625 0.8961024828124999 0.38519402187499996 0.8837820078125 0.40442199062500006 0.881198440625 0.41364582499999997 0.8713151171875 0.420931465625 0.841934590625 0.41997654687499997 0.8136613046875001 0.409434384375 0.7916156187500001 0.4188470125 0.774297815625 0.431451740625 0.7330889234375 0.448203490625 0.696262221875 0.45757681874999995 0.6505481093750001 0.47089419218749995 0.6351753515625 0.4710971671875 0.6092161890625001 0.4816676875 0.5942125093749999 0.471610071875 0.5770411265625001 0.47517162500000004 0.559375 0 0.559375
0 0 0.98650119375 0.0012654359375 0.988467215625 0.013289603124999999 0.988086440625 0.018783309375 0.9873482765624999 0.024708084375 0.9816127874999999 0.023617850000000003 0.9706456093749999 0.02233881875 0.9671129109375001 0.009708970312499999 0.9614008109375 0 0.9605700984375 0 0.98650119375
0 0.9568215296875 0.9610367437499999 0.9435908546875 0.9628144828125 0.9435788031250001 0.9785604640625 0.9445630109375 0.9805274671875001 0.9661487765625001 0.9755278484375001 0.9568215296875 0.9610367437499999
0 0.943581553125 0.9071856578125 0.956857684375 0.913798803125 0.974243175 0.9062146796875 0.9534597890625001 0.87961776875 0.9448533062500001 0.8723771843750001 0.9413162906250001 0.884398303125 0.943581553125 0.9071856578125
0 0.785421959375 0.879104446875 0.7868634890624999 0.8936054921875 0.7985496671875 0.8762909171875 0.812925025 0.8701608765625 0.8067108781249999 0.8552514812500001 0.7895888281250001 0.8575520859375001 0.785421959375 0.879104446875
0 0.679195353125 0.9846948828125001 0.6835106468750001 0.9725691937499998 0.6841404984375 0.963037946875 0.683007865625 0.9516442671875 0.6760033921875 0.952585425 0.6666065828125001 0.9611953953124999 0.6662856296874999 0.9738340093750001 0.6684024703125 0.9871946921875001 0.679195353125 0.9846948828125001
0 0.9174346046874999 0.771098896875 0.922561578125 0.7830054984375 0.93372086875 0.776257959375 0.9363766468750001 0.763305628125 0.9246570640625 0.7564833359375001 0.9196210062500001 0.7613585046875 0.9174346046874999 0.771098896875
0 0.733452815625 0.7926707453125 0.7397819796875 0.7928699484375 0.7464775546875 0.788821425 0.7497056734374999 0.7736929421875001 0.7423468421875 0.7631358484375 0.7367959515625 0.7628320703125 0.7287497593750001 0.769161315625 0.7274446 0.779832925 0.7290466078125 0.7880146640625 0.733452815625 0.7926707453125
0 0.65 0.8057683749999999 0.6602949671875 0.8025006015624999 0.6635230859375 0.78737211875 0.6587625218750001 0.7712177875 0.6522274234375 0.7689470046875 0.65 0.769479746875 0.65 0.8057683749999999
0 0.8326294875 0.67963058125 0.8226723890625 0.674670721875 0.8173728890625 0.68482940625 0.8174183453125 0.6932202921874999 0.8211492437500001 0.699016734375 0.82815371875 0.698075578125 0.8353186703125001 0.690815115625 0.8370356953125 0.6842866625 0.8326294875 0.67963058125