0 0.2976605140625 0.1707691390625 0.28908022031249997 0.1863565765625 0.2948986796875 0.1981699765625 0.30550925156250003 0.196914865625 0.3125795703125 0.190709715625 0.3168697171875 0.182915996875 0.3097892109375 0.1730159203125 0.3047349078125 0.17100608125 0.2976605140625 0.1707691390625
0 0.17985063437499998 0.0533989671875 0.18591498281250002 0.05452235625 0.192231334375 0.05461887343750001 0.19500335468750002 0.0433232625 0.19272311250000002 0.03323885625 0.1871627671875 0.03006171875 0.17933236875 0.032905396875 0.1768123484375 0.043174135937500004 0.17985063437499998 0.0533989671875
0 0.18966918593749998 0.3976821265625 0.2078540796875 0.3881681171875 0.20961809374999998 0.3809800015625 0.190169115625 0.3891862875 0.184854659375 0.37531913906250003 0.1694479 0.38320067343750003 0.16086556875 0.39556706406250003 0.15910359375 0.405976225 0.1692121984375 0.40999590625 0.1813368203125 0.4058005984375 0.19953597812499999 0.4188339046875 0.203574121875 0.4120670609375 0.18966918593749998 0.3976821265625
0 0.1374314234375 0.494287365625 0.142741803125 0.5017124234375 0.1518362875 0.500176465625 0.16270089999999998 0.501115525 0.173313509375 0.5030814578125 0.183668003125 0.49641113125 0.18568198281249998 0.48497509531249994 0.18112760781249998 0.4744694171875 0.167984790625 0.4666669953125 0.158130225 0.4648414859375 0.152317878125 0.46269122031250004 0.1449955578125 0.4699232453125 0.14676568437499998 0.47239826406249996 0.14348558281249998 0.4793055328125 0.140455446875 0.48196488281249994 0.1374314234375 0.494287365625
1 0 0 0 0.5657041984375 0.017567484375 0.56875 0.0216797171875 0.56875 0.02352790625 0.5612188796875001 0.043222775000000005 0.542322584375 0.0449867890625 0.53513446875 0.0588733859375 0.5205299984375 0.06771179375 0.5135788234375 0.0823625484375 0.5087779125 0.086144615625 0.49659585 0.117212175 0.48302695937499995 0.10406528125 0.468782446875 0.1032868625 0.43643157187500004 0.1181753546875 0.40805647343749996 0.13131002187500002 0.402974715625 0.13862826718750001 0.3893006 0.13761007187500002 0.3773028703125 0.1525128265625 0.3714750875 0.16260309374999998 0.34650536249999997 0.16360702656249998 0.3359557765625 0.1696611875 0.3209739421875 0.158288496875 0.3156465390625 0.15096210000000002 0.3164364734375 0.15498801874999998 0.2903433578125 0.1630643078125 0.27680966875 0.159267978125 0.2664444140625 0.166838225 0.251743428125 0.17670297968749998 0.2696741640625 0.1903314609375 0.24643343281250002 0.20927440000000003 0.2370598484375 0.21482251875 0.2209107140625 0.2173343875 0.197757796875 0.2036896046875 0.1952301671875 0.192581140625 0.20820216249999998 0.181464528125 0.2082899765625 0.18348054375 0.2000749875 0.19130890625000002 0.1940102609375 0.20242144374999999 0.1874803578125 0.23777915 0.1661177453125 0.24889576249999998 0.16602993125 0.25747809374999997 0.153663540625 0.28400554218749996 0.15213628437499999 0.2809672546875 0.141911453125 0.270862725 0.14433386406249998 0.28499724843749996 0.12226043125 0.27337663125 0.12440199062499999 0.2546938453125 0.14563288125 0.23877900625 0.149126071875 0.231962728125 0.1575253921875 0.1720976640625 0.178642359375 0.161991096875 0.177843721875 0.167543290625 0.16813667968749998 0.1748676484375 0.1641257015625 0.1783977140625 0.1529705140625 0.177127515625 0.14199965781249999 0.1816492890625 0.100968615625 0.1783508484375 0.078886478125 0.17303231875 0.0585772421875 0.1689799109375 0.042796770312499996 0.1689758359375 0.03635468125 0.191706953125 0.024462171875 0.214446221875 0.0254538421875 0.2402034015625 0.0044598921875 0.24030598749999998 0 0.176228596875 0 0.1580969609375 0.012868304687500002 0.146222303125 0.0128156953125 0.129863675 0 0 0
0 0.8437091921875 0.2660575453125 0.8344897640625 0.2580346578125 0.8243857140624999 0.261214959375 0.8223151984375001 0.277250496875 0.8315346234375 0.2852733828125 0.8452035421874999 0.278964434375 0.8437091921875 0.2660575453125
0 0.759945615625 0.356633334375 0.7519216703125 0.35893595624999997 0.748065125 0.370851621875 0.748072315625 0.38222001250000004 0.7608542125 0.383324790625 0.7688757625 0.3772327015625 0.771245146875 0.36377854374999996 0.759945615625 0.356633334375
0 0.7739277859375 0.375642553125 0.7581763671875 0.3790397125 0.74986074375 0.39012935312499997 0.7641321953125 0.3965620890625 0.78968879375 0.38740325000000003 0.8090026828125 0.37708797656250004 0.7950301015625 0.373236615625 0.7739277859375 0.375642553125
0 0.7183483140625 0.38176581718749997 0.7115126578125001 0.383025559375 0.7031922390625001 0.38653626874999997 0.6904199328124999 0.4005893515625 0.7020135390625001 0.40273701093750003 0.7171720125000001 0.401756021875 0.7272664734375001 0.3834178625 0.7183483140625 0.38176581718749997
0 0.5924704234375 0.15005141718749998 0.60168985 0.1580743046875 0.6117962984374999 0.15868346875 0.6171400015625 0.1483063015625 0.6147538359375 0.1352342078125 0.59900001875 0.134841903125 0.5924704234375 0.15005141718749998
0 0.5707296171875 0.0828736921875 0.55586521875 0.07885713125 0.5502202484375001 0.0828634546875 0.5451754140625 0.09582199999999999 0.5508275765625 0.10318407031250001 0.5618282359375 0.107747903125 0.5671743390625 0.10116019999999999 0.56954851875 0.095284971875 0.5707296171875 0.0828736921875
0 0.5329624921875 0.0544064015625 0.5299977625000001 0.0664872703125 0.5418902390625 0.0712163078125 0.5472363421875001 0.06462860625 0.5534718609375 0.054416642187499996 0.5519823046875001 0.04908868125 0.5448477765625 0.0477670453125 0.5329624921875 0.0544064015625
1 0.459375 0.56875 0.628685253125 0.56875 0.63226569375 0.5653745234375 0.631658365625 0.5450539078125 0.6459058453125 0.5135919984374999 0.6316343921875001 0.5071592625 0.6387497421875 0.478165178125 0.6535877718750001 0.44049762968749995 0.6728968671875 0.42260342656249994 0.6776404328125001 0.40327403906250003 0.6719834765625 0.3883330390625 0.668404225 0.3687248984375 0.6446264640624999 0.37063521875 0.656208084375 0.35383555625 0.71919698125 0.31372065625 0.7159213953125001 0.30427282187500004 0.6416329671875001 0.3372425109375 0.6460776640625 0.31533174375 0.6496353390625 0.300834703125 0.6442748546875 0.28468561718749996 0.6412885515625 0.2626613 0.6347397781249999 0.24755509843749998 0.6157031843749999 0.22634656718750001 0.6088603359375 0.2162379140625 0.5984550171875 0.21304737187499997 0.598151353125 0.2028870640625 0.6183594546875 0.19652646093749998 0.61418965625 0.1831239578125 0.6064621828125001 0.18421849375 0.5999134093749999 0.169112290625 0.5918822734375 0.16004651875 0.5731613296875 0.16794561875 0.5594828234375 0.159096709375 0.5630333078125 0.13323127343750002 0.5502442203125 0.12075810312499999 0.527054609375 0.11267331875 0.5109947296875 0.098331246875 0.5121734296875 0.08213050468750001 0.5243456 0.0591252 0.5079892484374999 0.0459912109375 0.49759351875 0.05795853125 0.4916352953125 0.036646687500000004 0.459375 0.037745825 0.459375 0.56875
0 0.193796296875 0.9862037062500001 0.19961068125 0.9915750156249998 0.20567299218750001 0.9894773625 0.21551940625000002 0.978418690625 0.2145093609375 0.9793051421874999 0.21400128281250003 0.9749167984374999 0.2117230765625 0.9680534375000001 0.20666673593749998 0.9628225515625001 0.20035242343749998 0.965947078125 0.1960622765625 0.9737407984375 0.193796296875 0.9862037062500001
0 0.17958638124999998 0.8890984734374999 0.1762981296875 0.8831215625000001 0.164423471875 0.8830689515625 0.154071015625 0.8929603234375 0.1507909140625 0.89986759375 0.1507970265625 0.9095307281250001 0.15761941875000002 0.9107945421875 0.169242075 0.911874025 0.17656235781250001 0.9014209578125 0.17958638124999998 0.8890984734374999
0 0.2095460890625 0.72180586875 0.21031432031250002 0.7380515171875001 0.2211768953125 0.7357695328125 0.225471115625 0.7344179046875 0.23178339062500003 0.72807233125 0.23379940625 0.7198573421875001 0.22899506875000003 0.71359958125 0.219140503125 0.711774071875 0.2095460890625 0.72180586875
0 0.228935978125 0.620189275 0.22515187343749998 0.6291502906249999 0.21985779375 0.6474935937499999 0.22137999375 0.6574375765625 0.228948203125 0.6395155453125 0.2398046640625 0.6275704265625001 0.24333676718750002 0.6196362828125 0.2506550125 0.6059621703125 0.25847522500000003 0.5870132640625 0.24559459687500002 0.59428919375 0.23423209531250003 0.605067015625 0.228935978125 0.620189275
0 0.10451969531250001 0.8429860625 0.106285746875 0.8390189906250001 0.1042595421875 0.83112875625 0.0986971609375 0.8247305718749999 0.09086472343749999 0.8243532078125 0.08505848906249999 0.8318660781249999 0.080518378125 0.8439077156250001 0.08633276250000001 0.8492790250000001 0.09643933125000001 0.8500776609375 0.102501640625 0.8479800078124999 0.10451969531250001 0.8429860625
0 0.062550846875 0.797637084375 0.0681193421875 0.813698403125 0.07721178906250001 0.8089413984375 0.082264053125 0.80773019375 0.086550125 0.793494384375 0.0847738859375 0.78135623125 0.0739113109375 0.7836382171875 0.0686090828125 0.7890973390625 0.062550846875 0.797637084375
0 0.019307725 0.734875159375 0.0271401625 0.735252525 0.031424196875 0.7177956703125 0.033944215625 0.7075269328125 0.027875792187499998 0.6999614515625 0.019289387499999998 0.7058857546875 0.012983225000000001 0.7218944609375 0.01374738125 0.7316980203125001 0.015517507812500001 0.7341730390625 0.019307725 0.734875159375
0 0.9067864609375 0.56875 0.8976925703124999 0.586860303125 0.9110674124999999 0.58554890625 0.9225050453125 0.56875 0.9067864609375 0.56875
0 0.7663159359374999 0.5903095796875 0.7588825390625 0.5864065640625 0.7434251953125 0.5848061718750001 0.7389757046875 0.5991380125 0.74641629375 0.6144094171875001 0.7689985765625 0.6021735875 0.7663159359374999 0.5903095796875
1 0.459375 1 0.8590015109374999 1 0.857812559375 0.9773199 0.8586947859375 0.9623272437499999 0.8696762687499999 0.9365753609375 0.8524305 0.9270656296875 0.8447102187500001 0.9395285624999999 0.8140800171875 0.916172371875 0.830417190625 0.8989906421875 0.8226801281250001 0.884927321875 0.80990063125 0.887612009375 0.81435251875 0.8770696375 0.8351367859375 0.84176660625 0.8125473124999999 0.8426340453125001 0.80334226875 0.8573479468749999 0.7789739578124999 0.8654639046874999 0.775103028125 0.8546427796875001 0.7732978234375001 0.8202071875 0.7557555796875001 0.811905546875 0.7394088171875 0.8139294156249999 0.7239394875 0.7933817015625 0.7405659421874999 0.7636234921875 0.723021303125 0.7515323859375 0.7096536515625 0.7642121765625001 0.7120182453125 0.7431790890625 0.6938854531249999 0.741083084375 0.6805225968749999 0.7613418046875 0.659707165625 0.7473817921875 0.6380047140625 0.7408355046875 0.6171820921875 0.7155071 0.5987624171875 0.7297770421875 0.58091890625 0.7151045578125 0.5642780671875001 0.7221259796874999 0.5553599078125 0.720473934375 0.533370571875 0.7302935921875 0.506919759375 0.7354977671875 0.4923638203125 0.7492204390625 0.4709626359375 0.7490449953125 0.459375 0.7542337890625 0.459375 1
0 0.8727936406249999 0.6959185203125 0.8852766656250001 0.69444191875 0.89239920625 0.6768162296875 0.8882342031250001 0.6709926562499999 0.880803203125 0.6708791062499999 0.8704074734375 0.6828464249999999 0.8727936406249999 0.6959185203125
0 0.5856480890625 0.6730383828125 0.5993265953125 0.68188729375 0.6141862 0.678324928125 0.619223840625 0.6539979875 0.6105973609374999 0.6435589265624999 0.6004909140625 0.6429497609375 0.5927658375 0.647833765625 0.5856480890625 0.6730383828125
0 0.6816581484374999 0.676930696875 0.6831477046875 0.682258659375 0.6956307296875 0.6807820578125 0.7060240625 0.665025275 0.6968046359375 0.657002384375 0.6887782921875 0.65551554375 0.681648559375 0.6617728406250001 0.6816581484374999 0.676930696875
0 0.759877434375 0.7495187546875 0.7506675968750001 0.7566537249999999 0.7456227625 0.7696122703125 0.7480065328125 0.7788948984375 0.7595977421875 0.77725309375 0.76880518125 0.7663286578124999 0.771176965625 0.7566639625 0.7693909359375001 0.7525440890625 0.759877434375 0.7495187546875
0 0.7634734640625 0.79565315 0.7599157890624999 0.810150190625 0.7721047390625 0.8136711406250001 0.7866606796875001 0.7999484671875 0.7914114359375001 0.7919874734375 0.7884323249999999 0.7813315515625 0.7732738515625 0.782312540625 0.7634734640625 0.79565315