1 0 0 0 0.293845759375 0.0006609015625 0.297303028125 0.004789396875 0.3 0.5796875 0.3 0.5796875 0.1384989359375 0.5717601109375 0 0 0
0 0.7915264484375 0.3 0.7915483921875 0.29885449999999997 0.786061809375 0.2867312875 0.7796138453125 0.2840845984375 0.7659567234375 0.291387184375 0.7665094437500001 0.3 0.7915264484375 0.3
0 0.762890903125 0.2697635359375 0.76508058125 0.2549697515625 0.759860915625 0.24700579843749998 0.7474988203125 0.2500309375 0.74035639375 0.26102003125 0.7451287343749999 0.27424214999999996 0.7545671281249999 0.274572834375 0.762890903125 0.2697635359375
1 0.5796875 0 0.5796875 0.24838975156249998 0.5833414515625 0.247824246875 0.5880075046875 0.2349328078125 0.6035132671875 0.2442081640625 0.6264481515625 0.2591905609375 0.6374287109375001 0.2468661828125 0.639304521875 0.23941019375 0.649143290625 0.2459797671875 0.6598495421875 0.2660669328125 0.678840009375 0.2562710546875 0.6879447578125 0.2514026625 0.6982110718750001 0.2401771921875 0.7105262171875 0.24864911250000002 0.7264595265625 0.24012942656249997 0.738754890625 0.23606447187500001 0.7508698468749999 0.24141694687499998 0.7689458828125 0.2296005328125 0.7949650984375 0.21927280625 0.8144696203125001 0.2052585734375 0.823240721875 0.1951911078125 0.8645457328124999 0.17848241874999998 0.8854589609375001 0.14973349687499998 0.914134959375 0.1318906875 0.9289140906250001 0.093157275 0.9646188375 0.0747826171875 0.9637513562500001 0.061265023437499996 0.9732836515625 0.038601590625 0.9707415328125 0 0.5796875 0
0 0.31903783125 0.8613718718750001 0.3162475890625 0.8668073234375001 0.318610284375 0.8791669125 0.3236297640625 0.8840114218749999 0.3306585125 0.8834795718749999 0.3358583984375 0.878906653125 0.338848828125 0.8765906453125 0.3392961546875 0.8713324765625 0.3355049734375 0.8611707031249999 0.3314666546875 0.8593865468749999 0.31903783125 0.8613718718750001
0 0.1266565765625 0.627251246875 0.1318762421875 0.6352152 0.13357164531250001 0.637176640625 0.143924471875 0.639527859375 0.148209928125 0.6329344046875001 0.1495716828125 0.6296967703125 0.14832360625000002 0.6224771609374999 0.1424564265625 0.6166519312500001 0.136989621875 0.617065590625 0.130227790625 0.6217566999999999 0.1266565765625 0.627251246875
0 0.0792865921875 0.5127659734375 0.07245803125 0.5164172687499999 0.06504868750000001 0.5232471015625 0.06564925 0.5326054359375 0.0708689171875 0.5405693874999999 0.0787453671875 0.541018259375 0.08024058125 0.53986025625 0.08465949687499999 0.5353464296875 0.08985938437499999 0.5307735109375 0.0891253625 0.5193355453125 0.0857345578125 0.5154126640625 0.0792865921875 0.5127659734375
0 0.1570032015625 0.5131545234375 0.156335909375 0.502756375 0.15450704843750002 0.498715303125 0.14636368125000002 0.494107171875 0.1377729875 0.494757209375 0.1317254 0.498349409375 0.1296494 0.5026859531250001 0.12583104843749998 0.5165581109375 0.1311174453125 0.5255618796875 0.13600346562500001 0.5283267578124999 0.145441859375 0.5286574421875001 0.148565746875 0.5284210640625 0.1516896359375 0.5281846859374999 0.1559083640625 0.5205514156250001 0.1570032015625 0.5131545234375
0 0.3807865703125 0.9308848421875 0.384777940625 0.9441660578125 0.391319803125 0.92381863125 0.4005382296875 0.9084929984375 0.40854813749999996 0.9110214984375 0.41798653124999996 0.9113521796875 0.41776656562500003 0.8956958625 0.41488981562499994 0.8875546265625001 0.40953668906249996 0.87751104375 0.4028218078125 0.8707050953125 0.398069246875 0.8700198453125001 0.3939641984375 0.867195871875 0.38615447812500003 0.8677868156249999 0.3861742578125 0.8803236890624999 0.3891177375 0.8895047406250001 0.3901186765625 0.9051019625000001 0.3807865703125 0.9308848421875
0 0.20097977656250002 0.41578914375 0.19848362343749998 0.4013499234375 0.18949255625 0.395761071875 0.184359396875 0.4013738078125 0.1801406703125 0.409007078125 0.1796266140625 0.41322543125 0.18009372031249998 0.4205041359375 0.19051327499999998 0.42389516875 0.1959133484375 0.42244169375 0.20097977656250002 0.41578914375
1 0.5796875 0.3 0.1956968765625 0.3 0.194487259375 0.302390225 0.1843544 0.3156953234375 0.2024032671875 0.32791284374999996 0.21036622500000002 0.3419384015625 0.1981375890625 0.347043171875 0.196214828125 0.3659962171875 0.1974159546875 0.384712884375 0.21401655625 0.38659135 0.2207116578125 0.380860425 0.215818246875 0.41466634999999996 0.2201902125 0.4216495828125 0.2285807171875 0.4178801015625 0.2167722375 0.4417606328125 0.21759276718749998 0.466775284375 0.2209564015625 0.4947320984375 0.23188261875 0.5304755812499999 0.233197425 0.5387350062499999 0.24069327812500002 0.5454818625 0.2524078609375 0.544595446875 0.26284719375 0.560523353125 0.2664381859375 0.56756568125 0.2778389 0.5740170640625 0.2900601453125 0.6054831 0.30244201875 0.6149948328124999 0.31562464375 0.6369843453125 0.328893778125 0.6725505484375001 0.331323203125 0.6859499515625 0.3283056015625 0.7122998890625001 0.33990650312500004 0.7218707203125 0.354344596875 0.7145090359374999 0.36663996249999997 0.7104440828125 0.37466965 0.7255094578125 0.3824991484375 0.7374553875000001 0.3795284984375 0.7523082671875 0.382986034375 0.7572709625 0.3836063765625 0.7791661703125 0.3921501203125 0.7900131921875 0.415445821875 0.7861607312500001 0.4172549046875 0.7776649296875 0.42597905625 0.7790945203125 0.437807315625 0.7677508640624999 0.44731244062500003 0.7691213609374999 0.45253210624999995 0.7770853125 0.4618568203125 0.787873240625 0.48294306562499995 0.7862776921875 0.48983835625000005 0.7836662140625 0.4896851171875 0.7690497109375001 0.498495778125 0.784055990625 0.50882143125 0.8104411390624999 0.5161170984375001 0.8140685515625 0.52917365625 0.7974076296875 0.5330587359375001 0.784575284375 0.5501733921875 0.7822353921875 0.5545923078125 0.77772156875 0.5674215078125 0.7819751328125 0.57509776875 0.7793045609375 0.5796875 0.778024215625 0.5796875 0.3
0 0.771336425 1 0.7802353515625 0.9940301625 0.7817775156250001 0.9813751 0.778900765625 0.9732338640624999 0.7717385578125 0.971686084375 0.7625670812500001 0.9755146609375 0.756786409375 0.9832661203124999 0.75667273125 0.9937233625000002 0.7677646359375 1 0.771336425 1
1 0.6655512796874999 0.3 0.6670013781249999 0.305673925 0.6521629078125 0.306796715625 0.6484780156250001 0.32274850625 0.6381177984375 0.3569680921875 0.61640381875 0.3732392375 0.6175382171875 0.390916090625 0.584757171875 0.40593492812500004 0.6117773265625 0.4112044234375 0.61462690625 0.44337959062500004 0.6284372640625 0.45069350625000004 0.6138187625 0.4674726171875 0.5952286703125 0.4835073828125 0.5965632578125 0.50430368125 0.5982784390625 0.518801996875 0.580202403125 0.5306184093749999 0.59097538125 0.551745390625 0.586062190625 0.57301444375 0.6021487375000001 0.5791112593750001 0.606473753125 0.59759155 0.609303553125 0.617229846875 0.61655226875 0.632354315625 0.5950656484375 0.6277109718749999 0.5991237453125 0.642032003125 0.5907530203125 0.658338359375 0.5796875 0.6681927921874999 0.5796875 0.6800531234375 0.5844311234374999 0.6943421046875 0.5969266765625 0.6933965953125 0.5979276171875 0.7089938171875 0.597386390625 0.737246103125 0.6304813031250001 0.71488946875 0.63672908125 0.7144167140625 0.631415515625 0.7294468796875 0.636254584375 0.7437088140625 0.640979975 0.7684279953125001 0.6472673109375 0.7930289859374999 0.6615645531250001 0.8201584796875 0.6763091234375 0.8420298046875001 0.6719099875000001 0.859080503125 0.66539529375 0.8553939984374999 0.660556225 0.8411320609375 0.648307809375 0.83369995625 0.6441558109375001 0.8423730421875 0.6516047140625 0.8606169546875 0.644795934375 0.8768051218749999 0.6038443484375 0.9112497578125 0.64548300625 0.8997401453125 0.6610357171875 0.8975184421875 0.6710351171875 0.8821337140625001 0.6898921234375 0.8702582046875001 0.7025680859375 0.8598952671875001 0.7245020328125 0.8592804421875 0.7419701140624999 0.8746764984375 0.750647315625 0.8876031484375 0.7516482546875001 0.9032003718750001 0.7452868 0.9141303703125001 0.7481166 0.9337686656249999 0.7592034468750001 0.9475578468750001 0.7767654281249999 0.9399597875000001 0.791603896875 0.9388369953125 0.7950614328125 0.9437996921875001 0.8059950406249999 0.942972371875 0.8077769515625001 0.9585104984375 0.806548653125 0.9638277640624999 0.8208532890625 0.9543864515625 0.8032388953125 1 0.8092664125000001 1 0.8323207328125001 0.9618776499999999 0.8363121015624999 0.975158865625 0.8559031312500001 0.9747213234375 0.871342165625 0.9829568640625 0.9024475875 0.9785134609374999 0.9212576468750001 0.9781350109375001 0.944686809375 0.9763621796875 0.947810696875 0.976125803125 0.9659065124999999 0.9768462625 0.9883075640625 0.9835101406250001 1 0.9951189734374999 1 0.3020465375 0.956060021875 0.3 0.6655512796874999 0.3
0 0.7085885046875 0.8803370000000001 0.7005118671874999 0.8767686843749999 0.6960929499999999 0.881282509375 0.685626446875 0.889388534375 0.6862937406249999 0.8997866828125 0.6924278375 0.909771171875 0.7057043625 0.90876656875 0.711284846875 0.8978956640625 0.7085885046875 0.8803370000000001