0 0.0292004296875 0.096438575 0.0352611765625 0.0876838 0.031857371875 0.07601705625 0.025523381249999998 0.0730322234375 0.017229865625 0.07557445 0.010089165625 0.0827882328125 0.0102531109375 0.0898319984375 0.0156346609375 0.0967543203125 0.0292004296875 0.096438575
0 0.8746841343749999 0.14995337656250002 0.8631143281250001 0.14630734375 0.8486507671875 0.15290850312499998 0.8447134937499999 0.16317998281249999 0.8522003 0.170836371875 0.8646678999999999 0.168196990625 0.87184503125 0.16254849062500001 0.8748298640625001 0.15621449999999998 0.8746841343749999 0.14995337656250002
0 0.9103772343750001 0.20315406249999998 0.8990078046875001 0.2081170765625 0.89193996875 0.21846142031250002 0.8930927859375 0.223132975 0.9046079468749999 0.22443108750000001 0.9149156406250001 0.2187097203125 0.9283356828125001 0.21213284843750002 0.9291423906249999 0.201934234375 0.9103772343750001 0.20315406249999998
0 0.8938693015625001 0.2296875 0.8921221296875 0.226287825 0.889962225 0.223205840625 0.8815776265625 0.221834865625 0.871124203125 0.22129510625 0.8576312984375001 0.224741415625 0.85774641875 0.2296875 0.8938693015625001 0.2296875
0 0.498954978125 0.5482055 0.4930737921875 0.559397415625 0.48844170781249996 0.571481509375 0.49843452343749994 0.57861894375 0.508170171875 0.574707334375 0.517820096875 0.5671127109375 0.5125879515625 0.553415703125 0.498954978125 0.5482055
0 0.47993988749999994 0.8922752203125001 0.4824595234375 0.8949803328125 0.4984192515625 0.8946088671875 0.5155852203125 0.8932880718749999 0.52030303125 0.8848869921875 0.51507088125 0.8711899875 0.5051852171875 0.8686563203125001 0.49659151718750005 0.8688563421875 0.49049602343750004 0.87084071875 0.48446481874999997 0.875587359375 0.47993988749999994 0.8922752203125001
0 0.1342048984375 0.392712228125 0.146395890625 0.3887434703125 0.1485297703125 0.37487501874999996 0.137223559375 0.3640831453125 0.12617451562499998 0.36434031562499997 0.11652459062500001 0.3719349375 0.115554090625 0.3830125546875 0.11942997968749999 0.3912136125 0.1342048984375 0.392712228125
0 0.2132044875 0.40929854062499993 0.221969634375 0.41646454843749997 0.234267778125 0.417099559375 0.23775791562499998 0.40872705312499996 0.23760789999999998 0.402281778125 0.2276365125 0.3960650984375 0.21779370937500003 0.3953729390625 0.21296874843750002 0.39917025156249997 0.2132044875 0.40929854062499993
1 0 1 0.3531792453125 1 0.3629988359375 0.9871222906250001 0.3785299484375 0.9683357546875001 0.382926296875 0.946123371875 0.394924409375 0.9338678312500001 0.4165081578125 0.9112554078125001 0.42475896718749995 0.896323328125 0.44158204375 0.8802704765625 0.45493641250000005 0.873510884375 0.45317297187500005 0.8505206187500001 0.43473647031249996 0.8500284796875001 0.424636496875 0.838287278125 0.434029253125 0.8196436140625 0.4384684640625 0.7992727359375 0.424385446875 0.7747267078125 0.4377398171875 0.7679671140625 0.4411656609375 0.7568323484375 0.43970225 0.746732634375 0.435547759375 0.726561778125 0.4166612109375 0.7067338140625 0.414034421875 0.6994249359375 0.412442428125 0.6838006984375 0.4146406015625 0.6726945062499999 0.4267244359375 0.66412198125 0.41869405625 0.6357500671875 0.3854612046875 0.6328385609375 0.36209258437499997 0.631539965625 0.350829234375 0.6225895984375001 0.365518428125 0.6204052 0.3725415671875 0.605501696875 0.3661889015625 0.5964370328124999 0.35029346562499997 0.5995707593749999 0.32675339999999997 0.5909061375 0.3085097765625 0.59870078125 0.2923143078125 0.588943959375 0.2563689421875 0.5750405578125 0.2228146296875 0.5583177484374999 0.1919299671875 0.5507453250000001 0.190659434375 0.5489323921875 0.1904665578125 0.5406456109375 0.1829505125 0.5343717828125 0.1823718828125 0.5095114359374999 0.1750487140625 0.5115243890625 0.1481256671875 0.5158360390625 0.13966055156249998 0.5215605796875 0.12133120156249999 0.5256722093749999 0.106556284375 0.524173596875 0.11332225 0.49822105 0.12165878125 0.48697198593749996 0.1250417640625 0.4739957140625 0.127411384375 0.47025554999999997 0.12450599531249999 0.45097687343750004 0.111001609375 0.4512911921875 0.09799013281249999 0.472782840625 0.0918732046875 0.47384646718750006 0.10212319375000001 0.49203294218749993 0.076920725 0.517493353125 0.0596476 0.514210378125 0.0424173390625 0.5127689140625 0.033823637499999996 0.512968934375 0.023937975 0.5104352671875001 0.002938975 0.5053965093749999 0 0.5051506390625 0 1
0 0.451300771875 1 0.45166978125 0.9970347343749999 0.4440680140625 0.987077890625 0.431662715625 0.9818391125 0.410878021875 0.9860078921875001 0.4042843734375 1 0.451300771875 1
0 0.907465625 0.7120830578125 0.908727740625 0.7214504546875 0.920261115625 0.72353120625 0.9326558515624999 0.7177612640625 0.9344696515625 0.7059730796875 0.9290516703125 0.697485475 0.9145698937500001 0.70330399375 0.907465625 0.7120830578125
0 0.77982300625 0.7455934890625 0.7828989203125 0.7431727031250001 0.789014315625 0.7367658484375 0.78251638125 0.7267372515625 0.7771530484375 0.7205975687499999 0.76466723125 0.7224543078125001 0.7606388781250001 0.7288125859375 0.7630173796874999 0.7412862578125 0.7704495359375001 0.7465947234375 0.77982300625 0.7455934890625
0 0.8365114515625001 0.98310873125 0.8511936062500001 0.9858992578125001 0.8679081546875 0.9862932875 0.8740235500000001 0.9798864343750001 0.878015471875 0.9719628765625 0.8622351484375 0.9668487156250001 0.8527888125 0.9647193875 0.8474436937500001 0.9593623453125 0.83609248125 0.9651079984375001 0.8363839390625 0.977630246875 0.8365114515625001 0.98310873125
0 0.7842313171875 0.9349924999999999 0.790419578125 0.931716209375 0.7923062421875 0.9230585859375001 0.7858993890624999 0.9169431906250001 0.777551221875 0.9171374968750001 0.7661453593750001 0.9205352296874999 0.7610734859375 0.92691779375 0.7653750796875001 0.9322991265624999 0.7717090703125 0.9352839578125 0.7842313171875 0.9349924999999999
0 0.929522709375 0.8971559671874999 0.9068384953124999 0.9094299140625001 0.9040176078125001 0.92280766875 0.9320833687500001 0.91745604375 0.9547129359375 0.9028341734375 0.9806734390624999 0.8967484828125001 0.9731501999999999 0.887526815625 0.9473172078125 0.8990909890625 0.929522709375 0.8971559671874999