0 0 0.39289714375 0.0018604375 0.3934661390625 0.011786859375 0.391484421875 0.018024996874999998 0.3803836765625 0.0157539453125 0.3648221078125 0.0050887046875 0.35635680625 0 0.3581771421875 0 0.39289714375
0 0.0182557921875 0.2688898796875 0.025953365625000002 0.28394299218749997 0.0323065078125 0.2843993359375 0.0375998265625 0.27759361562499996 0.035667979687500004 0.253587265625 0.032112898437499995 0.25076550000000003 0.022792092187499998 0.25689696875 0.0182557921875 0.2688898796875
1 0.31875 0.5296875 0.31875 0 0.0523398859375 0 0.0405326640625 0.0123095 0.0499320765625 0.028254775 0.04785463125 0.046327040624999996 0.039006234375 0.050310996875 0.0384974234375 0.0629781625 0.0087363578125 0.06366348125 0 0.0702499984375 0 0.0874314359375 0.005393084375 0.0892157234375 0 0.0988127 0 0.12934981875 0.004926478125 0.1344792875 0.018898590625 0.127912 0.032174090625 0.1434940921875 0.040683281249999995 0.14795491562500002 0.035977378125 0.164170215625 0.0244641203125 0.1768168578125 0.0336939296875 0.1969845234375 0.045624998437499995 0.1979698484375 0.0534921734375 0.20880057187499998 0.043226546875 0.219227065625 0.046103212500000004 0.2389383859375 0.0450855921875 0.2642727171875 0.063975415625 0.2698641375 0.0671548890625 0.291650334375 0.077838328125 0.294855809375 0.07789873281250001 0.32219237968750003 0.0713271921875 0.38485395625 0.0796303796875 0.4040568203125 0.094359509375 0.4026767203125 0.10474014218750001 0.4038073203125 0.1223459375 0.4221385421875 0.1391947171875 0.4352825765625 0.1553468828125 0.470575990625 0.16644813281249998 0.48741343125 0.17635635624999998 0.49069154218750005 0.18934724687499999 0.4989389328125 0.1912790921875 0.5229452796875 0.20986611093750002 0.5264618249999999 0.20695365312499997 0.5296875 0.31875 0.5296875
0 0.6975736171875 0.5296875 0.69803689375 0.51392853125 0.692343965625 0.5018424578125 0.6810185109375 0.5050068875 0.6774088328125 0.5179646 0.6821502765625 0.5296875 0.6975736171875 0.5296875
0 0.6779060343750001 0.4190653328125 0.6674890015624999 0.42845438593749996 0.6693058437499999 0.4409036421875 0.6711590843749999 0.4428332453125 0.6835443625 0.44693088437500006 0.6859246140625 0.43093349375 0.6779060343750001 0.4190653328125
0 0.7293855812500001 0.36797030625 0.7337704781250001 0.35493995625 0.7319536359375001 0.3424907015625 0.7229902359375 0.3349175640625 0.710417153125 0.340302140625 0.7088303203125 0.3509670671875 0.714995659375 0.3609056265625 0.7199497703125 0.36254468281249996 0.7293855812500001 0.36797030625
0 0.8698571312500001 0.3989765453125 0.8808979781249999 0.38847741562500004 0.876016665625 0.3657990515625 0.8689065062499999 0.36015551874999996 0.8519667281250001 0.37331061718749997 0.852705546875 0.383757634375 0.856091021875 0.390801790625 0.8646002140625001 0.3952626125 0.8698571312500001 0.3989765453125
0 0.6406177828125 0.2658671734375 0.6548745015625 0.2666345875 0.6584841812500001 0.25367687499999997 0.6551169046875 0.24137289375 0.6498599859375 0.2376589609375 0.640557378125 0.2385306015625 0.6341860359375 0.24333408437499998 0.6341496359375001 0.25385373906250003 0.6406177828125 0.2658671734375
0 0.60455236875 0.20720061875 0.6093732765625 0.20254241093749997 0.6081802484375001 0.1889830796875 0.6041709578125 0.183049 0.5934693187500001 0.1851033515625 0.5909558625 0.19480347656250002 0.5917128796875 0.1999906671875 0.595570765625 0.20488730937500002 0.60455236875 0.20720061875
0 0.43949226249999995 0.11540083906250001 0.45068451249999997 0.10593914687499999 0.4491886765625 0.090304940625 0.4388262421875 0.0839145140625 0.429523634375 0.08478615625 0.42330369531249995 0.09062707812500001 0.4186159921875 0.10158255000000001 0.42759759375 0.10389585937500001 0.43949226249999995 0.11540083906250001
1 1 0 0.5266167015625 0 0.5258689859375 0.012661279687499999 0.503975096875 0.024177323437500002 0.5022004578125 0.0443244671875 0.51485214375 0.061016634375 0.5320947296874999 0.049936410937499995 0.5417001453125 0.051139646875 0.5311135078125 0.0647510890625 0.49906899375 0.09825071875 0.482886234375 0.1165930078125 0.45645604375 0.1401019625 0.48330404531250004 0.1302249734375 0.4765024953125 0.1697723671875 0.5019092609375 0.1284816921875 0.5165233859375 0.115544503125 0.516729390625 0.1008024609375 0.5535584124999999 0.07316427656249999 0.574961690625 0.06905557343749999 0.5705767953125 0.082085921875 0.5635634390625001 0.09325930625 0.570806803125 0.1052001046875 0.5776927578125 0.13084550625 0.6112811171875 0.1886925328125 0.6205291265625 0.203600371875 0.5897686390625 0.22436019687500003 0.571865840625 0.24707014843750003 0.553963040625 0.2697801 0.5879394015624999 0.26028681875 0.603897959375 0.2619463984375 0.6097000859375 0.24247350937499998 0.633295815625 0.23184963125000002 0.6415749984375 0.21319627031250002 0.6736071171875 0.22807252031249997 0.6884512515625 0.2382495125 0.69648803125 0.2448578484375 0.6874336296875001 0.2635838453125 0.6909159125000001 0.2874449171875 0.6990676953125 0.30561034375 0.72468626875 0.29269367812499997 0.7418742546875 0.29739293437500003 0.7611032843750001 0.29453957656249996 0.75078305625 0.32074555 0.7619571046875 0.31654368593750004 0.770236290625 0.29789032656250003 0.773621765625 0.3049344796875 0.7568937953125 0.34646358906249997 0.7320198453125 0.412943321875 0.7667838171875 0.3550015265625 0.7775036578125001 0.3476873484375 0.7837963953125 0.32080712031249997 0.8054842812499998 0.3240331171875 0.811177209375 0.3361191890625 0.8231264781250001 0.33184468906250003 0.8395392453125 0.33661658125 0.866332646875 0.342519071875 0.8762408687499998 0.3457971828125 0.8925022343750001 0.3495316390625 0.9075705703124999 0.3397067625 0.9278958265625 0.33359581875 0.9373498375 0.333761615625 0.9554462421875 0.3446855 0.9655422687499999 0.338481396875 0.9745784703125 0.32501522656250004 0.9784545578125 0.3246520421875 0.9760743046875 0.3406494328125 0.9794233828125 0.358213240625 0.992511078125 0.38327754999999997 1 0.3722778375 1 0.3635635484375 0.9960967531249999 0.3324636125 0.9938257015625 0.3169020421875 1 0.31023702656249996 1 0
0 0.1824943484375 0.9777006328125001 0.1844536875 0.9911263 0.1937306 0.997680296875 0.2050525 0.9929078359375 0.211657590625 0.981154103125 0.2042261265625 0.9682411656250001 0.19530545625 0.9641282 0.18671961875 0.9686442953124998 0.1824943484375 0.9777006328125001
0 0.1154754109375 1 0.11387187031249998 0.9952653046875 0.104082003125 0.9788617296875 0.0932944671875 0.9872957359375001 0.094025659375 1 0.1154754109375 1
0 0.0157659015625 0.9438346453124999 0.026532026562499998 0.9415886703125 0.028755134375 0.9314827296875 0.027686403124999998 0.9241596359375001 0.017141225 0.915250065625 0.0085553859375 0.9197661609375001 0.0039524609375 0.932569496875 0.0088473953125 0.9407712859374999 0.0157659015625 0.9438346453124999
1 0.31875 0.5296875 0 0.5296875 0 0.8854525328125 0.0065035703125 0.880367853125 0.0237891359375 0.891120271875 0.0377828625 0.9046555390625001 0.029709978124999998 0.9190212109375 0.0353173984375 0.932105059375 0.05431311875 0.9229019578125 0.049104762499999996 0.8998830765625 0.059072751562500005 0.9175071671874999 0.06374674218750001 0.9368645000000001 0.0790729671875 0.9341912499999999 0.0860343 0.924878546875 0.1008475703125 0.9123557218749999 0.118510790625 0.9193611374999999 0.1287425484375 0.9134536171875001 0.14037787031249999 0.9234982500000001 0.1653586640625 0.9236319937499999 0.1807063015625 0.9147707140625 0.1954981609375 0.9084359171875 0.206242871875 0.9123779750000001 0.22797465312499998 0.9029185078124999 0.24076435 0.8955341046875 0.25871275 0.8728198828125 0.3021548984375 0.86008898125 0.31875 0.8351069562500001 0.31875 0.5296875
1 1 0.5296875 0.520804515625 0.5296875 0.5241196828125 0.55982809375 0.5320836640625 0.5874757328125 0.550276875 0.6152165359375 0.562910359375 0.6371685296875 0.5726307796875 0.6499288562500001 0.5562784140625 0.6724935343749999 0.5180321609374999 0.7065742578125 0.5468848078125 0.6996643078125 0.57036553125 0.6774833375 0.5908603890624999 0.6671500046875 0.6020526390625001 0.6576883140625001 0.6063465359375 0.6709570953125 0.619658434375 0.6760195359375001 0.6282826296875 0.69203745 0.63836045625 0.691093171875 0.6385300578124999 0.6868707828125 0.6557544453124999 0.6810503859375 0.669235946875 0.6818904390625 0.6699929625000001 0.6870776281250001 0.6671585015625 0.699962703125 0.6739476546875001 0.7087911874999999 0.6689207453125 0.7281914374999999 0.678507959375 0.7346545015625 0.6869021468750001 0.7275582328125 0.70628258125 0.7257423140625 0.7140347546875001 0.7250159453125 0.72581441875 0.7249638328125 0.7333605890625 0.7389795078125 0.7353470343749999 0.7472063734375001 0.732494371875 0.7653512765625 0.733214990625 0.7810581203125 0.7435774234375 0.7874485437500001 0.752746828125 0.7802796375 0.753086034375 0.7718348609375 0.7662283296875 0.781119690625 0.7725814718749999 0.7815760328125 0.7845489390625 0.77204170625 0.7969524171875 0.7708795171875 0.816181446875 0.7680261609375 0.8417636203125 0.765629146875 0.8580067859374999 0.7746234296875001 0.88128150625 0.7671845015625001 0.8895060890625001 0.7643106203125 0.9042170203125 0.76819035 0.9165476984375001 0.78806746875 0.915584678125 0.7976223203125 0.9360431359374999 0.797808640625 0.935643525 0.7789168453124999 0.9316706343749999 0.7624631125000001 0.938683990625 0.751289728125 0.9489314203125 0.7461230624999999 0.9644903671874999 0.7288908468749999 0.96963228125 0.7210476890625 0.9758704203124999 0.709946940625 0.9874804796875001 0.714117215625 0.9964802796875001 0.7111706984375 1 0.7063138265625 1 0.5296875
0 0.3892923703125 0.5296875 0.3878270265625 0.530533546875 0.3834603296875 0.5383040703125 0.385598178125 0.547568375 0.39007987968749996 0.55135494375 0.403107171875 0.54908268125 0.41274898593750003 0.5397662624999999 0.40700628749999995 0.5296875 0.3892923703125 0.5296875
0 0.432879846875 0.6346294609375 0.4347694875 0.6260394109374999 0.42890695624999997 0.6181757265625001 0.421778596875 0.6177920218749999 0.41833851875 0.6265273437500001 0.4125727921875 0.6354805796875 0.40665566093749994 0.643396375 0.4167334859375 0.6424520984375001 0.40520202968749996 0.6603585671875 0.41157337187500004 0.6555550828125 0.414371434375 0.6531896609375 0.4250912734375 0.6458754828125001 0.4268113109375 0.6415078203125 0.432879846875 0.6346294609375
0 0.5576170421875 0.6439742515625 0.54882324375 0.6321787265625 0.5402958531250001 0.6329777296875 0.5381034031249999 0.6394929046875 0.5349843359374999 0.6450432796875 0.5352689421875001 0.65237798125 0.54145248125 0.657056715625 0.5499616734374999 0.6615175375 0.5578834500000001 0.6565687812500001 0.5576170421875 0.6439742515625
0 0.624503346875 0.7092175515625 0.621287475 0.6979510062500001 0.6113974515624999 0.68941306875 0.6009804187500001 0.698802125 0.6012650265625 0.7061368265625 0.603402875 0.7154011312499999 0.6071093578125 0.7192603375 0.6146919296875 0.722756359375 0.6229165125 0.7198824765625 0.624503346875 0.7092175515625
0 0.6284572515625 0.865539090625 0.6185126296875 0.8727806328125001 0.6132193109375 0.8795863546875001 0.6172104015625 0.8907802609375001 0.6274214312499999 0.8961332484375 0.638292675 0.8898565078124999 0.6403519187500001 0.8770440687499998 0.6284572515625 0.865539090625
0 0.7235491703125 0.7525183140625 0.7187828625 0.7413970437499999 0.7074938093750001 0.734041815625 0.7005168515625 0.734695546875 0.696622565625 0.740318559375 0.6936367000000001 0.752166196875 0.694545121875 0.7583908234375001 0.7036599265625 0.7670013984375 0.7165358140625 0.7636916984375001 0.7235491703125 0.7525183140625
0 0.6587611750000001 1 0.6594651609375 0.9972415984375 0.663377646875 0.9863587625000001 0.662505625 0.96961448125 0.6578907203125001 0.9595306484374999 0.6643166625 0.9389476859375 0.6581149234375 0.9395287796874999 0.65027175 0.96655428125 0.6418775625 0.97365055 0.647249484375 0.9889215703125 0.64886626875 1 0.6587611750000001 1
0 0.8303529718749999 0.8382087593750001 0.8263618812499999 0.8270148515625 0.815375634375 0.8217345015624999 0.8094767015625 0.824390471875 0.8116145515625 0.8336547781250001 0.8122201656249999 0.837804528125 0.8180644984375001 0.8509280390624999 0.8237938265625001 0.85249445625 0.8279909203125001 0.848946321875 0.8303529718749999 0.8382087593750001
0 0.9192365609375 0.8172610046875001 0.9144702531250001 0.8061397328125001 0.907493296875 0.8067934640625 0.8998743265625 0.813817096875 0.8965674546875 0.8288496859375 0.9016547703125 0.8367860046875 0.90940694375 0.8360596390625 0.919654371875 0.8308929703124999 0.9192365609375 0.8172610046875001
0 0.9193027703125001 0.8877136265625 0.9212106109375 0.8738637499999999 0.9226278421874999 0.8674212109375 0.9212652109375 0.8580842703125 0.9175769265625 0.8489652375000001 0.9112237859375 0.84850889375 0.9059486671875 0.8500547890625001 0.903586615625 0.8607923515625 0.9128164234374999 0.88096001875 0.9138216484375 0.9040015625000001 0.9178127390625 0.9151954703125 0.9193027703125001 0.8877136265625