0 0.4127686828125 0.017105414062499998 0.4009753390625 0.02515925625 0.40284182968750004 0.048108543749999996 0.4084521 0.059692446875000006 0.41556841875000006 0.05152934687500001 0.43112148125000005 0.022739984375 0.4127686828125 0.017105414062499998
0 0.25021275 0.055995882812499995 0.25140051875 0.07059997343749999 0.25933336093750003 0.091608640625 0.27648245312499997 0.0920092546875 0.27988687031250004 0.07647127031249999 0.2647369296875 0.0719526875 0.25021275 0.055995882812499995
0 0.1201551453125 0 0.12055539374999999 0.0019497984375 0.13128283125 0.009488571875 0.13829836874999998 0.009652459375 0.1375133234375 0 0.1201551453125 0
0 0.40266649218749995 0.1511800359375 0.3997870578125 0.16360677968749998 0.40366863906250006 0.1730679640625 0.4094645296875 0.1773680296875 0.4196988640625 0.1692777703125 0.4147832578125 0.156668928125 0.40266649218749995 0.1511800359375
0 0.23006184843750002 0.190876925 0.235364634375 0.1795479578125 0.22949984375 0.16483460781249998 0.22222978593749998 0.161541271875 0.2160785921875 0.16243874375 0.2126052734375 0.16756344375 0.21250449374999997 0.1758904296875 0.21569141093750002 0.1863765546875 0.2246901578125 0.19179260781250002 0.23006184843750002 0.190876925
0 0.140927909375 0.19504170781250002 0.146909421875 0.1920579375 0.148669990625 0.175440384375 0.1428051984375 0.160727034375 0.1309429546875 0.158367590625 0.1279097796875 0.1593379015625 0.122097946875 0.1644079703125 0.122776671875 0.172753165625 0.12457426093749999 0.18528916875 0.130709515625 0.193761834375 0.140927909375 0.19504170781250002
0 0.3244240171875 0.27012768125000003 0.333269025 0.2640872984375 0.3367423421875 0.2589626 0.3338947875 0.2526490734375 0.325590703125 0.2462080796875 0.31857516406249997 0.2460441921875 0.3159661921875 0.25223025 0.3174244203125 0.2605936578125 0.3244240171875 0.27012768125000003
0 0.6187726031249999 0.1171052859375 0.60819890625 0.12102295 0.608182965625 0.13039308593750001 0.6100813359374999 0.134602103125 0.6244517734375 0.13910247343749998 0.6332119421875 0.1320189453125 0.628381175 0.1204532515625 0.6187726031249999 0.1171052859375
0 0.9881222000000001 0.31875 0.9880236328125 0.3141825359375 0.9772113546875 0.305600615625 0.9715692046874999 0.3127569828125 0.9648081874999999 0.3157225453125 0.9649288468750001 0.31875 0.9881222000000001 0.31875
0 0.3702166609375 0.327553334375 0.370031040625 0.334837171875 0.3774707796875 0.3402168046875 0.38292730937499997 0.340344271875 0.3896883265625 0.3373787109375 0.389704265625 0.328008575 0.3702166609375 0.327553334375
0 0.388563803125 0.43834569375 0.39378175 0.425973578125 0.395611221875 0.419769309375 0.40152383125 0.40637225312499997 0.39357505000000004 0.394733721875 0.3935220875 0.3749503015625 0.3886435015625 0.391495015625 0.3810870421875 0.403812503125 0.380800640625 0.419423325 0.384056459375 0.440322734375 0.388563803125 0.43834569375
0 0.38703101875 0.5247267921875001 0.3794904984375 0.52767414375 0.3780852296875 0.5390941609375 0.3871688203125 0.5455533640625 0.400420390625 0.5458629296874999 0.40380886875 0.53969508125 0.397673615625 0.531222415625 0.38703101875 0.5247267921875001
0 0.24922331562500002 0.4756961515625 0.2641346765625 0.46771514999999997 0.2612022796875 0.46035847499999993 0.2519490109375 0.451812971875 0.24059580937499997 0.45571242500000003 0.23358027187500002 0.4555485375 0.233818853125 0.468048121875 0.23986926562500002 0.47547763593750003 0.24922331562500002 0.4756961515625
0 0.208068478125 0.5340813 0.20183244375 0.533935621875 0.1936661609375 0.5483211984375 0.20342847343749998 0.5631255984375001 0.21122351562500002 0.5633076953125 0.2161021 0.54676298125 0.208068478125 0.5340813
0 0.118070709375 0.3841331078125 0.11063096875 0.3787534734375 0.103360909375 0.3754601375 0.10214126406249999 0.3795963171875 0.1016003421875 0.392077690625 0.1072954515625 0.40470474218749997 0.1157003171875 0.4028187484375 0.118070709375 0.3841331078125
0 0.11157963906249999 0.5339095984375 0.09907569375 0.5523585140625 0.1032966359375 0.565992296875 0.1108212171875 0.57241508125 0.12554695625 0.5717179140624999 0.12747720625 0.5571866609375 0.126374278125 0.54362571875 0.119629203125 0.53722114375 0.11157963906249999 0.5339095984375
0 0.29973683281249996 0.6184749640625 0.29038278281249996 0.6182564484374999 0.28741850625 0.6296400421875 0.29146976874999997 0.641187525 0.3051455421875 0.6467128390625 0.3086188609375 0.6415881390625 0.3090749421875 0.6280636171875 0.29973683281249996 0.6184749640625
1 0 1 0.45 1 0.45 0.7835248359375 0.44765649218750003 0.78227025625 0.44148935937499995 0.7925378640625 0.428593090625 0.7870307624999999 0.41759519218749996 0.7857326765625 0.40791771875 0.7719714265625 0.4035959953125 0.7666646312500001 0.4127963046875 0.7554267140625 0.40372865625000004 0.739597375 0.39383368281250003 0.7518602328124999 0.3883930921875 0.7423626296875 0.3922217140625 0.7320403921875 0.3870356453125 0.7256722390625 0.40101375937499995 0.706216590625 0.3893371359375 0.696573309375 0.373747053125 0.6962091156250001 0.369478290625 0.7106857421875 0.376562728125 0.7212629140625 0.362261190625 0.7271758265625 0.348839940625 0.7247799625 0.34541444062500004 0.7017942546875 0.3339234390625 0.6848671390625001 0.331717584375 0.6577452515625 0.31526315625 0.6563197000000001 0.3094353859375 0.6707599046875 0.309928490625 0.6863889375 0.3084383828125 0.696765803125 0.29296501875000003 0.6787044859375 0.2732388328125 0.6657496625 0.275253921875 0.6522615578125001 0.286013240625 0.6410600578125 0.2778947765625 0.627335228125 0.25901699375 0.624811896875 0.2468153890625 0.6182798546875 0.22931099531250002 0.6230767796875 0.2283458703125 0.6303424062499999 0.21933118125 0.6342964875 0.2084181234375 0.6340415531250001 0.1959619953125 0.6243800625 0.18677762656250002 0.6262478453125 0.17283139218750002 0.6269632203125 0.15656258437499998 0.61825383125 0.13983769375 0.623068965625 0.12035009062499999 0.6226137234375 0.09870959375 0.6148200156250001 0.07469870468749999 0.62571195 0.06749754687500001 0.6328318984375001 0.0489272484375 0.6532214375000001 0.012714753125 0.6575813296874999 0 0.66547678125 0 1
0 0.7019756656249999 0.31875 0.7000405765625001 0.327934071875 0.6941279640625 0.3413311296875 0.69895873125 0.35289682187500004 0.71031193125 0.3489973703125 0.713292146875 0.3282436375 0.715121615625 0.32203936875 0.71520645625 0.32308251875 0.7155026265625001 0.31875 0.7019756656249999 0.31875
0 0.7154553218749999 0.43136975624999996 0.7235367640625 0.41594103125000004 0.7192150421875001 0.4106342359375 0.71187608125 0.396927615625 0.70252203125 0.3967090984375 0.7001675781250001 0.40602460625000003 0.7047438234375 0.41446085000000005 0.7154553218749999 0.43136975624999996
0 0.718175359375 0.5126443671875001 0.729358878125 0.506658615625 0.7323231546875 0.4952750203124999 0.7261879015625 0.48680235781250003 0.71259696875 0.48232019375 0.7109212406250001 0.4999808953125 0.718175359375 0.5126443671875001
0 0.6566156109375 0.5497294953124999 0.6543300578125001 0.5694582859375 0.660550153125 0.5789740999999999 0.6778689250000001 0.5814610109375 0.6806635203125 0.567991115625 0.6784257874999999 0.5596095015625 0.6733245609375 0.554284496875 0.6566156109375 0.5497294953124999
0 0.7289022828125 0.6732347562500001 0.733547428125 0.6920842859375 0.7454945125 0.6954868796875 0.7482042671875 0.6809738375000001 0.748135365625 0.67056055 0.7415599703125 0.666242275 0.7317817171875 0.6608080125 0.7289022828125 0.6732347562500001
0 0.5299065875 0.49366995156249993 0.5224509078125 0.49766045312500007 0.517842784375 0.5079644796875 0.51686171875 0.5246002437499999 0.52274245 0.5299434578125 0.5350448359375 0.5281485140625 0.540602146875 0.5199489953125 0.5299065875 0.49366995156249993
0 0.9503179781250001 0.8606114796875 0.9484355484375001 0.8470323265624999 0.942385134375 0.8396028125000001 0.9326068828124999 0.83416855 0.925320884375 0.84024535 0.9257291453125 0.8548312328125001 0.93342340625 0.8633403156250001 0.9503179781250001 0.8606114796875
0 0.8600970531249998 0.8418451843749999 0.8733326828125 0.8515248843750001 0.8822784718750001 0.83715751875 0.8987277578124999 0.7906892437499999 0.8953552203124999 0.78748695625 0.8820558296875 0.8152877984375 0.873210821875 0.8213281796875 0.87243131875 0.8213099703125 0.8579601 0.8251365828124999 0.8600970531249998 0.8418451843749999
1 0.45 1 0.8388881953125 1 0.8379151203124999 0.9995844671875 0.8328457703125001 0.9755191921874999 0.8315731640624999 0.9598719499999999 0.8237940625 0.9503197171875 0.8328087500000001 0.9463656359375001 0.8472640265625 0.9519091578125 0.8570741609375 0.9386031499999999 0.8531077390625 0.9280988156250001 0.8620535265625 0.9137314499999999 0.8646784406249999 0.8981752562499998 0.8728606640625 0.8744195453125 0.85528736875 0.8688031828125 0.8456469171875 0.8841954906249999 0.83809045625 0.8965129765625001 0.8268380359374999 0.8920854437500001 0.8228716140625 0.8815811109375 0.8332756296875001 0.87557715 0.8512361046875 0.8572557 0.8386791984374999 0.8559211953125001 0.8260215109375 0.8629136781250001 0.8110253109375 0.8698515312499999 0.8016712609375001 0.869633015625 0.7969253359375 0.859110471875 0.8048211562500001 0.8509655828125 0.8101239437500001 0.839636615625 0.8055476984375 0.8312003718749998 0.7985481015625 0.8216663484375001 0.793309071875 0.7955147734375 0.78312255625 0.7754946265625 0.7713770343749999 0.7554380609375 0.765681921875 0.742811009375 0.7818818296875 0.7411071140625001 0.7861346515625 0.736000625 0.78520140625 0.72452598125 0.776897321875 0.7180849874999999 0.775523934375 0.7107647312500001 0.7926730265625 0.71116534375 0.8285780375 0.68389258125 0.8136985578125 0.6731333140625 0.8007863484375001 0.6769963453125 0.780248778125 0.68276358125 0.7595255875 0.695814653125 0.7433097421875 0.7068886859375001 0.7337700703125 0.7139540046875 0.70928201875 0.699846771875 0.70756926875 0.6883539171875 0.6919791859375 0.687989725 0.690436115625 0.6785831703125 0.6992281640625 0.65275936875 0.6942277156250001 0.6391073781250001 0.685329746875 0.6253643375 0.6726190984375 0.6125733984374999 0.6661815046875 0.62908169375 0.64618485625 0.6223675546875 0.6329332843750001 0.622057990625 0.6399966421875 0.5941114703125 0.6245443609375 0.6145738453125 0.6119344921875001 0.593455921875 0.63326750625 0.5783367609375001 0.6383317125 0.554508209375 0.661032971875 0.49881547656249997 0.6249104609375 0.552112346875 0.6126769750000001 0.564320575 0.60630828125 0.5912421546875001 0.59193784375 0.586741784375 0.5804468421875 0.5698146656249999 0.5713473140625001 0.5727255984375 0.5547232046875 0.5692137468749999 0.534286415625 0.566653996875 0.5248634640625001 0.55602219375 0.5089340171875 0.5514854015624999 0.49990338906250004 0.5648096203125 0.4882956671875 0.565579625 0.47948253906250005 0.5528797359375 0.46863838125 0.5630380828125 0.45460730624999995 0.5627103078125 0.45 0.5590895796875 0.45 1