0 0.2287865390625 0 0.22878594687499998 0.0049256921875 0.237853890625 0.016647953125 0.24772894843749999 0.0033711734375000005 0.24651957812499997 0 0.2287865390625 0
0 0.1905446828125 0 0.1881774921875 0.014140398437500002 0.19953735781249998 0.007926371875000001 0.20371081093750001 0 0.1905446828125 0
0 0.35 0.11844703125 0.3443334640625 0.12067589062499999 0.3342680421875 0.13216873906249998 0.3323941625 0.144538778125 0.34298379218749997 0.15344665156249998 0.35 0.151497709375 0.35 0.11844703125
0 0.33245887500000004 0.092774334375 0.320463134375 0.098933009375 0.310163828125 0.10907760156249999 0.3187919875 0.123421490625 0.3344454859375 0.11581277968749999 0.33245887500000004 0.092774334375
1 0.04248075625 0 0.042191325 0.0009891828125 0.031951246875 0.0056818171874999995 0.0202486078125 0.0077367140624999995 0.0105944421875 0.0042218828125 0.0009967953125 0.0184112875 0 0.018470300000000002 0 0.2796875 0.35 0.2796875 0.35 0.178455378125 0.3420454671875 0.17120980937500002 0.3243181328125 0.15591385 0.302378053125 0.13950519374999998 0.29143623125 0.1401529734375 0.2888043234375 0.1307739328125 0.273942784375 0.1262052671875 0.26522703124999997 0.10492735312499998 0.2753516 0.087982503125 0.277636890625 0.060604803124999995 0.2597911828125 0.056212803125 0.25534183593750004 0.07690801875 0.23480508281249998 0.0685890375 0.21532223906249998 0.05475910625 0.21708053437500002 0.030136859375000002 0.2034447984375 0.050013826562499995 0.195078515625 0.042336373437500005 0.1778781171875 0.0242850484375 0.1696273453125 0.028859834374999997 0.14961758281249998 0.017785353125 0.1368018828125 0.030803171875 0.11971705937499999 0.0250040015625 0.10971350625000001 0.0078887296875 0.08915032187500001 0 0.0871102671875 0 0.06922334218750001 0.00619943125 0.06459925625 0.020094390625 0.060460990625 0 0.04248075625 0
0 0.5608987937500001 0 0.554915178125 0.0058929484375 0.5564982468749999 0.019502246875 0.5610714734375 0.02344781875 0.571306390625 0.0196796546875 0.5781457984375 0.009788040625 0.5654295484375 0 0.5608987937500001 0
0 0.769214515625 0.2504011109375 0.771205446875 0.2618781046875 0.7772266218749999 0.27417057968749997 0.781845721875 0.2738971203125 0.7888202484375 0.2692679 0.7874181734375 0.256701965625 0.779630428125 0.24767631093750003 0.774241478125 0.2479953484375 0.769214515625 0.2504011109375
1 0.35 0.2796875 0.6208363718750001 0.2796875 0.611349384375 0.26396337187499996 0.6003446171875 0.2677771140625 0.589207234375 0.24840897812499999 0.5846823890625 0.2223248984375 0.5688341578125 0.21166828437500002 0.5744524828124999 0.1902541015625 0.5869535828125001 0.17264875468750002 0.568841675 0.157909840625 0.5487338234375 0.16753289375 0.5337905609375 0.162093096875 0.5230610421875 0.1405926609375 0.520618878125 0.11754751875 0.518311834375 0.0997647640625 0.49503534062500004 0.10008870624999999 0.4839388203125 0.11234050468750001 0.4644223328125 0.1029551375 0.4581259078125 0.115976840625 0.4458083078125 0.11670606718750001 0.44178056874999994 0.09797110625 0.4374800875 0.0866308421875 0.41836895625 0.093032653125 0.4104435875 0.0966640875 0.3932366484375 0.087141990625 0.3828207359375 0.089866790625 0.3691444296875 0.0917305359375 0.360403334375 0.099626575 0.356870196875 0.10616021406250001 0.35 0.10656694375 0.35 0.2796875
0 0.814377959375 0.14758989218750002 0.8343940609375 0.1464048953125 0.837430090625 0.1325221375 0.835485034375 0.1168261125 0.8226703265624999 0.1102062203125 0.8081324203125 0.12055360156249999 0.805096390625 0.134436359375 0.814377959375 0.14758989218750002
0 0.1690255671875 0.32624109687499997 0.1694793046875 0.31988976406249997 0.1652705734375 0.300111440625 0.1558513796875 0.2996149984375 0.1510512859375 0.29884509531250003 0.1453895921875 0.306558828125 0.1452519671875 0.3192159171875 0.1499144359375 0.33264290937499996 0.15897164218749998 0.331052625 0.1690255671875 0.32624109687499997
0 0.073645890625 0.395132478125 0.06880242812500001 0.3806621234375 0.060425828125000004 0.3727254109375 0.0496479265625 0.373363484375 0.046249907812500005 0.385159515625 0.0510474953125 0.4038489 0.059469971875000006 0.40756658593750006 0.071017721875 0.406882934375 0.073645890625 0.395132478125
1 0.35 1 0.35 0.38980243750000004 0.34780174375 0.38838858125 0.3420966828125 0.38240186249999997 0.3295980875 0.382087728125 0.32384965625 0.36240055625 0.3092225046875 0.363266515625 0.2892522796875 0.36023248125 0.283136846875 0.374297546875 0.28304509843750003 0.38273560624999997 0.2636637296875 0.3786126328125 0.25198085937500003 0.374033890625 0.248039859375 0.3826998328125 0.24084097031249999 0.3725852375 0.225986953125 0.3766268625 0.2215029703125 0.382162715625 0.2109060640625 0.383844153125 0.1975025015625 0.37831320156250003 0.1862249890625 0.3895216375 0.17639793125 0.39115749843750003 0.14918043593750002 0.4001473796875 0.13572849375 0.4167549390625 0.1288432109375 0.4308655828125 0.12259266093750001 0.4396682546875 0.1090973484375 0.44257536406250003 0.093654471875 0.44770592656249997 0.08142611562499999 0.45791657656249996 0.075221440625 0.4625002203125 0.068608903125 0.46921616718750003 0.052893284375 0.4817414265625001 0.037266909375000004 0.5037481109374999 0.047274959374999995 0.5031556140625 0.033415153125 0.5218954765625 0.021956646875 0.53206055 0.0013058140625000002 0.5385535125 0 0.54261186875 0 0.5885190578125 0.0732938171875 1 0.35 1
0 0.181656775 0.3497371078125 0.17662730625 0.3700623515625 0.1840071875 0.381220309375 0.1928375265625 0.38280569062500003 0.20411503749999999 0.371597253125 0.1989095875 0.3550401734375 0.19528720625 0.3520923921875 0.184736175 0.3495548 0.181656775 0.3497371078125
0 0.538157484375 0.2797382625 0.5269717234375 0.28250864062500003 0.521355903125 0.28600334374999997 0.519543459375 0.29348919218749997 0.5215343921875 0.3049661890625 0.531496565625 0.30859271875 0.5429550734374999 0.298427646875 0.538157484375 0.2797382625
0 0.7244978109375 0.6544992203125 0.7272127171875 0.6701496671875 0.7380798625 0.6789930156249999 0.7498544812500001 0.6751336984374999 0.75470045 0.671684571875 0.7554269312499999 0.65793854375 0.753436 0.6464615484375 0.7402134296874999 0.6419739609375 0.7303863749999999 0.6436098234375001 0.7244978109375 0.6544992203125
0 0.7916098828125 0.6557964390625 0.8041977203125 0.66559199375 0.8118069765625 0.6556548046875 0.8157479765625 0.6469888625 0.8137111703125001 0.6397308953125 0.8080061078125 0.6337441765625 0.7937868203125 0.6324778328124999 0.78948383125 0.6390570484375 0.7916098828125 0.6557964390625
0 0.7356068609374999 0.5526500140625 0.742443759375 0.5606778828125 0.7509121109375 0.5601765390625 0.7596073296875 0.5564995296874999 0.7575705234375001 0.5492415625 0.7520923296875 0.540079178125 0.739050753125 0.536634953125 0.7328460781249999 0.5412185968750001 0.7356068609374999 0.5526500140625
0 1 0.49391704531249997 0.999943175 0.49378353437500005 0.9890276499999999 0.5070786984375 0.9827770984375 0.5158813703125 0.97824724375 0.5256362515624999 0.9796034437500001 0.5424212171875 0.9941847203125 0.5457742890625 0.9976719828124999 0.5434596796875001 1 0.5377550062500001 1 0.49391704531249997
0 0.7275163 0.76605283125 0.71941244375 0.7507214203125 0.71307265 0.750042671875 0.7079998125 0.7566674640625 0.71062296875 0.7807559734375 0.7142453515625 0.7837037546875 0.7233484328124999 0.777894440625 0.7275163 0.76605283125
1 0.35 1 0.703474025 1 0.7045258484375 0.9877163015625001 0.7132210671875 0.984039290625 0.713358690625 0.9713822015625 0.7429749796875 0.9717370140625 0.7553843312499999 0.9625697265625 0.7555219546874999 0.9499126375 0.7455597796875 0.94628610625 0.760870040625 0.9179736671875001 0.7447056984375 0.901011296875 0.730983515625 0.907094071875 0.717309715625 0.8910383359375 0.7087062453125 0.8862772859374999 0.7129199890625 0.8702166484374999 0.7240165078125 0.8579648484375 0.7142378328125 0.8374621984375 0.7023280953125 0.8360591234375001 0.6941783625 0.824946740625 0.70409716875 0.814872821875 0.7006582874999999 0.7950489203125 0.7009335375 0.7697347437500001 0.6819600296875 0.7634794671875 0.6781591609375 0.7415688406250001 0.6674271359375 0.7379878843750001 0.666570546875 0.7106325578125 0.671288915625 0.6481625937500001 0.6624610828125 0.62865773125 0.6478339328125 0.6295236890625 0.63746389375 0.628029459375 0.6193978625 0.6090715171875 0.6022368 0.5953303890624999 0.5851241171874999 0.559450753125 0.5735788718749999 0.5422149218750001 0.563616696875 0.538588390625 0.5504400015625001 0.5298817734375 0.5478168453125 0.5057932671875001 0.5292053265625001 0.5016247140625 0.5441969703125 0.4849260015625 0.5415279375 0.46505652499999994 0.53931264375 0.4388357140625 0.52400739375 0.43130919062499995 0.51503943125 0.4423808953125 0.5166683734374999 0.451771165625 0.5075652921875 0.45758047968749993 0.49244354218749997 0.4331778375 0.4780507765625 0.37710968437500003 0.45943925781249995 0.37294113281249996 0.4507415328125 0.39453762656249997 0.4392396578125 0.391002246875 0.4241587703125 0.3982195375 0.40491502500000004 0.381439475 0.38902091875 0.375001890625 0.3744396421875 0.37164881875 0.35215986718750003 0.36875151562499997 0.35 0.36998533125 0.35 1
0 0.5706546375 0.404303771875 0.5632288828125 0.39736484375000003 0.5506844125000001 0.4012697375 0.5459276875000001 0.41420028750000004 0.5489153375 0.4224560390625 0.5644015828125 0.431025925 0.5725538203125 0.4242188265625 0.5706546375 0.404303771875