0 0.38544992499999997 0.133892884375 0.3833287484375 0.13961228750000002 0.3801629359375 0.1454770171875 0.3915992265625 0.153184865625 0.40311756406250004 0.1469330640625 0.40733256874999996 0.14014747031250002 0.40739182500000004 0.13006550156250002 0.40114224531250003 0.1278353125 0.38965581562499996 0.1286583625 0.38544992499999997 0.133892884375
0 0.349074575 0.10718231250000002 0.3386646859375 0.102431284375 0.32190494062499997 0.11251186093750001 0.313479484375 0.1253075109375 0.316576925 0.1310758203125 0.327018721875 0.13039809687499998 0.35212187500000003 0.1214815203125 0.349074575 0.10718231250000002
0 0.122160809375 0.17749485625 0.1106242390625 0.18684880312500002 0.10325253593749999 0.1979480546875 0.11364419218749999 0.20580122812499999 0.1272335671875 0.20236091875 0.13563623125 0.1934429484375 0.1388111609375 0.186027146875 0.13571827812499998 0.1794832984375 0.1294686984375 0.1772531109375 0.122160809375 0.17749485625
0 0.008117796875 0.223581296875 0.018545915625 0.22523018125 0.030068812499999997 0.21820284218750002 0.0363594140625 0.21345320625 0.0364004375 0.20647338125 0.035378590625 0.20274102656249998 0.0333440203125 0.1937252453125 0.020826628125 0.1923670125 0.0082454234375 0.2018662859375 0.004034975 0.2078763421875 0.0039757203125 0.21795831250000003 0.008117796875 0.223581296875
1 0 0.759375 0.4296875 0.759375 0.4296875 0.2330977828125 0.4245398359375 0.23151679687499999 0.39431378437500003 0.224098209375 0.36297928281249997 0.2276824515625 0.345215925 0.23092852968750002 0.3431540046875 0.226565965625 0.3463198171875 0.22070123437500003 0.3505576125 0.2100379609375 0.3484911328125 0.20645093281250002 0.342309925 0.192587703125 0.34973176875 0.17295755468750001 0.34033460937500004 0.1734899515625 0.324605825 0.18575181093749998 0.312015503125 0.19680215625 0.30155547656250004 0.20058202500000002 0.3045982171875 0.21565676875 0.2847866125 0.21221367343750003 0.2952694296875 0.204556125 0.29849905625 0.1878338890625 0.3079326828125 0.1810972015625 0.3121659203125 0.17120946406249998 0.315422896875 0.1498340125 0.3102999984375 0.13349884843749998 0.29568877968749996 0.133206803125 0.287131140625 0.168493 0.2713430984375 0.190836828125 0.26397139531249997 0.2019360796875 0.2587391046875 0.20421378125 0.24412332499999997 0.20469727343750002 0.23261866250000002 0.20862246718750002 0.22629159531249998 0.21957639375000002 0.20537154218749998 0.227136128125 0.1917867234375 0.22980090312499998 0.18555081874999999 0.22524410625 0.187690228125 0.2164225578125 0.1741190859375 0.21676072343750002 0.15531565 0.21937659062499998 0.1302307296875 0.225191021875 0.12288637499999999 0.2316370578125 0.11138627187500001 0.2347867140625 0.0883587140625 0.245739246875 0.0883131328125 0.253494609375 0.0737019125 0.2532025640625 0.052740834375000004 0.2677421265625 0.0433482328125 0.2674989875 0.0287370140625 0.26720694218749996 0.010973654687499999 0.2704530203125 0.00893908125 0.26143724062499996 0.00896643125 0.2567840234375 0.010083996874999999 0.2442301203125 0.0048517046875 0.24650782031250001 0 0.2588407703125 0 0.759375
0 1 0.2929751453125 0.9998682265625 0.292493834375 0.9900685390625 0.28838723593750004 0.9740488656250001 0.297909034375 0.9715533624999999 0.30463774374999997 0.9776607375000002 0.310169653125 0.9874765109375 0.3115390671875 0.9997985140625001 0.30435497499999997 1 0.3041042109375 1 0.2929751453125
0 1 0.590448265625 0.997836934375 0.5858717015625 0.9874179281250001 0.5826717453125 0.9759314984374999 0.58349479375 0.9696408968749999 0.5882444296875 0.9716663531249999 0.598811284375 0.9831254359375 0.6026414515625 0.9935717875 0.6011881921875 1 0.5982541359375 1 0.590448265625
0 0.83323043125 0.3553782296875 0.8405611109375 0.3512588046875 0.8437086921875 0.3484962171875 0.845820753125 0.34432788593749997 0.8479647203125001 0.3347308 0.8364965234374999 0.3324517046875 0.8291840765625 0.3334689859375 0.8239335499999999 0.3388488328125 0.8238879703125 0.34660419375 0.8238697375000001 0.34970633906250004 0.83323043125 0.3553782296875
0 0.847422303125 0.42701959531250006 0.8579324703125 0.4147088296875 0.8579871671875001 0.405402396875 0.8349869578125 0.41170171250000004 0.8255670078125 0.41611179062500003 0.8213520031249999 0.42289738281249994 0.8213109796874999 0.429877209375 0.8254530546875 0.43550019375 0.8390241984374999 0.435162028125 0.847422303125 0.42701959531250006
0 0.7793751484375 0.46128293906250006 0.782490821875 0.46394910468750006 0.7992186609375 0.45929728125 0.8075711859375 0.4589102109375 0.8180220968749999 0.45668141406249996 0.8190849640625 0.45343394375 0.818081353125 0.44659944375 0.816060453125 0.4352570546875 0.8191989171875 0.4340455421875 0.8024801953124999 0.43714629374999997 0.7961440109375 0.44965129062500003 0.7898351765625 0.457503071875 0.7793751484375 0.46128293906250006
0 0.5679469421875 0.20553215625000001 0.5762857921875 0.20747169375 0.5846519906250001 0.2047580140625 0.5909471515625 0.199232840625 0.5909745015625 0.19457962499999998 0.5868415406249999 0.1874055671875 0.566952446875 0.1971465859375 0.5679469421875 0.20553215625000001
0 0.5342443015625 0.079262315625 0.5374830453125 0.06098900625 0.519651315625 0.0758681265625 0.5133014578124999 0.09069973125 0.513201178125 0.1077615265625 0.51420023125 0.1153715609375 0.5298788765625 0.1116405984375 0.534125790625 0.099426253125 0.5342443015625 0.079262315625
0 0.4554043765625 0.1739196625 0.4585291671875 0.17503475625 0.47524788906250004 0.1719340046875 0.48470886249999995 0.1605441015625 0.48160230625 0.15632686406250001 0.4785094234375 0.14978301562500002 0.47224161093749994 0.15065497187500002 0.46071415781249997 0.158457846875 0.45545907343750003 0.1646132296875 0.4554043765625 0.1739196625
0 0.48333604062499996 0.21652802656249998 0.4834044140625 0.2048949859375 0.48028418281250007 0.2030043546875 0.45625757031249997 0.20634685312499998 0.444725559375 0.2149252625 0.4446708609375 0.224231696875 0.450883975 0.2326661734375 0.46967373593749995 0.2323769140625 0.48017934531249995 0.22084168437499999 0.48333604062499996 0.21652802656249998
1 0.4296875 0.759375 0.6966603859375 0.759375 0.7015351 0.7410027609375 0.6994822953125001 0.7350891234375 0.7048148671875 0.715749628125 0.7100562765625 0.7119208546875 0.7278560984375 0.7024704875000001 0.7321166859374999 0.6879295328125 0.7458200140625 0.6651008203125001 0.7479731000000001 0.6539526640625 0.7522519187500001 0.6363095671875 0.7670135578125 0.61100891875 0.7628441328125 0.6100391515625 0.7566036703125001 0.606257890625 0.7577349109375 0.5913773796874999 0.7546465859375 0.5840579953125 0.7546967234374999 0.5755270984374999 0.754733190625 0.569322809375 0.75689083125 0.5573991171875 0.764289884375 0.5416466484375 0.7934940890625001 0.5453328828124999 0.7988175453125 0.5275444578124999 0.763318178125 0.5293833968749999 0.760229853125 0.5220640140625 0.7655168421875 0.5104798796875001 0.7572463671875 0.49690730156249996 0.7499795 0.490169221875 0.7364630562500001 0.4812009546875 0.7302408265625 0.47431754843749996 0.7344603890625001 0.466756421875 0.741827534375 0.4564327046875 0.73040491875 0.44639825 0.7325124203125 0.44300545468749997 0.7544679953125 0.43685146406250003 0.7534871734374999 0.42613928437500004 0.743104634375 0.4167350390625 0.721158178125 0.42133795625000003 0.7085724140625 0.431612765625 0.6950787593750001 0.4187668171875 0.681521290625 0.416778375 0.6711114031250001 0.412027346875 0.6701214656250001 0.40286623906249996 0.673273603125 0.3993281171875 0.6816625921874999 0.39273675625000004 0.684837521875 0.38532095312500003 0.6827801578124999 0.380182853125 0.66297766875 0.37518868437499997 0.6430657859375 0.388807384375 0.6409765140625 0.3890980359375 0.608638403125 0.38584778124999997 0.5878095109375 0.3778967953125 0.5711546015625 0.370140040625 0.5639105265625 0.35952428125 0.536763684375 0.3609761484375 0.52741210625 0.3537531859375 0.5191051625 0.34638489687499996 0.504580546875 0.3313576671875 0.4952380859375 0.3225836328125 0.485895621875 0.313809596875 0.4671423265625 0.3078945671875 0.4535985328125 0.30357951562499996 0.434795096875 0.306195384375 0.4296875 0.30731168593749997 0.4296875 0.759375
0 0.5069843281249999 0.277555025 0.520528121875 0.2818700765625 0.5351803640625 0.2751822953125 0.535257853125 0.26199818124999996 0.52797275625 0.258362246875 0.5164999984375 0.25685868749999996 0.5070527 0.2659219828125 0.500730190625 0.2761003734375 0.5069843281249999 0.277555025
0 0.8138079140624999 0.6409194453125 0.8233099109375001 0.62254971875 0.7972304921875001 0.6199785796875 0.7835134890625 0.6451339015625 0.7834815828125 0.650562653125 0.792892415625 0.6477036468749999 0.8138079140624999 0.6409194453125
0 0.7857850859375001 0.6138218046875 0.7826511796875 0.6142577828125 0.7868433953125 0.6113498703125 0.7764335093750001 0.6065988421874999 0.7649470765624999 0.607421890625 0.7627985515625 0.6177945125 0.76693606875 0.6241930328125 0.7752931515625 0.6230304249999999 0.7847131015625 0.618620346875 0.7857850859375001 0.6138218046875
0 0.7669451859375 0.6226419609375 0.762725621875 0.6302030890625 0.7636973265625 0.642466340625 0.77518375625 0.6416432921874999 0.7814698 0.6376691906249999 0.785703040625 0.627781453125 0.782601040625 0.6227886796875 0.7669451859375 0.6226419609375
0 0.33546325 0.9584774250000001 0.34798975625 0.9582845875 0.35530220468749996 0.957267303125 0.357459846875 0.9453436109375 0.35646079375 0.937733575 0.34602355625 0.9376357640625 0.33870655 0.9394285828125 0.3344915453125 0.9462141734375 0.3344368484375 0.9555206078125 0.33546325 0.9584774250000001
0 0.3301170046875 0.9801435312500001 0.3342909875 0.9803377624999999 0.34891588125 0.9783031984375 0.359375909375 0.97452333125 0.3604570078125 0.968173715625 0.3584087609375 0.9614845437499999 0.34798975625 0.9582845875 0.33546325 0.9584774250000001 0.329186321875 0.960900453125 0.32599771875 0.9706428656250001 0.3301170046875 0.9801435312500001
1 0.4296875 0.759375 0.4296875 1 0.6449385375000001 1 0.644633778125 0.9993551984375 0.6540810765625 0.990291903125 0.67502848125 0.9780789500000001 0.6907891734375 0.9603883375000001 0.70764008125 0.9347970390625001 0.720280540625 0.9152157984375 0.72667598125 0.89262883125 0.7309137781249999 0.8819655578125 0.739343790625 0.8683943734374999 0.7551090406250001 0.849928225 0.7551956453124999 0.8351930390625 0.7614725734375 0.8327700109375 0.7750026921875 0.8394116687500001 0.8011094609375 0.83732959375 0.7980530421875001 0.82458145625 0.7887105796875 0.815807421875 0.7699299359375 0.8145456078125001 0.7669099828125 0.795593184375 0.7680503375 0.7791616015625 0.7702535625 0.7594825453125 0.7702515046875 0.759375 0.4296875 0.759375
0 0.799238978125 0.8003945124999999 0.8012735531249999 0.8094102937500001 0.813781828125 0.8123195984375 0.8252500234374999 0.81459869375 0.8346927656249999 0.806310934375 0.835755634375 0.8030634624999999 0.8493450078125001 0.799623153125 0.8535645734374999 0.792062025 0.84838241875 0.7858088296875 0.834783928125 0.7908002109375001 0.8326992171875001 0.7903153281249999 0.82855258125 0.7854678796875 0.8233567531249999 0.7815412921875 0.818138134375 0.7814923859375 0.8118475328125001 0.7862420234374999 0.8013647140625 0.7938995703125 0.799238978125 0.8003945124999999