0 0.3958975828125 0.2592418125 0.40611168593749997 0.2634950390625 0.4136530859375 0.2530851796875 0.40872193437500004 0.24034591875000003 0.40103865625 0.23692621875 0.3975601890625 0.23889283906249997 0.393134084375 0.24365960625 0.3910572234375 0.24742166718749997 0.39300358125 0.2547318140625 0.3958975828125 0.2592418125
0 0.390943684375 0.1966990171875 0.40383049218749995 0.21561533125 0.40939719375 0.23478841718750001 0.4218300390625 0.24910914375 0.42933173125 0.250690609375 0.4314993859375 0.247847665625 0.43040987187499996 0.236818253125 0.417523065625 0.21790193906250002 0.385428065625 0.1904363734375 0.390943684375 0.1966990171875
0 0.2931279765625 0 0.2836727484375 0.003089084375 0.2924455390625 0.017538196875000002 0.30058277968749997 0.025553484375 0.3188830453125 0.0249115578125 0.3182872046875 0.006486412499999999 0.3077169046875 0 0.2931279765625 0
0 0.44551541875 0.26580206875 0.4289799296875 0.27191590468750004 0.4302510296875 0.2847835515625 0.432781859375 0.28561708124999996 0.43567585781249996 0.29012707656250003 0.4486137484375 0.3219538359375 0.4487839625 0.298890303125 0.45510534687500004 0.2885232390625 0.4541066265625 0.2784129453125 0.44551541875 0.26580206875
0 0.3242487046875 0.3890625 0.3241549890625 0.3881137875 0.3183669890625 0.3790937921875 0.306620778125 0.38411733125 0.2999617734375 0.3890625 0.3242487046875 0.3890625
1 1 0.3890625 1 0 0.6745572828124999 0 0.6753497828125 0.0017469343750000001 0.65960645625 0.010922696875 0.6579617171875001 0.025875575 0.6462892765625 0.034124584375 0.6275795890625 0.0238054734375 0.6013889375 0.03256374375 0.5917905296875 0.0407400015625 0.6005159375 0.0553291203125 0.593420846875 0.0783127546875 0.5933099203125 0.087724128125 0.5721065765625 0.08376414531250001 0.5926250203125 0.1018593796875 0.5827179140625 0.1069106390625 0.5618570218750001 0.095883028125 0.55 0.09197792187500001 0.55 0.11168546406249999 0.5692801390625 0.11835739999999999 0.564678703125 0.1349819046875 0.5558857859375 0.1407780375 0.5565031765625 0.1470280375 0.5544725671874999 0.15807466406249998 0.55816725 0.1744081625 0.55 0.189202434375 0.55 0.21167323906250002 0.5506187812500001 0.213870796875 0.55 0.215400525 0.55 0.22587607968749998 0.557347334375 0.2293139171875 0.5561656375 0.24895429375 0.5570145515625 0.2575480453125 0.5557894328125 0.266214546875 0.55 0.2774650984375 0.55 0.293342259375 0.5650984796875 0.2972462921875 0.5633765656249999 0.31141791875 0.5513520109375001 0.305568053125 0.55 0.305414059375 0.55 0.32742807812499997 0.5754445421875001 0.32824166250000003 0.592466071875 0.34253977343750003 0.599691421875 0.3524777703125 0.6045774671874999 0.3703373921875 0.6128398328125 0.3802390109375 0.6151296890625 0.3890625 1 0.3890625
0 0 0.8016223015625 0.007041953125 0.8042494625 0.025245178125 0.7989071984375 0.020016684375 0.7881152015625 0.01141186875 0.785281209375 0.00104171875 0.7856449671875 0 0.7854611890625 0 0.8016223015625
0 0.06149728125 0.7866601703125 0.06664860156249999 0.7966709171875 0.082281 0.7969065296875 0.09399686093750001 0.799631396875 0.11004888125000001 0.7935806328125 0.10966301249999999 0.7896743828125 0.091913165625 0.778537646875 0.08299965312499999 0.7725786515624999 0.0722098796875 0.7792287859375 0.06149728125 0.7866601703125
0 0.159902771875 0.7926158437499999 0.1631247453125 0.7830953421875 0.1569364109375 0.7731209703124999 0.1464890859375 0.772703478125 0.1416127078125 0.7760103578124999 0.1380820390625 0.7824058609375 0.146035709375 0.7891824796875 0.159902771875 0.7926158437499999
0 0.2196155953125 0.8493180531250001 0.2399700234375 0.8446842859375 0.2390439359375 0.8353092875 0.23516115312500002 0.827605915625 0.220720115625 0.8288964249999999 0.2148067234375 0.8322396796875001 0.20847370468749998 0.8418693125000001 0.2196155953125 0.8493180531250001
0 0.19970503125 0.984857078125 0.20396401874999998 0.9753002000000001 0.199198565625 0.969195703125 0.18636851875 0.9657259625 0.18126061875 0.9666890921875 0.17173938125 0.9756465999999999 0.17911907968750002 0.98714709375 0.1885293890625 0.9876009625 0.19970503125 0.984857078125
0 0.33181573124999997 0.7842337125000001 0.34218588125 0.7838699546875001 0.34755905781249996 0.7750579484375001 0.34398496875 0.7704795765625001 0.33603130000000003 0.7637029562500001 0.3292689921875 0.7584524625 0.321050046875 0.7595247171875 0.31360283906249997 0.7684094734375 0.3186769859375 0.7776389703125 0.33181573124999997 0.7842337125000001
0 0.3896377140625 0.7375199125 0.3938967015625 0.727963034375 0.38386900156250003 0.7212591671874999 0.37438151875000003 0.7200240499999999 0.37069650468750004 0.7248570515624999 0.3687430671875 0.7366849296875 0.3711257921875 0.739737178125 0.38261013125 0.7401182953125 0.3896377140625 0.7375199125
0 0.48159434843750004 0.6676579625000001 0.4986062140625 0.660789575 0.4942603859375 0.6483987015625 0.4746680296875 0.6396784671875 0.44712200312499994 0.6241816109375 0.4447055234375 0.6313219875 0.46818066406250003 0.647745596875 0.47540601406249994 0.657683590625 0.48159434843750004 0.6676579625000001
0 0.5242663109375 0.6677290546875 0.5383214765625 0.66253229375 0.5351670125 0.6516675453125 0.5269818203125001 0.642547175 0.5102352328124999 0.6415666890624999 0.5036706953125 0.64885256875 0.5071338546875 0.6628423171875 0.5242663109375 0.6677290546875
0 0.48670700624999996 0.593002703125 0.49749678125 0.58635256875 0.5001447812500001 0.581555940625 0.489962734375 0.5732895734375 0.4756326265625 0.565168709375 0.4640373609375 0.57419896875 0.4656145921875 0.57963134375 0.4718801015625 0.5903869640625 0.48670700624999996 0.593002703125
1 0.55 1 0.55 0.66308396875 0.5396671875 0.6656209171875 0.5385626640625001 0.6860425453125 0.5249705421875 0.6959268062499999 0.5195105265625 0.682791059375 0.50756314375 0.67772244375 0.499619140625 0.692112325 0.5053106781250001 0.707591821875 0.5107706953125 0.7207275703125 0.49736667343749996 0.7219817046875 0.49271215 0.7064658312500001 0.47370343281249994 0.714188221875 0.460993978125 0.7224736078125 0.4475127828125 0.72294649375 0.42435600625000003 0.7308143859375 0.40062525625 0.7434061546875 0.3845394796875 0.7596495437499999 0.373011721875 0.7482945515624999 0.35936651406250003 0.7260384359375001 0.32128632343749997 0.6881763375000001 0.32318191875 0.7179002125 0.33459874843750004 0.7386665812500001 0.34858640625000004 0.753855071875 0.36614815312500004 0.773621934375 0.371376646875 0.7844139312499999 0.3540995078125 0.7991311953125 0.34680665 0.8095784531250001 0.3415106484375 0.81917170625 0.3299828890625 0.807816715625 0.312353634375 0.808435103125 0.294570034375 0.8074909921875001 0.283129115625 0.8180837515625001 0.27814180781250003 0.8308020062499999 0.2925490890625 0.8397041218750001 0.3002712375 0.8441369906249999 0.29266968437499996 0.851459246875 0.2872965078125 0.8602712515625001 0.2863029125 0.8712815031249999 0.250349840625 0.8654870296875 0.279087228125 0.8825100109375 0.2637297703125 0.895592021875 0.2514833609375 0.9085649078125 0.238045584375 0.92001166875 0.23790090312499998 0.939615671875 0.2400617734375 0.9614906703125001 0.2416824265625 0.9778969203125001 0.2315872203125 0.9915783046875 0.2373245296875 1 0.55 1
0 0.82253425625 0.3890625 0.8224264484375 0.38920387343749996 0.8231674531250001 0.3967052453125 0.8290110500000001 0.40528206093749997 0.8457316046875001 0.40595007499999997 0.8518345421875001 0.3890625 0.82253425625 0.3890625
0 0.56737933125 0.6591124296875 0.5800901671875 0.6668476249999999 0.59584166875 0.66138648125 0.6012080375 0.6497447484375 0.5914220343750001 0.638634521875 0.578675865625 0.6415359671875001 0.5640840015624999 0.6458279124999999 0.56737933125 0.6591124296875
0 0.5733193171875 0.6752661859375 0.5538238921875 0.6656144703125 0.5630599265625 0.6813528375000001 0.575931790625 0.6907185703125001 0.5808248109375 0.69627365 0.5963799062499999 0.6998185484375 0.5998232453125001 0.6906986140625 0.5892770875 0.6828874875000001 0.5733193171875 0.6752661859375
0 0.55 0.7941266828125 0.551445271875 0.7946588125 0.5686817343749999 0.79323616875 0.5740480953125 0.7815943750000001 0.5645842359375 0.7737452859375 0.55283984375 0.7757934343749999 0.55 0.7779636765625 0.55 0.7941266828125
0 0.6881930390625 0.487083659375 0.68062155 0.475156909375 0.6697984078125 0.47553655937499995 0.6515954640625 0.46717591875000003 0.647391925 0.47959495468749996 0.6594231031250001 0.4914445203125 0.6643966640625 0.49781493125000004 0.6791464031250001 0.49320701875 0.6881930390625 0.487083659375
0 0.680939884375 0.509832109375 0.6818846078125 0.52092651875 0.6851767015625 0.5322645343750001 0.6938804078125 0.5434127234374999 0.706948721875 0.543772415625 0.706581384375 0.5290594328125 0.6981998593750001 0.521172378125 0.680939884375 0.509832109375
0 0.750080221875 0.5406232875 0.7385322578125 0.53366539375 0.7277091140625 0.53404504375 0.724104665625 0.5415344421875 0.7339579281249999 0.551937975 0.7509661125 0.5495913625 0.750080221875 0.5406232875
0 0.7230675671875 0.5530243140625 0.7037017875 0.543886309375 0.6880169484375 0.5402575390625 0.6946857625 0.55156553125 0.6986575203125 0.558789178125 0.7072806859374999 0.5691220375 0.713256009375 0.574639215625 0.7277287671874999 0.5782220796875001 0.731932303125 0.5658030421875 0.7230675671875 0.5530243140625
0 0.6789440921875001 0.5791152265624999 0.6845619328125 0.592007846875 0.6958682859375 0.5965198703125 0.7100542765625 0.5862050171875 0.7076833640625 0.5731984421874999 0.6952947125 0.5687243796875 0.6814683578125 0.570138465625 0.6789440921875001 0.5791152265624999
1 1 1 1 0.5062079890625 0.9968179296875 0.5074251921874999 0.9880788484374999 0.50691364375 0.97953625 0.49739598906250004 0.971235221875 0.490324203125 0.9533544234375 0.4852247 0.9390879375000001 0.49472428125 0.9236133796875 0.4919946546875 0.9083804703125 0.4917108921875 0.9033617156249999 0.4738886328125 0.880829540625 0.465679853125 0.8752922734374999 0.45360249843750006 0.8484760203124999 0.45699742499999996 0.842913203125 0.4776451984375 0.8515363765625 0.4879781203125 0.8663764703125001 0.5062739640625 0.858810090625 0.528628265625 0.8441762578125 0.5234148046875 0.8305894015625 0.52880008125 0.8091041859375 0.5311899140625 0.7825295406249999 0.53703070625 0.7617337734375 0.55739471875 0.7404194546875 0.5835036375 0.7221910421875 0.6078681234375 0.70848826875 0.6230747109375001 0.6953846171875 0.633351596875 0.6746949156250001 0.6218057515625001 0.649076915625 0.6153414015625 0.6468769062499999 0.626053971875 0.6392653390625 0.636956303125 0.64704784375 0.64977305625 0.6646869703125 0.6524266937500001 0.6658144703125 0.6638406375000001 0.6441681859375 0.6645999328125 0.638399159375 0.6721652625 0.646700146875 0.6792370484375001 0.6183183640625 0.677778265625 0.64133375625 0.69087878125 0.630475296875 0.70189500625 0.610958253125 0.7132150125 0.6147689359374999 0.7188080593749999 0.6057981124999999 0.7379391906249999 0.6067645390624999 0.747722534375 0.607534540625 0.7665119859375 0.5943503578125 0.7759736640625 0.59259824375 0.8022144859375 0.5916416390625 0.8145196265625 0.6102020578125 0.8155047625 0.6195500265625 0.8331751624999999 0.6015533734375 0.8378969656249999 0.587599171875 0.8285692000000001 0.5748981984375 0.8429224906249999 0.5921798765624999 0.85295169375 0.603048190625 0.8640238937500001 0.5910268484375 0.874262940625 0.598567690625 0.884633703125 0.610357271875 0.8940375234375001 0.5976562984375 0.9083908140624999 0.5912075828125001 0.9200704500000001 0.6199920421875 0.9256056375 0.6276035828125 0.91470324375 0.6407524312499999 0.9158782015625 0.6426047515625 0.9346296859375001 0.6547970390625 0.9481097859375 0.64782974375 0.9655344515625 0.6570520375 0.970937671875 0.6605857328125 0.9847214953125001 0.6766240265625 0.9931581250000001 0.6819656484375 1 1 1