0 0.43320564375000004 0.279504021875 0.44468611406249997 0.27496442656250003 0.4505977203125 0.2705753671875 0.452952375 0.26278237656250003 0.451750078125 0.2515854515625 0.44195362187500004 0.249516875 0.429678371875 0.26151562031250003 0.43320564375000004 0.279504021875
0 0.5115211578125 0.31875 0.51455806875 0.30895153125 0.51134385625 0.301309071875 0.499207584375 0.299741253125 0.4902855265625 0.3058158921875 0.49072366875 0.31875 0.5115211578125 0.31875
0 0.51875 0.27178658906250003 0.5134151296875 0.26858567187500004 0.5050395703125 0.27974982187499997 0.5026700765625 0.294835046875 0.5100174187500001 0.2963864796875 0.51875 0.296150428125 0.51875 0.27178658906250003
0 0.2531666546875 0.03688585625 0.24683269062500002 0.029911071875 0.238253371875 0.031747184375 0.2292220109375 0.0368039203125 0.2307670484375 0.0437623171875 0.2356504375 0.052088840625 0.248566646875 0.053489740625000004 0.255148890625 0.047915859374999994 0.2531666546875 0.03688585625
0 0.409170540625 0.15969263281249998 0.41617514375000003 0.16548259375000002 0.4291061921875 0.15959125937500002 0.4348140390625 0.1458741609375 0.432379765625 0.1380647828125 0.41735718125 0.1319082109375 0.40865372187500004 0.140018653125 0.409170540625 0.15969263281249998
0 0.55085239375 0.267370990625 0.552273290625 0.2806037171875 0.5594020343749999 0.280119346875 0.5678572140625 0.28455756718749997 0.57465805625 0.281019490625 0.5769034109375 0.2722085953125 0.5699136484375 0.2591264 0.5568881390625 0.2567075984375 0.55085239375 0.267370990625
1 1 0.31875 1 0 0.5862510359375 0 0.58168008125 0.0046150390625000004 0.58489429375 0.012257500000000001 0.592678834375 0.017880540625 0.5936625328125 0.0270416609375 0.5812928203125 0.030730270312500002 0.5742436984375 0.0468170125 0.581809640625 0.0504042484375 0.5801256234375 0.0570124203125 0.5659774390625 0.058999064062499995 0.5518440921875001 0.05369347343749999 0.5402394796875 0.0645073984375 0.5314118796875 0.0788921734375 0.5356246312499999 0.08840351874999999 0.5363600500000001 0.110113303125 0.5396835609374999 0.1187736640625 0.5465788640625 0.1235457234375 0.5612883890625 0.11935635468750001 0.5685115921875 0.1271821203125 0.5809757624999999 0.13180364687499999 0.582068759375 0.14198266875 0.56378744375 0.1500603375 0.5592967343749999 0.167682128125 0.560265590625 0.18413548125 0.5738524390624999 0.184351559375 0.589312221875 0.194579740625 0.57070300625 0.19960370624999998 0.56607331875 0.230792059375 0.5761828328125 0.24320657968749998 0.5864313296875 0.2420545296875 0.5951698875 0.271423159375 0.6047329046875001 0.27874816562500004 0.61128546875 0.2877587546875 0.6027857703125 0.30519723593750003 0.6042410312500001 0.31875 1 0.31875
0 0.0985175828125 0.8879080796875 0.10361957031249999 0.89827040625 0.1098590765625 0.8969350531250001 0.1157706828125 0.8925459921875 0.1204651515625 0.8842522437500001 0.12149336875000001 0.8715366609374999 0.11292888906250001 0.8660805374999999 0.1032268921875 0.8723220968749998 0.0985175828125 0.8879080796875
0 0.1645195234375 0.9081453125 0.16104219375 0.92034375 0.16222965 0.93883290625 0.172259546875 0.9356450578125 0.1770781546875 0.9210769750000001 0.181444725 0.9097295187500001 0.17868255156249999 0.8988664343749999 0.173893621875 0.8988500453124999 0.1645195234375 0.9081453125
0 0.17404744218749998 0.8779912453125001 0.175920378125 0.88800335 0.17835465156250002 0.8958127265625 0.181693003125 0.897180853125 0.1907095234375 0.8994163499999999 0.1948426515625 0.893325325 0.193406915625 0.88738483125 0.191300540625 0.882629159375 0.1919860203125 0.8741521031249999 0.1851055546875 0.8620878109374999 0.175746296875 0.8640908406250001 0.17404744218749998 0.8779912453125001
0 0.41789011875000004 0.8528786578125 0.419544453125 0.8608549562500001 0.42141738906250004 0.8708670578125 0.42477058124999995 0.8649429515625 0.427110396875 0.8644421921875001 0.433692640625 0.8588683109375002 0.43628073437500003 0.8458188890624999 0.43384645937500005 0.8380095109374999 0.42659357656249997 0.8447682140625 0.41789011875000004 0.8528786578125
0 0.3993996234375 0.799564746875 0.39793420625000003 0.8082087234374999 0.4045960703125 0.8182372109374999 0.4064838453125 0.8209570781250001 0.415843103125 0.8189540484375 0.4201948328125 0.8148988265625 0.42378146406250006 0.8037182906249999 0.42023935156250003 0.7930221234375 0.41066149531249996 0.79298935 0.3993996234375 0.799564746875
0 0.370054771875 0.7714823125 0.3769500765625 0.776254371875 0.3890863484375 0.777822190625 0.395887190625 0.7742841140625 0.398693884375 0.7632704968749999 0.39157998125 0.7564626328124999 0.3851218765625 0.7557621828125 0.379662309375 0.7569306171875 0.37074025 0.76300525625 0.370054771875 0.7714823125
1 0.51875 0.31875 0 0.31875 0 0.46337812500000003 0.004831709375 0.461243215625 0 0.474834640625 0 0.56011410625 0.001285596875 0.5619663671875 0.019318634374999998 0.5664373609375 0.040456584375 0.5775329124999999 0.0565870046875 0.586576271875 0.064217725 0.6130581140625 0.0813763640625 0.609385890625 0.092112 0.642492290625 0.101222978125 0.653037925 0.1087295609375 0.6857940984375 0.1040054109375 0.7086723171875 0.10851637968750001 0.7358218375 0.12434858281250001 0.7272270234375 0.127264575 0.71723130625 0.13662383281249998 0.7152282765625 0.1445176734375 0.72186921875 0.154408590625 0.7322479328125 0.1610407734375 0.756860890625 0.16589448125 0.7797718828125 0.18425541875 0.7872965828125 0.192303078125 0.7730787265625 0.19309785625 0.7656195734375 0.201239978125 0.759711853125 0.20287947343749999 0.7749803843749999 0.21312797031250003 0.7738283375 0.2131576484375 0.7592438687499999 0.22429538125 0.7589428046875 0.23008284843750001 0.7608280765625001 0.23506069687500003 0.777464734375 0.24752486562499998 0.7820862609375 0.262452990625 0.779932696875 0.267584659375 0.77571055625 0.288176109375 0.7817165968750001 0.30478825 0.7729548640624999 0.3187326765625 0.7616401796875001 0.3240829421875 0.75945384375 0.339448265625 0.7613718890625 0.3605065953125 0.7568650703124999 0.368758015625 0.751975253125 0.3861352546875 0.7503388328125 0.407645621875 0.7426113875 0.42884293281249997 0.7245380031249999 0.447561446875 0.720531940625 0.44705946875 0.6935657281250001 0.471923028125 0.6799141765625001 0.5074871234375 0.66188995 0.5182024984375 0.6502250421875 0.51875 0.6496193265625 0.51875 0.31875
0 0.6105635031250001 0.518550990625 0.6006429078125001 0.5227567437499999 0.5979455140625001 0.5347882640625 0.6009262859375 0.5476871531249999 0.6089442671875 0.548053765625 0.6140759359375 0.5438316249999999 0.6176477265625 0.5399433218749999 0.62100091875 0.5340192140625 0.620797159375 0.5246911765625001 0.6180201453125 0.521120325 0.6105635031250001 0.518550990625
0 0.6423183671875 0.6210908140625 0.6368736390625 0.614967015625 0.6290742578125 0.6166362078125001 0.6211507375 0.6245797312500001 0.6139923140625 0.6396485703125 0.6095312859375001 0.642685890625 0.61619315 0.65271438125 0.621652715625 0.6515459453125001 0.6282349609375 0.6459720640625 0.6331480296875001 0.63971411875 0.6418514890625 0.631603675 0.6423183671875 0.6210908140625
0 0.626301246875 0.5016460375 0.639902934375 0.494569884375 0.6547217578125 0.49139841875000007 0.6669821687499999 0.48669190625000003 0.6574191515625 0.47936689843749997 0.6446122421875 0.47898389999999996 0.636251521875 0.48285581562499996 0.6237725125 0.4855265234375 0.6141946546875 0.48549375 0.6029476218750001 0.4847769125 0.598923790625 0.4918858421875 0.6007022671875 0.49358780781250006 0.59945545 0.5042675859375001 0.585277584375 0.5208386984375 0.599768509375 0.514613528125 0.614150134375 0.5073704515624999 0.626301246875 0.5016460375
0 0.7636311359375 0.606582175 0.7561744953125 0.604012840625 0.7510428265625 0.6082349828125 0.7453349796875 0.62195208125 0.74600561875 0.620767259375 0.74800269375 0.624505028125 0.7525581828125001 0.6297778468749999 0.7592348875 0.6325141000000001 0.7642572546874999 0.62727405625 0.765722671875 0.61863008125 0.7636311359375 0.606582175
0 0.8106865437499999 0.688145440625 0.815912671875 0.6922334359375 0.82739314375 0.6876938421875 0.833990228125 0.6748277265625 0.8347850062500001 0.6673685734375 0.83146149375 0.6587082109375 0.8244420515625001 0.6602104859375 0.812852278125 0.6637321765624999 0.809374946875 0.675930615625 0.8106865437499999 0.688145440625
0 0.839202934375 0.849690815625 0.8328838093750001 0.8354237984375 0.8231818125 0.8416653578125001 0.819500721875 0.8445357578125 0.8155861906249999 0.8526625890624999 0.8164605890625 0.8608058046875 0.8232465921875001 0.8645599640625001 0.8333857890624999 0.8623900124999999 0.839202934375 0.849690815625
0 0.8553738750000001 0.9482767921875 0.855950053125 0.9387818343750001 0.8547625968749999 0.9202926765624999 0.8498792093749999 0.9119661515625002 0.8487268499999999 0.9309560687499999 0.8423483656249999 0.9458579874999999 0.8416628875000001 0.9543350437499999 0.83929339375 0.9694202703125001 0.8382503359375001 0.9894280890625 0.848185771875 0.9779301 0.8554534953124999 0.9638791624999999 0.8553738750000001 0.9482767921875
0 0.8989787921874999 0.7004883078125 0.898636053125 0.7047268359375 0.9033008406249999 0.7110175546875 0.9108667828125 0.7146047937500001 0.9185568640625 0.7119176968750001 0.9215821578125001 0.702939884375 0.9218304359375 0.6903912218749999 0.9143737953125001 0.687821884375 0.9043438984375 0.6910097374999999 0.8992122312499999 0.695231878125 0.8989787921874999 0.7004883078125
0 0.9550601375 0.72493129375 0.9441706828124999 0.7126836953125 0.9370270999999999 0.7204603015625 0.9325660718750001 0.7234976203125 0.9333163296875 0.7379151687500001 0.9391982562500001 0.7481105765625 0.9489002515625 0.7418690171875 0.95214414375 0.734927009375 0.9550601375 0.72493129375
1 1 0.31875 0.6754910921875 0.31875 0.6742187921875 0.32374257812499996 0.6754210890625 0.33493950156249996 0.6723661156249999 0.3585017828125 0.677577403125 0.3698820125 0.6888392765625 0.363306615625 0.6935189046875 0.36230510000000005 0.6962662390625 0.3804604203125 0.69322610625 0.3967304671875 0.693648465625 0.40809431093750004 0.68694208125 0.4199425234375 0.6846818875 0.43604565156249997 0.666042990625 0.455654084375 0.6740312921875 0.47060516406249997 0.6858248234375 0.4764115125 0.698194534375 0.47272290312500004 0.706555253125 0.4688509859375 0.716351709375 0.4709195656249999 0.7153234921875 0.4836351484375 0.7151845124999999 0.497201715625 0.725323709375 0.49503176406250005 0.7297550578124999 0.5065789140625 0.734201246875 0.5108338265625 0.731270415625 0.5281217781249999 0.7341122078125 0.5545872328125 0.742552546875 0.5663176875 0.7512114859375 0.5800839468750001 0.7616489015625 0.595552171875 0.7716491171875 0.6069487875 0.7813214328125 0.6152916968750001 0.7762693859375001 0.635116209375 0.7599703046874999 0.6542238828125 0.7316294125 0.6800738734375 0.7592699875 0.669993171875 0.7757728281249999 0.6602135375 0.784491125 0.6448108593749999 0.8014311656249999 0.6391028328124999 0.808341309375 0.6365826578125 0.8144418343750001 0.6488138687499999 0.821461278125 0.6473115953125 0.82781008125 0.6469941453125 0.83313066875 0.6593922765625 0.8455003796874999 0.6557036671875001 0.8509747859375001 0.6472429953125 0.8621125203125001 0.6469419328124999 0.8725796140625001 0.6478256890624999 0.8813626937500001 0.655317615625 0.8715365578125001 0.66783350625 0.8693856625 0.6849545375 0.8722719765625 0.6895432890625 0.885530925 0.6867056625 0.8922224671875 0.6821496828125 0.9011296874999999 0.6833672765625 0.9123767203125001 0.6840841140625 0.9225159156250001 0.6819141640625 0.928397840625 0.6921095734375 0.9376477984375 0.689088640625 0.9415326499999999 0.6955462796875 0.949317190625 0.7011693187500001 0.9527351625 0.71813981875 0.9596304671875 0.722911878125 0.9735452125 0.7261816624999999 0.9840123078125 0.72706541875 0.9956169203125 0.7162514921875001 1 0.7155902546874999 1 0.31875