0 0.42177053750000004 0.2763909015625 0.41654810781249996 0.25623665 0.3965260421875 0.258839584375 0.3919534265625 0.26620176562500003 0.3922578765625 0.280349953125 0.40005300000000005 0.29136354531249997 0.41154351875 0.2917859046875 0.415993396875 0.2867635359375 0.42177053750000004 0.2763909015625
1 0 0.4796875 0.3085077140625 0.4796875 0.30043708125 0.4768694015625 0.3159018765625 0.46373127031249994 0.31129244218749996 0.457711471875 0.31710518125 0.44079191093750003 0.34707212656249997 0.43286713125 0.3458744546875 0.40875302343750003 0.359130796875 0.39076984375 0.34006734375000003 0.3786191203125 0.337837640625 0.3507061296875 0.35030261875 0.3243361921875 0.33294504375 0.3031383125 0.33856525312499997 0.28988905 0.35016385 0.28003545 0.33907345625 0.25672778749999997 0.33372078906249997 0.24140366093750001 0.310529228125 0.214057396875 0.2915620375 0.20007152499999997 0.291733315625 0.1733332828125 0.276969253125 0.1496398578125 0.256226803125 0.12255077031249999 0.2365645125 0.0983429921875 0.2125815796875 0.0626099703125 0.1978656515625 0.037998971874999996 0.16725173437500002 0.034784274999999996 0.13717592812499999 0.0316260828125 0 0.01962474375 0 0.4796875
0 0.3612017515625 0.1400323515625 0.34076934531249997 0.1305057625 0.33426150312499997 0.137203415625 0.333683915625 0.1482143078125 0.3417263578125 0.159207740625 0.35147468125 0.1611540171875 0.36273635 0.1577234390625 0.3634102015625 0.1448773984375 0.3612017515625 0.1400323515625
0 0.9036891562499999 0.292579159375 0.8788309359375 0.28761615156250003 0.8784627234375 0.29463559375 0.8958302703125 0.3027331953125 0.9091570593749999 0.3080537828125 0.9084615484375 0.32131273125000004 0.9150340874999999 0.315729025 0.9276882140625 0.31392086875 0.9413832140625 0.3122220109375 0.9427922984375 0.30531186875 0.935628921875 0.30220695625 0.922465784375 0.2937666171875 0.9163432828125 0.2907710046875 0.9050164140625 0.28722889218750003 0.9099343937500001 0.29323495781250003 0.9036891562499999 0.292579159375
0 0.8081286000000001 0.31861933750000004 0.8186191562499999 0.3181524578125 0.82602800625 0.3165777421875 0.8294370109375 0.311446075 0.8286007 0.307437084375 0.826682603125 0.3040987328125 0.81743748125 0.3007752203125 0.809069584375 0.3006807609375 0.8026606968750001 0.303144715625 0.8042924046875001 0.31194263437499997 0.8081286000000001 0.31861933750000004
0 0.7956620484375 0.11733052031249999 0.8060707812500001 0.1184235171875 0.814520503125 0.1169581015625 0.8201749046875 0.10892527968750002 0.8152569265625 0.10291921562499999 0.8060118046875001 0.099595703125 0.792603190625 0.0958349921875 0.7887441484375 0.109545978125 0.789416809375 0.11667472187500001 0.7956620484375 0.11733052031249999
0 0.761795690625 0.0047657296874999994 0.7665500203125 0.013891548437500002 0.776631453125 0.02122405 0.7919990765625 0.0275431765625 0.78895828125 0.025655400000000002 0.7984897906249999 0.023519345312500002 0.8020215328125 0.016047862500000003 0.7972262906250001 0.007701982812499999 0.7891038671875 0.00292789375 0.7735316812499999 0.0005084609375 0.761795690625 0.0047657296874999994
0 0.7139096609375 0.219322915625 0.7191140265625 0.2198694140625 0.7244411296875001 0.2180761 0.7276864859375 0.21606418437500002 0.72997279375 0.2123830921875 0.7302182671875 0.2077034625 0.7378316796875 0.20222905624999998 0.7306273921875001 0.1999040828125 0.721382271875 0.1965805703125 0.710891715625 0.1970474484375 0.707687271875 0.1982794265625 0.7052782234375 0.20430033124999997 0.7049100125 0.211319775 0.7078689828125 0.2147674265625 0.7139096609375 0.219322915625
0 0.645875121875 0.299228765625 0.64736603125 0.2907587453125 0.6374891625 0.2795265515625 0.6281213015625 0.278542853125 0.6228351109375 0.27955623125 0.6203442421875 0.2871370140625 0.6197714671875 0.2980561484375 0.6227713500000001 0.3007238609375 0.6372617500000001 0.3038139328125 0.645875121875 0.299228765625
0 0.6823742296875001 0.24189118125000003 0.690742128125 0.24198564218750002 0.6941102203125 0.2376339125 0.6986010140625 0.23183160625000002 0.6947648187500001 0.2251549015625 0.6886423171875 0.22215928906250001 0.684478825 0.22172208906250002 0.6739882671874999 0.2221889703125 0.6728246578125 0.2244194828125 0.6726200953125 0.22831917499999999 0.6741699828125001 0.23867696875000002 0.6823742296875001 0.24189118125000003
0 0.5816225875 0.326988059375 0.5821135359375 0.3176288 0.571868453125 0.3134160515625 0.56325508125 0.3180012203125 0.557764328125 0.3229142875 0.5572733796875 0.332273546875 0.56747755 0.3372662328125 0.5737227890625001 0.3379220328125 0.5812134624999999 0.33478743906249997 0.5816225875 0.326988059375
1 0.51875 0 0.51875 0.3275283890625 0.5219655171875 0.326997478125 0.536110553125 0.3167193015625 0.5536008359375 0.3224770890625 0.564500515625 0.3142108296875 0.5741956734375 0.3089550203125 0.5869316265625 0.305586990625 0.5954812359374999 0.32216944999999997 0.6057852953125 0.34521001406249996 0.6250709359375 0.3566459671875 0.6236847 0.3431684203125 0.6113398078125 0.3191293171875 0.6096262734375 0.3118912734375 0.610567259375 0.29395269687500003 0.6112218578124999 0.2814736859375 0.6120401046875 0.2658749234375 0.6274714890624999 0.2510264203125 0.619758190625 0.23845295156250002 0.6204127875000001 0.225973940625 0.636739459375 0.233962240625 0.65955684375 0.2379267109375 0.6683338671875 0.23022178906250002 0.6716610484375 0.22664999843750003 0.672397471875 0.2126111125 0.6707657593749999 0.2038131921875 0.6907060015625 0.20277013593749998 0.69764675 0.1901669859375 0.70038309375 0.177906575 0.7105282875000001 0.1640714484375 0.7183462609375 0.15469735 0.730491378125 0.1426407 0.7323095859375 0.127931175 0.7285143046875 0.12047453281250001 0.7374140640625 0.11042979687500001 0.7581087890625 0.11495560625000001 0.768762996875 0.11136897500000001 0.75564076875 0.10214869687499999 0.7372732640624999 0.093161859375 0.7306417484375001 0.07991775 0.735337103125 0.070215753125 0.7445232468749999 0.054711449999999995 0.741341653125 0.0355557359375 0.7414643906249999 0.033215921875 0.7507323609375 0.016151742187500002 0.7574482953125 0 0.51875 0
0 0.4473341609375 0.6398193328125 0.43147554687499995 0.6387815421875 0.4252848671875 0.645033915625 0.423928171875 0.6549313734375 0.43212663281249997 0.6583022656249999 0.44925827500000004 0.6670036640625 0.45621640937499996 0.6620869 0.4584060671875 0.6522768625 0.4473341609375 0.6398193328125
0 0.462363478125 0.7524642390625 0.4445421484375 0.7423356953125 0.431741090625 0.7454836874999999 0.42708535625 0.7544072328125 0.4325885875 0.7612600734375 0.4417509203125 0.7622221890625 0.44928012968750003 0.7623853281249999 0.45798416406250003 0.7720842671874999 0.468405015625 0.7650210749999999 0.462363478125 0.7524642390625
0 0.42080372187500004 0.698527975 0.4160751453125 0.7064086015625 0.424819315625 0.7177745156249999 0.4363167828125 0.722119315625 0.443340425 0.7159544109375 0.44370051562499996 0.7090897796875 0.444322490625 0.697232665625 0.43872105 0.6922520203125 0.42632515 0.6890678484375 0.42080372187500004 0.698527975
0 0.3986744515625 0.6893017890625 0.3966666375 0.6796785187500001 0.3884681765625 0.676307625 0.380171509375 0.674808925 0.37487925781250003 0.67990066875 0.3783565140625 0.69344320625 0.38918473124999997 0.694580253125 0.3986744515625 0.6893017890625
0 0.39531356562500003 0.6575740875 0.39485526718749997 0.6663109125 0.3977287453125 0.6753975984375 0.40822960625000004 0.6827752265625 0.419016053125 0.6902485 0.41953069374999996 0.6908643703124999 0.4295914234375 0.6906658531250001 0.4258522828125 0.6821157515625 0.4195815921875 0.6739273515625 0.4136055265625 0.6601223703125 0.4055380046875 0.65425528125 0.39531356562500003 0.6575740875
0 0.267080796875 0.7231730984375 0.25314995156250003 0.7173178015625 0.24462413593750001 0.720187490625 0.23996840000000003 0.729111034375 0.24290731718749997 0.736949621875 0.25533595 0.7395096953125 0.2663606125 0.7369024062499999 0.2691213125 0.7321723171875 0.267080796875 0.7231730984375
0 0.2333193609375 0.744100228125 0.2435584 0.7564703453125 0.25515410781250003 0.75894295625 0.263843603125 0.752952978125 0.26356714531250003 0.7422565406249999 0.2505019359375 0.735864609375 0.23790962031250001 0.7364248250000001 0.2333193609375 0.744100228125
0 0.256030684375 0.8060971796875 0.2496436203125 0.8160939421875 0.2581839140625 0.8289131171874999 0.2722130265625 0.8328962750000001 0.2783382359375 0.827892 0.279662134375 0.818618584375 0.2765595703125 0.8139003406249999 0.2668916671875 0.80661018125 0.256030684375 0.8060971796875
0 0.0514947484375 0.7137123421875 0.059547665625 0.7038905078125 0.06010416875 0.6932815359375001 0.041077521875 0.6887736 0.029790976562499998 0.6963733734374999 0.0242041078125 0.7070816015625001 0.03060576875 0.712773809375 0.0386405515625 0.7192649953125001 0.0514947484375 0.7137123421875
1 0.51875 0.4796875 0 0.4796875 0 0.6535699046875 0.0209606484375 0.6665813296875001 0.0296973546875 0.6756561671875 0.0677507765625 0.6846720546875 0.0723228765625 0.693309575 0.09525237187499999 0.7032473265625001 0.10890675937500001 0.6984061859375 0.1138571171875 0.68386610625 0.1296829953125 0.685527946875 0.1364265515625 0.7006684906249999 0.160956465625 0.7120292234375001 0.1802777640625 0.7109206296874999 0.2004974625 0.7086514046875 0.21150392812500002 0.72235708125 0.21321708906249998 0.73759688125 0.23056335625000002 0.7262409734374999 0.22865376718750002 0.7147455125000001 0.2355791859375 0.71045275 0.25400206875000003 0.7105048390625 0.2531545859375 0.694728453125 0.246083675 0.6858284906250001 0.257271996875 0.680100909375 0.2695369546875 0.685781275 0.2776699453125 0.6904003140625 0.2921900140625 0.6850225421875 0.3055170625 0.6864219859375 0.32660245312499997 0.6836161796875 0.34445429375000003 0.6785883171875 0.3650995765625 0.66820631875 0.392880221875 0.6560635953125 0.3978305796875 0.6415235171875 0.40892068125 0.637668078125 0.40617817812499996 0.6260852015625 0.40926623281249996 0.6151145296875 0.43265402656249996 0.6163154578125 0.42927497812500004 0.600900725 0.4426347453125 0.60167611875 0.45863884062500004 0.615906584375 0.48400171406250003 0.62735483125 0.48795543124999996 0.6158475765625 0.4970377390625 0.6023688703125 0.48817004375 0.595790221875 0.477701915625 0.5877885453125 0.48159016093749996 0.5775294343749999 0.49405153124999995 0.5794654609375 0.49816895937499994 0.5648379171875 0.50816425 0.5658875 0.51875 0.569692625 0.51875 0.5661531484375 0.510353890625 0.5560775078125 0.51875 0.5508731421874999 0.51875 0.4796875
0 0.7890660890625 0.9216822375 0.7917615203125 0.910201765625 0.7790075062499999 0.89396204375 0.763189846875 0.8962222390625 0.7638625078125 0.90335098125 0.7775346609375 0.9220398171875 0.7890660890625 0.9216822375
0 0.6724245328125 0.9306082968750001 0.6829560015625 0.9293614796874999 0.689446715625 0.92533765 0.6902649625 0.9097388875 0.6907559125 0.9003796296874998 0.67955178125 0.894497703125 0.66585678125 0.896196559375 0.6612023390624999 0.9051186187500001 0.6613840515625 0.92160661875 0.6724245328125 0.9306082968750001
0 0.6990010718749999 0.902813903125 0.7014919421875 0.895233121875 0.6976966609375 0.8877764796874998 0.684165309375 0.8863555828125002 0.6777155078125 0.889599475 0.677429121875 0.8950590421874999 0.6905922625 0.90349938125 0.6990010718749999 0.902813903125
1 0.51875 0.4796875 0.51875 0.8031482765625 0.518980496875 0.8031342218749999 0.537348003125 0.8121210609375 0.5412070453125 0.7984100749999999 0.536370890625 0.79084413125 0.5481068828125 0.7865868625 0.580760225 0.8025634640625 0.599864153125 0.797511415625 0.60625019375 0.815435153125 0.6284358296875 0.81149094375 0.6391899234375 0.8259521875000001 0.657925640625 0.8279195828125001 0.665030040625 0.81219668125 0.6933381765625001 0.8112480828124999 0.7100330609375 0.812216940625 0.7003198390625001 0.79786499375 0.7085060234375 0.781471453125 0.7159967 0.7783368625 0.7371823734375 0.7735034140625 0.7861671734375 0.757472871875 0.804984715625 0.757880390625 0.8019667703125 0.7356049234375 0.8171935921875001 0.7246561093749999 0.839765503125 0.7333002093750001 0.8468289890625 0.7183572437500001 0.8366657328125001 0.71258461875 0.8693599890625 0.7277812828125001 0.8840958624999999 0.726191725 0.8827096265625001 0.7127141781249999 0.8673829156250001 0.7056151156249999 0.870364734375 0.688675075 0.891468584375 0.685401503125 0.8995091828125 0.6917354687499999 0.9176540624999999 0.6850142437500001 0.917063225 0.6763256249999999 0.933044534375 0.6709456781250001 0.9317810375000001 0.6551283171875 0.9405580578125001 0.6474233953125 0.9515985406249999 0.6564250734375 0.952025725 0.6682334437499999 0.9715568421875 0.6749897687499999 0.9775794546875 0.6599375046875 0.9563348062500001 0.6459431375 0.94770336875 0.6309205546875 0.9531532109375 0.6267874234375 0.9619302328125 0.6190825015625 0.96233935625 0.611283121875 0.966321134375 0.59523231875 0.9596487078125 0.5827681499999999 0.9606715171874999 0.5632696968750001 0.961998778125 0.5579194296875001 0.9697758406249999 0.5493252703125 0.9747166671875 0.5349436453124999 0.9789030078125001 0.5149931515625 0.9823529265625 0.5090815453124999 0.9832120875000001 0.49270284531249997 0.9857847843750001 0.4835621875 0.9907930984375 0.4796875 0.51875 0.4796875