1 0 0 0 0.3 0.21374943750000003 0.3 0.214150728125 0.291206678125 0.21955845937500001 0.25678333750000004 0.217057146875 0.23246505312500002 0.229402940625 0.23394112968749997 0.3060364203125 0.26091244062499996 0.2529578640625 0.2222362515625 0.2241149203125 0.1965037640625 0.2450520859375 0.1927054109375 0.2507435765625 0.166900815625 0.2595055296875 0.1628340453125 0.26303523281249996 0.1349444234375 0.243976096875 0.1322090546875 0.233224575 0.11558051250000001 0.2353305890625 0.10405101718750001 0.2237277953125 0.061566240625000004 0.2337986265625 0.053546209375 0.23613426406250002 0.017202990625 0.2292801484375 0 0 0
0 0.3506465859375 0.193366453125 0.3749970109375 0.1939032921875 0.385067840625 0.185883259375 0.368967628125 0.177656678125 0.35104678906250003 0.1697603890625 0.34012305 0.1717421375 0.3506465859375 0.193366453125
0 0.3317022609375 0.1782242234375 0.3282873671875 0.19370698125000002 0.3371050890625 0.20325472812499998 0.3521818171875 0.204235365625 0.3544584140625 0.1939135265625 0.3463804203125 0.18299297812499998 0.3317022609375 0.1782242234375
0 0.289488403125 0.1635876640625 0.2861883203125 0.1666635625 0.285674940625 0.1828585421875 0.3003531015625 0.18762729375 0.30763559375 0.186306128125 0.3140651796875 0.178946678125 0.3152034765625 0.17378575937500002 0.3114490546875 0.1670352546875 0.3029150890625 0.1661062515625 0.289488403125 0.1635876640625
0 0.68617583125 0.101026878125 0.6874807781250001 0.110265453125 0.6924607593750001 0.123048565625 0.7064847249999999 0.12682126093749999 0.726747603125 0.1241980484375 0.729456475 0.1152841125 0.7148525328125 0.107405384375 0.7042624078124999 0.0998512953125 0.69517101875 0.0972893734375 0.68617583125 0.101026878125
0 0.966422284375 0.06808329375 0.963231025 0.062345365625 0.9516733484375 0.0591780578125 0.9362956406249999 0.0514397046875 0.9305879109375 0.06721455937500001 0.9449018640624999 0.07304027187499999 0.947899334375 0.0830246078125 0.9594570125 0.0861919171875 0.9644383828125 0.082129775 0.96603470625 0.076576109375 0.966422284375 0.06808329375
0 0.69542679375 0 0.6949855656249999 0.00046424374999999996 0.6836690843750001 0.00462286875 0.6856028015625 0.012694562500000001 0.69188911875 0.017870996875 0.6968216953125 0.01908176875 0.7047043359374999 0.0187045390625 0.7178583390625001 0.016318182812500002 0.7198422390625 0.0022717046875 0.7167445984375 0 0.69542679375 0
0 0.680137653125 0.0189500953125 0.68158759375 0.0292151796875 0.6858426062499999 0.0368657515625 0.6985128296875 0.0366727859375 0.702285453125 0.0296714921875 0.7023342484375 0.0243985765625 0.699481771875 0.015440748437499999 0.6901003953125 0.0108258109375 0.6808152187500001 0.012510296874999998 0.680137653125 0.0189500953125
0 0.8497232390624999 0.157687284375 0.8511257750000001 0.1563800296875 0.8490470640625001 0.14728182812499999 0.8454208234374999 0.1384643734375 0.8264642796875 0.1334809046875 0.8284941984374999 0.14785202343749998 0.8341029515624999 0.1594682546875 0.8497232390624999 0.157687284375
1 0 0.3 0 0.8322064171874999 0.0025481328125000003 0.8322758453125001 0.009606825 0.8541571593749999 0.0190369984375 0.8534991812499999 0.033254751562500004 0.8530254671874999 0.047133723437500004 0.85577165625 0.053177459375 0.8704674125 0.06976391093749999 0.881144915625 0.082820325 0.8893043921875 0.108063184375 0.8994642921875 0.12585838437500002 0.91308095 0.13543354999999999 0.91344948125 0.1455412859375 0.9063517031250001 0.1547288765625 0.91521305 0.16193395156249998 0.921275615625 0.181905453125 0.9334446421875 0.1933181359375 0.9355854421875 0.20327948906249999 0.9443064140625002 0.20405186406250003 0.961011296875 0.20898305156250002 0.9790673265625 0.228810946875 0.9733645890624999 0.22518470625 0.964547134375 0.231570003125 0.9423324812499999 0.2447728 0.9346732078125001 0.25357419999999997 0.9351821125 0.2782858765625 0.9359630640625 0.29153746875 0.9230308749999999 0.31707170625000003 0.9183985359375001 0.33656081875 0.9159156984374999 0.3489410546875 0.9136697156250001 0.3632550078125 0.9194954265625 0.36930013281249996 0.917345928125 0.3794566640625 0.9049752359374998 0.382164146875 0.9129065546875001 0.393093053125 0.9172407453125 0.40136327187500004 0.9083707000000001 0.39764083125 0.893253821875 0.389759578125 0.8767857953124999 0.3893733921875 0.8684333546874999 0.392759828125 0.8530796203125 0.4042213046875 0.849947503125 0.41195895312499997 0.8485437640625001 0.4313030734375 0.8450344171874999 0.44145821406249997 0.84950898125 0.44895466875 0.8407793078125 0.43860712656249995 0.8237058968750001 0.442718534375 0.8134847031250001 0.43633601562499996 0.8020088453125 0.4356110453125 0.796876303125 0.44847505937500004 0.7924369312499999 0.46685162656249996 0.793314365625 0.4682053671875 0.797280025 0.478264309375 0.795455165625 0.48213452187500005 0.7779080390625001 0.49364479375 0.76950300625 0.49408116562500004 0.7557372765625 0.5076213546874999 0.7617033609375 0.5304467203125001 0.7659849578125 0.559375 0.7806476765625 0.559375 0.7652872937499999 0.5427307578125 0.7574395515625 0.52048675625 0.7404187328125 0.52633948125 0.7256703828125 0.532434790625 0.7014027125 0.542302721875 0.6701337468749999 0.54225670625 0.64171615 0.534619425 0.5988835453125001 0.5427934453125001 0.5837140749999999 0.5413922984374999 0.568176075 0.5504362828125 0.55916565625 0.559375 0.5621933109375 0.559375 0.5014591625 0.5494742859375 0.49617141406250004 0.5491368921875 0.4825460546875 0.540578075 0.472517828125 0.538983140625 0.4612262359375 0.541982 0.45436531562500004 0.551218384375 0.4579537453125 0.5553297890625 0.447732553125 0.5489486625 0.4194114375 0.548078696875 0.41325238750000004 0.540391234375 0.39253795468749997 0.5362812156250001 0.38591389062500003 0.532654975 0.3770964375 0.5322687875 0.36874399687500004 0.5298512921875 0.36286569375 0.5237099703125 0.3587157703125 0.5181974171875 0.3533989625 0.5201813171875 0.33935248281249997 0.5131700296874999 0.3290435078125 0.4989048703125 0.31794488125 0.500184878125 0.3 0 0.3
0 0.559375 0.3718904703125 0.5536916187500001 0.37433285 0.5485164578124999 0.38264140156250004 0.5542702046875 0.395284140625 0.559375 0.3969426265625 0.559375 0.3718904703125
0 0.5556937484375 0.7256090921875 0.5510999546875001 0.72117841875 0.54713493125 0.7155808640625 0.5386235187499999 0.7171249765625001 0.5333995640625 0.7307064421875 0.5366870234375 0.7427437953125 0.5457784125 0.7453057171874999 0.5527910890625 0.7387694359375 0.557482471875 0.7326542765624999 0.5556937484375 0.7256090921875
0 0.5084885406249999 0.801552921875 0.506699815625 0.7945077390625 0.4939333921875 0.7884012796875 0.48672692812499996 0.7991839671875 0.48677433125 0.8107563093749999 0.49131933281249995 0.820459896875 0.5001207328125 0.8209688015625 0.5065046390625 0.815599403125 0.509019721875 0.8109318734375 0.5084885406249999 0.801552921875
0 0.5242385421875 0.98609628125 0.5365699828125 0.9891232125 0.544985196875 0.9812796765625 0.5457115546875 0.9695669625000001 0.5386514734375 0.9645309031250001 0.5269488015625 0.9603370874999999 0.5186297890625 0.97448005 0.5242385421875 0.98609628125
0 0.4254503484375 0.8597827656250001 0.4200827875 0.855492465625 0.4131189046875 0.8567558312500001 0.404219915625 0.8667927593750001 0.4027197921875 0.878645846875 0.4126811453125 0.8873668203125 0.4261251328125 0.8870334796874999 0.432557834375 0.8763911640625001 0.431687871875 0.8702321140624999 0.4254503484375 0.8597827656250001
0 0.3346467890625 1 0.338585178125 0.9976678406249999 0.3405690796875 0.9836213624999999 0.3399891046875 0.9795153296875 0.339457921875 0.9701363796875 0.332977815625 0.9692063531249999 0.3237888375 0.9771902640625001 0.323062478125 0.9889029796875001 0.3283812421875 0.9984661921875 0.33186226093750004 1 0.3346467890625 1
0 0.2554442171875 1 0.256083725 0.9978956078125 0.2486374546875 0.98450710625 0.239256078125 0.97989216875 0.23229219375 0.9811555343750001 0.23079207031250001 0.9930086218749998 0.23262901406249997 1 0.2554442171875 1
0 0.807088171875 0.9992435109375 0.8132782890625 0.9981205203125001 0.8196621953125 0.9927511203125 0.8215485093750001 0.9892504734374998 0.81821225625 0.9824860359375001 0.8099922203125001 0.9692379093749999 0.8011908203125 0.96872900625 0.7921468359375 0.977739425 0.7926780171875001 0.9871183734375 0.7978517890625 0.99565508125 0.807088171875 0.9992435109375
0 0.7684124359375 0.8546548984375001 0.7669624953125 0.8443898140625 0.7600962015625 0.835107346875 0.7515847890625 0.8366514609374999 0.74935969375 0.8433720062500001 0.7522121703125 0.852329834375 0.7568059640625 0.8567605078125 0.7617385421874999 0.85797128125 0.7684124359375 0.8546548984375001
0 0.5674301625 0.8532151890625 0.5648662843750001 0.8631556359375001 0.5666062125 0.8754737359375 0.5702812484375 0.8790182718749999 0.574150071875 0.8783164031249999 0.5781638890624999 0.8786410421875 0.5851277734375 0.877377678125 0.59204425 0.864541971875 0.582566675 0.8536276109374998 0.5767641328125 0.8462577859374999 0.56970405 0.8412217281250001 0.5674301625 0.8532151890625
0 0.9007958468750001 0.5726992046875 0.9107097953124998 0.5698478375 0.9130798828125 0.5641537984375 0.9102274078124999 0.555195971875 0.9051498375 0.5529586890625 0.8997334828125 0.5539413062499999 0.8925758125 0.5594510796875 0.8933007828124999 0.564583621875 0.9007958468750001 0.5726992046875
0 0.961736421875 0.4816297953125 0.957045040625 0.4877449546875 0.9574800218749999 0.4908244796875 0.9549649390624999 0.49549200937500004 0.9572374390625 0.5003438046875 0.9695688812500001 0.5033707359375 0.9819491171875001 0.5011247546875 0.9863017187499998 0.4982294953125 0.9865930953125 0.48343725625000006 0.9716503703124999 0.47877842656249997 0.961736421875 0.4816297953125
0 0.9388176359375 0.437358259375 0.925567434375 0.4334451921875 0.9195223109375 0.43559469218749997 0.9173934140625001 0.4486146625 0.9228571734375001 0.459204384375 0.9290472921875 0.45808139375 0.938187475 0.4553703984375 0.94873019375 0.45135214843749993 0.9476664421875001 0.4494395046875 0.9628517484374999 0.44457900937500006 0.9528416015625 0.44113095468749997 0.9388176359375 0.437358259375
0 0.875126340625 0.45838824375 0.879236359375 0.46501230625000006 0.887892765625 0.4644947015625 0.8956304124999999 0.46309096250000004 0.902933078125 0.45860769843749993 0.902160703125 0.44190281562500006 0.8968907328124999 0.42706668593749997 0.884510496875 0.42931266875 0.8754665124999998 0.43832308593749997 0.8743051703125 0.4469562765625 0.875126340625 0.45838824375
1 0.559375 0.3 0.559375 0.7935687812500001 0.567386925 0.7911070796875 0.5782182406249999 0.8059871031250001 0.5731908546875 0.7816316484375 0.5806385140625 0.7781748921875 0.5957750265625 0.7785873140625 0.5962574140625 0.7932391796875 0.6092176265625 0.79509923125 0.6274492 0.7949501578125 0.6345106703125001 0.7831409593750001 0.6263394296875 0.7646199171875 0.63059583125 0.7554252328125 0.6378497015625 0.7562148843750001 0.65404996875 0.7585399500000001 0.6678299625 0.788677221875 0.6844178046875 0.782509471875 0.6801153890625 0.7632865609375 0.674071653125 0.748590803125 0.6635303234375 0.7357637984375 0.662854146875 0.7253583421875 0.674315625 0.722226225 0.6862608796874999 0.7169007171875 0.6816196796874999 0.7008977046875 0.6935663234375 0.678726940625 0.7049302125000001 0.6861406546875 0.7256768671875 0.6813240515625 0.73003085625 0.6615835359375 0.7148469390625001 0.649598775 0.7115120765625 0.62598908125 0.711417265625 0.6028444000000001 0.7267963609375 0.5937374984374999 0.73685669375 0.57506738125 0.7487559296875 0.5413242781250001 0.7577525109375001 0.5207415171875001 0.7384585734375 0.5021326921875 0.7445524921875 0.494710278125 0.7650565640625 0.499412996875 0.7649617531249999 0.47626831718750007 0.7754068843749999 0.482795896875 0.7891422515625 0.4676703203125 0.7988638 0.4522201015625 0.8014290671875 0.42543440156249995 0.7960141015625 0.4095717625 0.7879864671875 0.408922484375 0.7863915312499999 0.397630890625 0.7826690921875 0.3825140125 0.782137909375 0.3731350640625 0.7953407046875001 0.3654757921875 0.7870244703125 0.345928240625 0.7743542453125001 0.3461212046875 0.76874549375 0.33450497343749996 0.7706805984375 0.32573141250000004 0.7807395406250001 0.32390655156250003 0.7863496828125001 0.318677525 0.7871248375000001 0.30169189687500003 0.78585043125 0.3 0.559375 0.3