0 0.067080415625 0.14729543437499998 0.07238662968750001 0.1421386875 0.0724957734375 0.13589915624999999 0.07157641718749999 0.1288191140625 0.068531846875 0.1239577609375 0.063334775 0.12287497656249999 0.05499763437500001 0.122390428125 0.0497732765625 0.122867525 0.0465922765625 0.12580558749999998 0.0464012734375 0.136724765625 0.0567272 0.1427900421875 0.058784201562500006 0.1444710625 0.067080415625 0.14729543437499998
0 0.049285221875 0.0314932390625 0.04295050625 0.0358094765625 0.0418128625 0.041208498437500005 0.0417173625 0.0466680890625 0.04990443125 0.05573199375 0.06549564531249999 0.058980346875 0.0750795765625 0.047826340625000005 0.0762308640625 0.041647378125 0.0701144375 0.033484553125 0.0607760796875 0.0305996109375 0.049285221875 0.0314932390625
0 0.15100811249999999 0.2396154984375 0.1521457546875 0.23421647812500002 0.1470441859375 0.22767410156249998 0.13767854375 0.22634904374999998 0.13142568593749998 0.2259856328125 0.12193725625 0.231680046875 0.122802040625 0.2418798546875 0.12692968124999998 0.244461953125 0.1394081109375 0.24674865937499998 0.1477861828125 0.2448933828125 0.15100811249999999 0.2396154984375
0 0.2017645984375 0.3198581296875 0.2122133140625 0.31890393281249996 0.21854802968749998 0.31458769375 0.2187253875 0.30444845625 0.21580360468749998 0.2925676296875 0.2116486765625 0.2915454140625 0.2001851046875 0.29087915937500003 0.18643260156250002 0.30179088906249996 0.19046474375 0.309832578125 0.19145231406250002 0.31301291249999996 0.193468384375 0.3170337578125 0.2017645984375 0.3198581296875
0 0.3233143140625 0.5 0.3238066375 0.49949341562500005 0.33659885625 0.48384146875 0.33663978437500003 0.48150164531249995 0.33255307031250003 0.47657972031250007 0.3273696421875 0.4747169953125 0.3210485703125 0.4782532921875 0.31777206874999997 0.486650940625 0.3085832234375 0.5 0.3233143140625 0.5
1 0.4296875 0 0.1381321546875 0 0.13734365625 0.0069432234375 0.12885644062499998 0.01503803125 0.1316690796875 0.033158390625 0.1230863625 0.046712787500000005 0.1311506453125 0.062796165625 0.1269138578125 0.06645359843750001 0.12768314218750001 0.0821129953125 0.13875106718750002 0.1053975515625 0.137517921875 0.1162561625 0.135201703125 0.1293940296875 0.1424421328125 0.1329377765625 0.14643334531250002 0.1433192890625 0.1451183421875 0.15885755 0.1366311265625 0.16695235625 0.13116119531249998 0.181468403125 0.15935362343749998 0.1799839875 0.1435577640625 0.18843475468749998 0.133960190625 0.20036870156250003 0.1399401890625 0.2163309421875 0.154557475 0.2156190203125 0.1704351921875 0.20248860156249998 0.1765243328125 0.212211309375 0.1836146875 0.2243344109375 0.1794051875 0.22643196250000003 0.1750319703125 0.237888809375 0.184233896875 0.248573165625 0.1881568953125 0.2628543859375 0.20469474999999998 0.27162289687499996 0.21504796406249999 0.2761282890625 0.22865039375 0.27379591406250003 0.23161310624999998 0.28333691875 0.223194103125 0.28753201875 0.21883453125000002 0.298208925 0.22696702812499997 0.3103925953125 0.2447789578125 0.3059626703125 0.2477143859375 0.31706355625 0.23614167031250002 0.3226368328125 0.2588778109375 0.334888521875 0.27273945624999996 0.31773725937499997 0.292212740625 0.3376066578125 0.2931320953125 0.3446867 0.28563245 0.35596184062499997 0.2864290203125 0.3700613546875 0.306243375 0.370432215625 0.3166511609375 0.37181784375000004 0.31857173125 0.381298278125 0.365222584375 0.398062809375 0.3777555859375 0.3972297484375 0.38687565468749996 0.412593753125 0.3711480109375 0.41714481562500005 0.377223509375 0.42764746562499995 0.3729594375 0.4328647796875 0.3873584359375 0.44463192031250004 0.41459057968749996 0.43840728906250004 0.4296875 0.44329502187500003 0.4296875 0
0 0.052451667187499995 0.327575596875 0.05461780937500001 0.3230170859375 0.055782739062499996 0.31605818124999996 0.0485559546875 0.31173449375 0.0371060265625 0.3102882984375 0.031799809375 0.3154450453125 0.0306621671875 0.320844065625 0.0367513078125 0.3305667765625 0.04715909375 0.33195240312499996 0.052451667187499995 0.327575596875
0 0.5115394046875 0.47158543750000004 0.5052486468749999 0.4804049328125 0.5137346953125 0.4864092015625 0.5235109984374999 0.488814415625 0.5370938578125 0.484092775 0.5358999078125001 0.4821863609375 0.5288004171875 0.4670775671875 0.5115394046875 0.47158543750000004
0 0.7391933640625 0.4370539390625 0.7465978203125 0.43472874843750003 0.7528404249999999 0.42866198593749993 0.7493067296875 0.42019001093749997 0.7358683265625 0.416653446875 0.7284478203125 0.41989621875000005 0.7258994171875 0.42525917187499995 0.7281910109374999 0.43457746718749996 0.7391933640625 0.4370539390625
0 0.9471404203125001 0.4766949953125 0.9349762171875 0.4704769546875 0.9226996640625 0.47068196249999994 0.92491100625 0.48458815 0.929686803125 0.492213803125 0.9382210046874999 0.49546533750000005 0.9469959640625 0.4849531984375 0.9470280656250001 0.48311804374999995 0.9471404203125001 0.4766949953125
0 0.9501061375 0.4474750078125 0.9502024406250001 0.441969540625 0.931779584375 0.4427358375 0.9191980687499999 0.46037483124999995 0.9252159687500001 0.4671541640625 0.9300720171875 0.47019192656250003 0.9386704203124999 0.46977315 0.9424609265624999 0.4635638734375 0.9474774828125 0.45742585625 0.9501061375 0.4474750078125
1 1 0 0.4296875 0 0.4296875 0.29385059375 0.44833414375 0.29615043281250003 0.4717735546875 0.289246115625 0.4875196046875 0.301183396875 0.5264643078125 0.31998003124999996 0.5604406078124999 0.3421619515625 0.6043376625000001 0.35849087968750004 0.61756740625 0.3739559578125 0.6432663156249999 0.37820509375 0.6565442125000001 0.3909174375 0.6750794234375 0.383728090625 0.6958099265625 0.391362509375 0.7276872375 0.3932151953125 0.74481984375 0.3960479515625 0.7507574890625 0.40741517343749994 0.7739882437500001 0.412439371875 0.78524740625 0.40023459062500005 0.8060421124999999 0.404198696875 0.8094795046875 0.41817614062499997 0.8302421078125001 0.42397540312500004 0.847792028125 0.4029511265625 0.862424378125 0.4083941015625 0.8831709328125001 0.4151109421875 0.879332275 0.42407295312500004 0.8768801765625 0.42393043906249994 0.868978153125 0.454700553125 0.9009196671874999 0.4528829265625 0.9132283234374998 0.4508427640625 0.918421434375 0.43461138593750004 0.9212908500000001 0.410896865625 0.9509407671875 0.39976094375 0.9570228703125 0.4028699640625 0.9656694265624999 0.3996984515625 0.99184985 0.376420240625 1 0.3733136515625 1 0
1 0.1375960671875 0.5 0.1267788140625 0.52109221875 0.1068570453125 0.537386090625 0.068255609375 0.5691275124999999 0.0569322453125 0.5850026046875 0.0368499703125 0.610472259375 0.035142403125 0.637928346875 0.0117350921875 0.642997509375 0.0029119796875 0.65626238125 0 0.6639901609375001 0 0.8725959875000001 0.0015600890625000001 0.8738709234375 0.0013193296875 0.8876345953125 0 0.8904110421875 0 0.9059495 0.0009822671875 0.9069037359374998 0 0.9072363937500001 0 0.938295634375 0.0138428484375 0.9434731156249999 0.024700746875 0.9542077875 0.024363684375 0.9734769296875001 0.032769481249999996 0.9840690890625 0.060792084375 0.9958013640625001 0.08895914375 0.9992754328124999 0.1123985546875 0.992371115625 0.12246154843749998 1 0.4296875 1 0.4296875 0.509304690625 0.2695909546875 0.5 0.1375960671875 0.5
0 0.45549114843750005 0.891174475 0.4436738328125 0.8986087171874999 0.45023631562500005 0.9052370765625 0.45684249218749995 0.9093691843750001 0.46768392187499996 0.9099992796875 0.4752986703125 0.9041948921875 0.47706483750000006 0.8986752734374999 0.4705678546875 0.8883025578125 0.45549114843750005 0.891174475
0 0.4296875 0.882988684375 0.4389975953125 0.8795960796875001 0.4474354046875 0.8744642125000001 0.45920902343750003 0.8695262187499999 0.47018147812500005 0.8626676062499999 0.47534894687499996 0.8535975062500001 0.47122283125 0.8508589078125001 0.454489121875 0.8530098328125 0.44348394999999996 0.8617406515624999 0.436724975 0.86634540625 0.4296875 0.8711398453125 0.4296875 0.882988684375
0 0.4296875 0.773338609375 0.43249196718749994 0.7742691546875 0.440019390625 0.7734572703125 0.44517597656249996 0.7650111765625001 0.4385807453125 0.76025501875 0.4296875 0.7549348890625 0.4296875 0.773338609375
0 0.5628029328124999 0.960505565625 0.55930335 0.9696726015625 0.5583602437499999 0.9758647406249998 0.5632657234375 0.9817721109375 0.5724392593750001 0.9823052687499999 0.5807897421874999 0.9821659078125 0.589325796875 0.9714174843750001 0.5811608953125 0.96094783125 0.5628029328124999 0.960505565625
0 0.61525399375 1 0.6155429781249999 0.9998031218750001 0.61997475 0.985067996875 0.6134341 0.977191534375 0.60172598125 0.9783851265625 0.5881534171875 0.9907149375 0.587188478125 0.9981551812500001 0.5861778265625001 1 0.61525399375 1
1 1 1 1 0.5 0.578298059375 0.5 0.5709097156249999 0.5068232390625 0.5497224171874999 0.5249574406249999 0.5410881140624999 0.5413223734375 0.5266270578125 0.556724021875 0.51222051875 0.5690052703124999 0.5154362765625 0.576063853125 0.50444200625 0.5841705687500001 0.5066382296875 0.6017897 0.503928940625 0.6135015046875 0.497060803125 0.624346771875 0.49184968281249997 0.6359131734375 0.4844422953125 0.629860346875 0.474554890625 0.6224141078125001 0.4585350609375 0.6314781140625 0.45332391093749996 0.6430445140625001 0.47493036718750004 0.6486731125 0.4713653 0.6615845515625 0.459580753125 0.6671465953125 0.4536666375 0.6711757203125 0.46262183593749995 0.6841900937500001 0.46238167812500003 0.6979194125 0.44562613593750006 0.7013184421875 0.4412271109375 0.7141814109375 0.45615098906250007 0.7200463578124999 0.4736968265625 0.719192003125 0.4735003328125 0.7304251171875 0.4567666234375 0.73257604375 0.45486946406250006 0.7455843265625 0.45615531249999997 0.7675233921875 0.467666953125 0.7775628703125 0.474076621875 0.7929281375 0.46968851562499997 0.805167009375 0.48849838593749995 0.827499825 0.4891249015625 0.8394054578125001 0.5072972734375 0.8504567375000001 0.5147046453125 0.8565095156249999 0.506266834375 0.8616413843749999 0.502712671875 0.873928721875 0.52190459375 0.8744194562500001 0.52256389375 0.8844528890625 0.53505140625 0.8864280265625 0.5373895578125 0.8959343484375001 0.5413628453125 0.9074098062499999 0.5222582375 0.901926565625 0.5228301906249999 0.9169525015625 0.532542965625 0.9343838015625 0.5501106015625 0.9322813421875 0.5704203078125 0.9165949265624999 0.59201583125 0.9228476234375 0.5926205328125 0.9360013609374999 0.6084220499999999 0.9394185234375 0.604791471875 0.9560742687499999 0.611212075 0.9708154406249999 0.6276182953125 0.9873863406249999 0.6466027921874999 0.999734190625 0.6480534062500001 1 1 1