0 0.30049316406250004 0.24210599843749997 0.2948914859375 0.24911970781249998 0.3051487 0.264308034375 0.313929184375 0.27350243281250003 0.321295271875 0.26703909531250003 0.311859534375 0.24196265156250002 0.30049316406250004 0.24210599843749997
0 0.284866040625 0.15884317187500002 0.273232771875 0.1612088046875 0.273683459375 0.16964932187499998 0.2745848359375 0.1865303546875 0.2894800203125 0.1874877484375 0.29588239843749997 0.173807190625 0.284866040625 0.15884317187500002
0 0.2506694703125 0.096071103125 0.2586908109375 0.10548981093750001 0.2688057921875 0.10357279531250001 0.2731145296875 0.101227959375 0.27543351562499996 0.0941124953125 0.271987809375 0.08012667031250001 0.256846503125 0.0781702875 0.2506694703125 0.096071103125
0 0.186498740625 0.02072144375 0.1788865328125 0.026185793750000002 0.181819215625 0.041394915625 0.1903743546875 0.04636905625 0.1989918296875 0.0416793875 0.2030544453125 0.0383355640625 0.2013315921875 0.031342651562500004 0.19837813124999998 0.0193548015625 0.186498740625 0.02072144375
0 0.0553060015625 0.116286290625 0.06808676875 0.13180067812500001 0.0724162828125 0.1262345734375 0.078756328125 0.12221782656249999 0.0783056390625 0.113777309375 0.07157724062500001 0.099689728125 0.0576873203125 0.0995070140625 0.0553060015625 0.116286290625
0 0.97756651875 0.2542173234375 0.9833104296874999 0.26430895468750004 0.9883783109375 0.2617398109375 0.99498525625 0.2555007828125 0.9922779140625 0.2445119171875 0.9860209828125001 0.2356435828125 0.9751260796875 0.2410061765625 0.97756651875 0.2542173234375
0 0.7888898937500001 0.29496263125 0.7845396015625 0.3037500078125 0.7927862875 0.317388971875 0.8041526546875 0.31724562343749996 0.8120525421875 0.30633772187499997 0.8103296906249999 0.299344809375 0.8050780218749999 0.2912511515625 0.7919472453124999 0.290844128125 0.7888898937500001 0.29496263125
1 0.4890625 0 0.4890625 0.20295399218750002 0.49244857656249996 0.205721459375 0.503731834375 0.2184631921875 0.5253554171875 0.2335081703125 0.543758640625 0.238787578125 0.561156596875 0.2432923078125 0.5813450062500001 0.24590081874999997 0.5927321531249999 0.24253619999999998 0.6003028078125 0.243514390625 0.6179261078125 0.25223937812499997 0.6302769640625 0.256091978125 0.6496854515624999 0.2621460671875 0.66359615 0.2591075125 0.6786751234375 0.27072770625000003 0.6926065984375 0.26446788125 0.7003818171875 0.2728876 0.7132872499999999 0.269074365625 0.725228975 0.2580439109375 0.734380246875 0.248909675 0.7501384640625 0.2335364078125 0.764028384375 0.233719125 0.7878494984375 0.221322025 0.7980268140625 0.20974119687499998 0.8142149421875 0.20602972031250003 0.8293770265625 0.20476483124999997 0.8400465859375 0.1951819796875 0.8492186374999999 0.182826471875 0.8567685125000001 0.18702593437499998 0.8695908328125 0.19609778125 0.8902922640625001 0.19748299687499998 0.895647821875 0.18947029843750002 0.88879796875 0.1550561078125 0.8876089140625 0.1436186296875 0.8997759828125 0.13680843125 0.891303953125 0.118949209375 0.8922085421875 0.09617600625 0.9097311687499999 0.0813531125 0.9127054062500001 0.09011969375 0.9296111203125001 0.092626446875 0.9345575468749999 0.0697306921875 0.9182271875 0.0563368328125 0.9150483812499999 0.0401287234375 0.921388425 0.036111978125 0.9204870515625 0.0192309453125 0.9296905687500001 0 0.4890625 0
0 0.462969071875 0.96101805625 0.46184235312500005 0.939916765625 0.45384178906250006 0.9272767875 0.4398895359375 0.9367578828124999 0.43929340312500004 0.9508662609375002 0.4440528265625 0.9569619421875 0.45135658125000006 0.960162415625 0.462969071875 0.96101805625
0 0.4058604203125 0.8151645937499999 0.407974840625 0.8006076 0.4007126421875 0.7909645859375 0.391356803125 0.7926572921874999 0.383990715625 0.7991206296875 0.3872110765625 0.8088861953125001 0.39299654375 0.8125352875 0.4058604203125 0.8151645937499999
0 0.46350431406250003 0.41445993437500006 0.471608765625 0.41099355937500004 0.4757129375 0.401207196875 0.4657018421875 0.3870178578125 0.4482415515625 0.392176940625 0.4466609328125 0.40228936875 0.44608557656250003 0.41317647500000004 0.45591288125 0.4167030140625 0.46350431406250003 0.41445993437500006
0 0.316423765625 0.85873826875 0.3270102140625 0.8620404984375 0.3384181375 0.855454609375 0.3437529171875 0.8506631828125 0.34434905 0.83655480625 0.3380921171875 0.8276864703125 0.3265211828125 0.8203882890624999 0.3208779484375 0.8338445390625001 0.31478402499999997 0.8388602734374999 0.31043373281250003 0.8476476500000001 0.316423765625 0.85873826875
0 0.105794325 0.8963246968749999 0.11188824687500001 0.8913089624999999 0.11650544062499998 0.880299303125 0.1042376953125 0.8635616171875 0.095394878125 0.8640310296875 0.090552340625 0.8708204312500001 0.08845870156249999 0.8821561546875 0.09469485625 0.8942457609375001 0.105794325 0.8963246968749999
0 0.1059365578125 0.9134300359375 0.1047475046875 0.90199255625 0.09494097812499999 0.895244746875 0.08913473125 0.8948169296875002 0.0885386 0.9089253062499999 0.09481630937499999 0.9145723718750001 0.10415137187500001 0.916100934375 0.1059365578125 0.9134300359375
0 0.393138984375 0.32057812812500003 0.3738727296875 0.3316293796875 0.3715537453125 0.33874484374999997 0.3816271703125 0.3432703703125 0.38870558125 0.3422505859375 0.395742434375 0.34767334375000003 0.3985536625 0.34255585312500003 0.40337542187500003 0.33898772187500004 0.405715184375 0.3286509875 0.4024948234375 0.3188854203125 0.393138984375 0.32057812812500003
0 0.101058890625 0.8473535109375 0.11521571093750001 0.8453139421875001 0.1165709859375 0.8309812578125001 0.11004715312499999 0.8243352046875 0.1052461734375 0.8246820640625 0.0996860484375 0.8252532328125 0.094372046875 0.8268233890625 0.101058890625 0.8473535109375
1 0.4890625 0.31875 0.4890625 0.7430087390625 0.496281746875 0.7435406718750001 0.5109100328125 0.74672035 0.5303185203125 0.7527744390625 0.543941540625 0.7551794359375 0.5545072109375 0.7617029359374999 0.5709622359375001 0.755769175 0.592689709375 0.7547077984375 0.600548040625 0.7502424359375001 0.609883103125 0.751771 0.6280817578125 0.74960888125 0.632144375 0.7462650578125001 0.6428139328125 0.73668220625 0.63934745 0.72591765 0.643635409375 0.7267940859375 0.6560070437500001 0.7274254171875 0.665321328125 0.7321752499999999 0.6820016984375 0.730461746875 0.6987028468750001 0.725526971875 0.7197335109375 0.7150260921875 0.728617884375 0.7081141390625 0.7329889546875 0.6961054921875001 0.7189152453125001 0.685259978125 0.7308569703125001 0.674229521875 0.737484690625 0.6647692234375 0.746327509375 0.6642998109375 0.75322213125 0.652617228125 0.7633578906249999 0.647478940625 0.7712577765624999 0.6365710390625 0.7808597390625 0.6358773187500001 0.7827072578125 0.6235426078125 0.7805544953125001 0.604887909375 0.78188899375 0.5937764921875 0.789213525 0.593755696875 0.8076375265625 0.595813834375 0.8195584734375 0.5880046515625 0.8201753828125 0.570675003125 0.8277460359375001 0.57165319375 0.8363842874999999 0.5637422531249999 0.8336769484375001 0.552753390625 0.828137603125 0.5501032890625 0.8180226203125001 0.5520203031250001 0.8178388312500001 0.5413575046875 0.8216761046875 0.533793421875 0.8330840281249999 0.5272075328125 0.8429528890625001 0.5242915296875 0.851816484375 0.5206008499999999 0.8592033499999999 0.5109162406250001 0.8624652656249999 0.5142392671875 0.8676961562500001 0.52555419375 0.879596325 0.5209662796875 0.8837004953125 0.511179915625 0.8792495265625 0.49641940937499995 0.8663440937499999 0.5002326453125 0.865380384375 0.493015425 0.8664687593749999 0.48090502187500006 0.8729334718749999 0.45756065156250003 0.8735711609375001 0.43700973281250005 0.868361046875 0.4224735359375 0.8634386124999999 0.402493784375 0.87201453125 0.40424665624999995 0.8977215078124999 0.4127265390625 0.9186067250000001 0.42477455312500007 0.9249675484375001 0.4175365359375 0.9033647421875 0.39927029062499997 0.880982015625 0.384449621875 0.8724892093750001 0.36981166875 0.8680174624999999 0.358272434375 0.8784409 0.34769059375 0.88855588125 0.3457735796875 0.8964557671875 0.334865675 0.8972564671875001 0.32819882499999997 0.8933155156249999 0.31875 0.4890625 0.31875
0 1 0.3344970828125 0.9962503156250001 0.33002820625 0.9889465609375 0.32682773125 0.9800829656250001 0.33051841406250004 0.9827695265624999 0.344728546875 0.9829948703125 0.34894880625 0.979136821875 0.35973415625 0.9866035859375 0.3768187015625 0.9956925250000002 0.3773482765625 1 0.3686473875 1 0.3344970828125
0 0.9348428343750002 0.335312065625 0.9337960140625 0.3409799265625 0.940319846875 0.347625978125 0.9562410734375 0.346136784375 0.9676282203125 0.342772165625 0.967465209375 0.3288880953125 0.9566118625 0.3278081484375 0.9444655734375 0.33139707500000004 0.9348428343750002 0.335312065625
0 0.8385130593750001 0.62527245625 0.8406274781249999 0.6107154640625 0.8384123828125001 0.601724575 0.820501403125 0.5984431406249999 0.812601515625 0.609351046875 0.8215657890625 0.62920824375 0.8283565218750001 0.6336320140625 0.8385130593750001 0.62527245625
0 0.7823540343750001 0.67830420625 0.785636728125 0.6784059625 0.793761959375 0.6717183171875 0.787300459375 0.6554084546875 0.772405275 0.6544510578125 0.76579833125 0.6606900875 0.7664743625 0.6733508625 0.7719929296875 0.6792222359375 0.7823540343750001 0.67830420625
0 0.761999403125 0.7014658625 0.7559678140624999 0.6968177828125001 0.748171815625 0.691619334375 0.742549359375 0.7018543140625 0.7417278828125 0.7117424328124999 0.746733428125 0.7188371015625 0.757586775 0.7199170484375 0.7637014765625001 0.71168004375 0.761999403125 0.7014658625
0 0.892503259375 0.7518571765625001 0.8866970140625 0.7514293578125 0.879105584375 0.7536724375 0.8764989203125 0.7662314546875 0.8847871609375 0.7734278796875 0.8933630781249999 0.7751807515625 0.9002161453124999 0.7699407093749999 0.90155064375 0.7588292937500001 0.892503259375 0.7518571765625001
0 0.8975822796875 0.8650294640624999 0.9035515343749999 0.879341353125 0.9150393578125 0.8995246171875 0.9231438109375001 0.8960582406250002 0.9326834390624998 0.905028334375 0.9395365046874999 0.8997882921875 0.9269810828124999 0.8884941609375 0.9240276218750001 0.8765063109375 0.9180375875 0.8654156921875 0.9074926953125001 0.8556709203124999 0.8973777140625 0.8575879375 0.8975822796875 0.8650294640624999
0 0.9437796953124999 0.9467615031250001 0.9361882640625 0.94900458125 0.9316126265625 0.9535717 0.932330215625 0.9597899328124999 0.95383234375 0.9545082984375 0.9510834484374999 0.9499619765624999 0.9437796953124999 0.9467615031250001
0 0.623226371875 0.9150152171875 0.6294625265625 0.9271048234375 0.6322322 0.9284298734374999 0.6384891328125 0.937298209375 0.6463682421875 0.9296115765625 0.64243029375 0.913627778125 0.6419588296875001 0.9084085296875 0.634901196875 0.9062070453125 0.6275558859375 0.9094491109374999 0.623226371875 0.9150152171875
0 0.7420059218749999 0.82526158125 0.7350106234375 0.8133962828125 0.7205869046875 0.8176581328125 0.710922609375 0.8280156640625 0.7169542 0.8326637421874998 0.7260431390625 0.8331933171875001 0.7340852578125 0.8393907546874999 0.7420059218749999 0.82526158125
0 0.7120940984375 0.80302018125 0.7106589234375 0.7905837140624999 0.700606275 0.7828369171875 0.6943077859375 0.7804111218750001 0.6849935015625 0.775661290625 0.68663324375 0.795539284375 0.6838012375 0.8038780453125 0.6915764546875 0.8122977656250001 0.7070054406249999 0.8088105921875 0.7120940984375 0.80302018125
0 0.6002747171875 0.8317731875 0.6075784703125 0.8349736609375 0.6164212875 0.83450425 0.6230490093750001 0.8250439484375001 0.6221060765625 0.8146054578124999 0.6181473515625 0.801842928125 0.61035135625 0.7966444796875 0.606822540625 0.7955437359374999 0.5989849875 0.7967878265625 0.5887868921875 0.8115899234375 0.5910019875 0.8205808125 0.6002747171875 0.8317731875