0 0.4025947859375 0.34999860156249996 0.40697802968749996 0.36218914375 0.408685284375 0.361365184375 0.42010376093749996 0.36396110937500004 0.42652994375000003 0.353229834375 0.42535500156249995 0.3456901578125 0.4197105 0.3364926578125 0.40857496875 0.337098240625 0.4025947859375 0.34999860156249996
0 0.27879954218749997 0.36491941875 0.2692513734375 0.3604671109375 0.2627052984375 0.3669644546875 0.258595421875 0.378008428125 0.26208666875 0.38586080625 0.2720808359375 0.39248219687499997 0.2800943796875 0.376693028125 0.27879954218749997 0.36491941875
0 0.136090171875 0.329837178125 0.1366560625 0.33624019375 0.1388428953125 0.3523519703125 0.14172509375 0.3590676875 0.1482280125 0.3578367046875 0.1564046078125 0.34101511093750003 0.1618956375 0.331212028125 0.16352615625 0.3208877765625 0.1536518828125 0.3185003171875 0.1416675140625 0.3095013765625 0.136090171875 0.329837178125
0 0.48066812499999995 0.25509475937500004 0.48874882499999994 0.26883889375000003 0.49870941249999995 0.26069363437500004 0.50261308125 0.2559484421875 0.5055048578125 0.24263115000000002 0.49815309843750005 0.2342576078125 0.48734367343749996 0.232798340625 0.48246169375000003 0.24373808281249998 0.48066812499999995 0.25509475937500004
1 0.56875 0 0 0 0 0.1433473625 0.01015114375 0.15361549218749998 0.0215600421875 0.1762444265625 0.040733115624999996 0.1946493359375 0.04661740625 0.21231470312499998 0.0627020734375 0.230302678125 0.06785741875 0.24259745625 0.07512286093750001 0.261503715625 0.099580753125 0.2764043234375 0.1308676671875 0.2880090984375 0.14093857031249998 0.3041307828125 0.151258840625 0.3086873265625 0.1667776140625 0.320272284375 0.17782682968750002 0.33019941875000003 0.1962805359375 0.3232007265625 0.2192805421875 0.32736014999999996 0.23045922812500003 0.321488209375 0.24330201406250002 0.3200586671875 0.24508600625 0.3287350015625 0.25767942499999996 0.3388706015625 0.2700762109375 0.33527197656249996 0.2846694109375 0.3277521171875 0.2981644046875 0.322192875 0.3168147421875 0.328928409375 0.3401840078125 0.325756625 0.354451103125 0.320301615625 0.3578560359375 0.338686709375 0.3689819875 0.358114134375 0.4003360609375 0.3992522125 0.3806498296875 0.349144915625 0.3636395890625 0.3120521234375 0.37193607812499996 0.2994644640625 0.38635664531249997 0.313010040625 0.3801894109375 0.2921431625 0.392706090625 0.292778471875 0.4139652609375 0.282995203125 0.4189575546875 0.29632240625 0.43578074375 0.29964796250000003 0.44489249218750004 0.281898178125 0.448273425 0.2654836109375 0.44381344531250005 0.24379277500000002 0.449424365625 0.238223625 0.458775903125 0.228941709375 0.4732060515625 0.2224542734375 0.48824524843750006 0.21710349999999998 0.4999466703125 0.22290093125000002 0.5082335812500001 0.23034628124999998 0.5243614046875 0.2430679 0.5384558687500001 0.258678325 0.551744653125 0.2594178671875 0.5679587921875 0.2616067671875 0.56621795625 0.247664075 0.5547659015625 0.23030149687499998 0.5407050171875001 0.2294577234375 0.52815475625 0.2140557640625 0.5391272328125 0.21448260624999999 0.5473805656249999 0.2071613046875 0.548891190625 0.1926031203125 0.5329599984375 0.19361572968750002 0.5208029984375 0.205682221875 0.5192252171875 0.190707103125 0.5298380125000001 0.1784321453125 0.5443976312500001 0.156145634375 0.5578590453125 0.135819740625 0.561772290625 0.111041540625 0.56875 0.10811170156250001 0.56875 0.0860993015625 0.566174690625 0.0831660625 0.563618596875 0.07438549531250001 0.56875 0.0687078921875 0.56875 0
0 0.726854071875 0.409375 0.727172678125 0.407357621875 0.7247796359375 0.3975446296875 0.7141332609375001 0.3950529375 0.7100665421875 0.40083055468750006 0.7092152578124999 0.409375 0.726854071875 0.409375
0 0.8680692125 0.3240981890625 0.8791184281250001 0.3340253203125 0.891112375 0.3229912546875 0.90009465 0.3210405453125 0.8955483546874999 0.3098824296875 0.8894146968750001 0.30378220312500004 0.8801494734374999 0.30253140312500004 0.8697428890625 0.308507578125 0.8680692125 0.3240981890625
0 0.850339496875 0.091837421875 0.8652060640624999 0.10755208125 0.86294249375 0.0819400125 0.88408176875 0.0679228125 0.8525023296875001 0.0731495375 0.8371034500000001 0.0657985109375 0.831123265625 0.0786988703125 0.8359525078125 0.093058496875 0.850339496875 0.091837421875
0 0.8526590390625 0 0.8536724281250001 0.00582353125 0.8665919500000001 0.0138942828125 0.8782166359375001 0.0101914234375 0.8810426375 0 0.8526590390625 0
1 0.56875 0 0.56875 0.409375 0.701191234375 0.409375 0.706978134375 0.40041362031250005 0.7411424046875 0.3438684328125 0.748307109375 0.3184747390625 0.7556684453125 0.306815271875 0.7488058421874999 0.29534445468750004 0.74458565 0.28212148593749997 0.7658783984374999 0.2871048703125 0.8022775031249999 0.3162707796875 0.8023110812500001 0.33103743125 0.81673165 0.3445830078125 0.8415828031249999 0.38695206875 0.8352620953125001 0.34708460625000004 0.8619163984375 0.35806398125 0.8358375640624999 0.3334546140625 0.8199159500000001 0.31443421250000003 0.7883556671875 0.2795949203125 0.7779586609375 0.2655380859375 0.7875499875 0.26472403437500003 0.8046129656250001 0.27651746093749996 0.8174221718750001 0.26032126718750004 0.8158875468750001 0.24007979062499998 0.7941919578125 0.227660965625 0.7927436484375 0.196886771875 0.7811189625 0.20058963125 0.7834016890625 0.1861356796875 0.7915878624999999 0.1492810765625 0.808084946875 0.154671484375 0.8122811390625 0.1330947921875 0.812333875 0.1077954234375 0.8023397093749999 0.1011740328125 0.805111590625 0.0836228046875 0.8120700875000001 0.0645278953125 0.797366571875 0.0477808109375 0.7898181843750001 0.0256730421875 0.7988436171875 0.0184559765625 0.8037302078125 0 0.56875 0
0 0.553169603125 0.7278679828125 0.5598722375 0.7089246078125 0.55485653125 0.6995638921875 0.542139559375 0.6978471078125 0.5342464671875 0.706705659375 0.5329036859375 0.7152079828125 0.5377275671875 0.725783315625 0.5404526328125 0.7261511984375 0.553169603125 0.7278679828125
0 0.5209992203125 0.8140825249999999 0.5151259359375 0.7984034687499999 0.5060423843749999 0.7971771921874999 0.5029336671875 0.7992385468750001 0.50024810625 0.8162431953125001 0.5051227609375 0.8206228140625 0.5110975953125 0.823910440625 0.518607034375 0.8174811250000001 0.5209992203125 0.8140825249999999
0 0.479841009375 0.5988793078125 0.4915593484375 0.58929665 0.4930939546875 0.5795797078125 0.48147716249999994 0.5767709328125 0.47181813437500003 0.5791885109375 0.4686586421875 0.5874455796875 0.47075745781249995 0.597653034375 0.47400722812499996 0.6005727765625 0.479841009375 0.5988793078125
0 0.458339684375 0.870130259375 0.46426374531250003 0.879613603125 0.48099779062500003 0.879391659375 0.4905157671875 0.8719929828125 0.48860877656249996 0.8605709140624999 0.4862165890625 0.8639695109375001 0.4671411328125 0.861394334375 0.458339684375 0.870130259375
1 0 0.409375 0 0.9326118109374999 0.016388323437499998 0.93699950625 0.0445981046875 0.9346052390625001 0.05764795625 0.9400885031249999 0.084898609375 0.943767328125 0.096707225 0.9453614828125 0.12429075781250001 0.9528067874999999 0.129447515625 0.9671486015624999 0.1398738453125 0.9598725531250001 0.15947400625000002 0.9649995921875 0.1836779875 0.94097580625 0.201845090625 0.9434283546875001 0.2192956625 0.944543659375 0.22855977031250002 0.9681235625 0.25208672499999996 0.9601350625 0.2650575671875 0.9308732640624999 0.274191890625 0.925903825 0.28795826875 0.932724334375 0.3053806078125 0.8928988593749999 0.315524834375 0.8756606140625 0.32032047812500003 0.8452951703124999 0.3309894109375 0.8306087859375001 0.3553457109375 0.787997853125 0.373614359375 0.77805896875 0.3901791171875 0.7319151515625 0.41218273437499997 0.71007534375 0.42036919843750004 0.6876107453125 0.42817201406249994 0.66757538125 0.435500896875 0.638792440625 0.44298210156250006 0.5914223468750001 0.4549938125 0.5682336375 0.4652283171875 0.562172209375 0.46485593437499995 0.5410331953125 0.4613748359375 0.5219555375 0.4827014296875 0.5161510171875 0.4835702796875 0.498901115625 0.468613440625 0.48199577812500005 0.46857393593749996 0.464623246875 0.47503396875000004 0.4530902078125 0.48799354062500006 0.4473966609375 0.5065837984375 0.464792503125 0.5277185671875 0.4602026 0.5240061375 0.4249670296875 0.5213826171875 0.41220771406249995 0.51225474375 0.409375 0 0.409375
0 0.6700923515625 1 0.674190390625 0.99546575625 0.665663690625 0.9795525390625001 0.6521255406249999 0.9903781390624999 0.6551964171875 1 0.6700923515625 1
0 0.8918845843749998 0.7654628531250001 0.8868491328125 0.7574020125 0.882216521875 0.7567766125000001 0.8755505515625 0.7590400203125001 0.874083084375 0.768331846875 0.8769221250000001 0.780313921875 0.8903739609375 0.7800210390625001 0.8918845843749998 0.7654628531250001
0 0.837789453125 0.688567196875 0.8323415828125 0.6931039234374999 0.826807396875 0.7081733671875 0.8333438937500001 0.7217090359375 0.8435442703125 0.7220316437500001 0.846512784375 0.7182146421875 0.84907845625 0.7069622 0.84883866875 0.6984943328125001 0.8440861625 0.693635 0.837789453125 0.688567196875
0 0.8964979296875001 0.6363899015625 0.8873094453124999 0.64463939375 0.884254615625 0.6589891124999999 0.8900190125 0.672420546875 0.9030248484375001 0.6699585796875 0.9138774328124999 0.6661514875 0.92002066875 0.6522187031250001 0.9171816281249999 0.640236628125 0.9042189484375001 0.6374322343750001 0.8964979296875001 0.6363899015625
0 0.9365177546875 0.6576091109375 0.9382585875 0.671551803125 0.9413038390625001 0.677235096875 0.9528853671874999 0.678798596875 0.958170184375 0.675294296875 0.9582565000000001 0.6647615796874999 0.9565924031249999 0.6603191781250001 0.9527750515625 0.6545316531250001 0.9464783421874999 0.6494638531250001 0.9409105765625 0.6497666453125 0.9365177546875 0.6576091109375
0 1 0.716552521875 0.9815634515625 0.7069221734375001 0.971363075 0.7065995640625 0.9706677109375 0.7159956234375 0.972614753125 0.7236395328125 0.980901665625 0.7310848828125 0.992157090625 0.7347132328124999 1 0.7370642249999999 1 0.716552521875
0 0.5890678671875 1 0.588683715625 0.99763008125 0.5823534265625 0.9777956296875001 0.5775673421875 0.958169646875 0.57809965625 0.9498060125000001 0.56875 0.9445396531250001 0.56875 0.9724586984375 0.5835073171875 1 0.5890678671875 1
1 0.56875 0.409375 0.56875 0.8842202968749999 0.5712226328125001 0.8835025234374999 0.577519340625 0.8885703249999999 0.585729515625 0.8865153828124999 0.589383815625 0.8933353328125001 0.5936040078125 0.9065583015625001 0.609209096875 0.9076105421874999 0.6220183031250001 0.89141435 0.6123933984375001 0.8774617484375 0.630041425 0.8555921718749999 0.640534325 0.8390832781250002 0.647981978125 0.81689109375 0.654235528125 0.8272252531250001 0.6564223609375001 0.8433370281249999 0.6702003015625 0.8409792953124999 0.6829663484374999 0.8300494609375001 0.678420053125 0.8188913437500001 0.670502403125 0.8041147843750001 0.682702559375 0.7867819328125 0.688769059375 0.76334885625 0.69893585625 0.7489048125 0.709299284375 0.7481949953125 0.7180417703125 0.737776421875 0.7325150765624999 0.7260226265625 0.7335365453125 0.71456171875 0.737406634375 0.6950498749999999 0.7464320671875 0.6878328078125 0.75244583125 0.6896990984375 0.7598071656250001 0.6780396328125 0.7709426953125 0.6774340484375 0.784111584375 0.67393965625 0.7889935640625 0.6629999140624999 0.79427838125 0.6594956140624999 0.7959089 0.6491713625 0.8071307453125 0.6380330625 0.8198967953124999 0.627103228125 0.8195371109374999 0.6144014265625 0.8270183421875 0.6069758937499999 0.8163383890624999 0.5897175499999999 0.8183381687499999 0.5720620890625 0.8219253109375 0.5493487390625 0.8343220984374999 0.5457501125 0.8479369859375 0.5444248046875 0.856027265625 0.5381359296875 0.8524161234375001 0.52604961875 0.84546720625 0.52511151875 0.8276225484375 0.5332468703125001 0.8241744578125001 0.5201281359375 0.8264571843749999 0.5056741859375 0.8313727421875001 0.50950109375 0.8442155281249999 0.508071553125 0.8450307875 0.5029094265625 0.8468675140624999 0.4862863921875 0.8426473234374999 0.473063425 0.8295647484374999 0.46602509843749995 0.831761159375 0.46210386718749996 0.8379811328125001 0.45767137187499995 0.8441579484374999 0.458505240625 0.8559456843750001 0.45376995625000005 0.8618059734375001 0.43663566249999997 0.85262706875 0.4248521453125 0.8607605046875 0.4132969109375 0.8662639953125 0.409375 0.56875 0.409375