0 0 0.21254252031249998 0.0057645828125 0.2060318390625 0.0096131578125 0.2003724890625 0.0063523453125 0.189353565625 0.0008066484375000001 0.1838031046875 0 0.184116409375 0 0.21254252031249998
0 0.025437534374999998 0.14758326875 0.028480006250000002 0.139946509375 0.015970481249999998 0.141473596875 0.0075036124999999995 0.1539241640625 0.0005761750000000001 0.1641109921875 0.0061097437499999995 0.1686250265625 0.0146736515625 0.16446587343750002 0.025437534374999998 0.14758326875
0 0.0481110515625 0.144815425 0.0560386765625 0.1531888375 0.066057103125 0.13951095625 0.068184296875 0.12056894375 0.074978303125 0.09898141875000001 0.067917434375 0.0977675515625 0.0571292921875 0.11257729999999999 0.05028676562499999 0.13001911875 0.0481110515625 0.144815425
0 0.1329396109375 0.3015632109375 0.1416976 0.3139868890625 0.1494675328125 0.3088867515625 0.15254639375 0.304359271875 0.160243546875 0.2930405734375 0.15621301875 0.2831535203125 0.1475763296875 0.2810941109375 0.13826696562500002 0.2884579875 0.1329396109375 0.3015632109375
0 0.055593148437499997 0.5165109203125 0.04078660625 0.5224700421875 0.043350484375 0.5408393968749999 0.05670250624999999 0.5443990046875 0.0715696984375 0.5436220140625 0.0730727390625 0.5382489953125 0.068223975 0.5253481015625 0.055593148437499997 0.5165109203125
0 0.08534408437499999 0.31567664375 0.0774528484375 0.3104125125 0.0711980859375 0.3111760546875 0.067361640625 0.31787183125 0.06992551875 0.33624118593749996 0.082386525 0.3305683921875 0.08534408437499999 0.31567664375
0 0.0463367265625 0.32770377968750003 0.05507045625 0.338054603125 0.0621191953125 0.33823204375000004 0.0675072015625 0.3303089546875 0.0649311921875 0.3109031703125 0.060924925 0.30308897031250004 0.057027828125 0.3046026125 0.046203295312499996 0.3163030828125 0.0463367265625 0.32770377968750003
0 0.086310071875 0.598907521875 0.08314629999999999 0.5961800140625 0.0794675453125 0.616349340625 0.08741943125 0.6267956078125 0.0953227953125 0.6330961671875001 0.1055595640625 0.6380739703125 0.10778380000000001 0.627423371875 0.1029350359375 0.6145224796875 0.09819544375 0.6109494296875 0.086310071875 0.598907521875
0 0.0656611921875 0.6408687046875 0.07580092187500001 0.63755509375 0.0804434734375 0.632836728125 0.0795645859375 0.62464075625 0.0709036359375 0.62050849375 0.060812428125 0.6279678140625 0.0656611921875 0.6408687046875
0 0.062951753125 0.6100622265625 0.0670308 0.6240949890625 0.07802515625 0.62690449375 0.085049634375 0.6250090828125 0.088079975 0.6163358953125 0.08408583750000001 0.6095581218749999 0.0769764484375 0.604198546875 0.062951753125 0.6100622265625
0 0.22177141250000001 0.7 0.2221339171875 0.6975347296875001 0.20560599375000002 0.6902111890625 0.1961753296875 0.6872107953125 0.18598707812499998 0.6863787 0.185507046875 0.7 0.22177141250000001 0.7
0 0.6122196328125 0.012284184375 0.6037648953125 0.025771178125 0.6054620171874999 0.036980989062500004 0.6109955859375 0.041495021874999996 0.6172503484374999 0.0407314796875 0.6257050859375 0.0272444859375 0.620868453125 0.015380018749999998 0.6122196328125 0.012284184375
0 0.46812738593750003 0 0.47126912499999996 0.010808225000000001 0.4791361 0.013999503125000002 0.48920304843749995 0.0044673296874999996 0.48857952656250003 0 0.46812738593750003 0
0 0.6651557406249999 0.1199919125 0.6723985609375001 0.13675218281249998 0.6809988609375 0.1357023125 0.692653759375 0.12805210625000002 0.691653571875 0.1094918640625 0.6900777515625001 0.108646325 0.67904700625 0.10272753593749999 0.6651557406249999 0.1199919125
0 0.6914297125 0.157262946875 0.7134548140625 0.16599124062499998 0.7281400546875 0.14966785 0.772220034375 0.10277052499999999 0.7301216859374999 0.11828871249999999 0.6904295234375001 0.13870270468749998 0.6914297125 0.157262946875
0 0.730740321875 0.171146484375 0.7282370953124999 0.1579592640625 0.720430771875 0.1599501203125 0.71499424375 0.1637275015625 0.7104002140625 0.1725915734375 0.7120609453125001 0.18069210468750002 0.7183520984375 0.183037840625 0.7284796984375 0.17868780312500002 0.730740321875 0.171146484375
0 0.8279185234374999 0.0451137171875 0.8310944265625 0.0488776515625 0.8458888375000001 0.0418821015625 0.8497616734375001 0.03829560625 0.8386702781250002 0.027194684375 0.8261850124999999 0.030794625 0.8279185234374999 0.0451137171875
0 0.8469695140625 0.2680140578125 0.8494727421875 0.281201278125 0.8619822671874999 0.2796741921875 0.8713158921874999 0.27438316875 0.8734916046875 0.2595868640625 0.8648185265624999 0.2544181734375 0.8569636828124999 0.252263321875 0.8469695140625 0.2680140578125
0 0.8151983656249999 0.22933827031249998 0.8091740749999999 0.2497939265625 0.814719771875 0.2553443875 0.8248109812500001 0.2478850671875 0.8316413781249998 0.229406821875 0.8463508781249999 0.2151562828125 0.8290532390625 0.20896461249999998 0.8190712015624999 0.225751775 0.8151983656249999 0.22933827031249998
0 0.8238008546875001 0.496068315625 0.8283706265624999 0.4851313890625 0.8336858515625 0.47098973906249997 0.8151035140625 0.4888267734375 0.8073214515625 0.492890484375 0.8150274453125 0.4747740828125 0.8064425640625 0.48469450937499997 0.79329675625 0.49875416250000004 0.7958121125 0.5129778125 0.8020911375 0.514287121875 0.8238008546875001 0.496068315625
0 0.8133468374999999 0.6063247875 0.825844234375 0.6037612734375 0.828765403125 0.58576024375 0.8177103953125 0.577768603125 0.8061767984374999 0.595783078125 0.8133468374999999 0.6063247875
0 0.7928611671875 0.595332753125 0.79377644375 0.6066380062500001 0.8031585875000001 0.6054926921875 0.8184922406249999 0.5776731609375 0.8098676812499999 0.5766501796875 0.79741880625 0.5833593984375 0.7928611671875 0.595332753125
1 0.5897900578125 0 0.5501329500000001 0.05930384062500001 0.5383446187500001 0.05555335 0.531186709375 0.046048065625 0.510798078125 0.043347448437500005 0.49119129375000004 0.040551385937500004 0.466184371875 0.0446419859375 0.4458442640625 0.046087075 0.43482564687499997 0.041204714062499995 0.4184068953125 0.043209015625 0.3988607609375 0.0455950890625 0.38930879531249996 0.032230428125 0.3744052109375 0.029898134375000003 0.362847353125 0.04583975625 0.37039894375 0.022083934375 0.3585378328125 0.0121148828125 0.347458565625 0.0020503859375 0.34144640625 0.02354246875 0.3433012203125 0.0482258296875 0.345743796875 0.056230915625 0.3317797515625 0.06727673125 0.3218462328125 0.0882096 0.31875 0.08941218437500001 0.31875 0.7 0.6888718421875 0.7 0.6992768078125 0.69394120625 0.7006949375 0.6813131984374999 0.713707315625 0.65585285 0.7314592859375 0.6339655515625 0.7305318796875 0.621623871875 0.771030146875 0.6031872890625001 0.742798803125 0.599368246875 0.7360952265625 0.56178399375 0.7475075234374999 0.53340525 0.7575744703125 0.5238730765625 0.7628654359375 0.507658571875 0.751004325 0.49768951875 0.770429159375 0.484939178125 0.773410978125 0.47212028437500003 0.7732896765625 0.4617560125 0.7677439781250001 0.45620555312500005 0.7714955140625 0.4422547875 0.7643254734375 0.43171307812500004 0.7572646062499999 0.4304992109375 0.7531734265625001 0.41543002187500006 0.7591855875 0.3939379390625 0.7536641484375 0.39046033125 0.747324475 0.3839688859375 0.7488396453124999 0.3796322921875 0.77476184375 0.38684694531249997 0.770670665625 0.37177775625 0.7705129734375 0.35830420625000003 0.7914408453124999 0.34018084375 0.7889740093750001 0.33010290468750003 0.7856525453125001 0.31390184374999996 0.7692459234375 0.3169425734375 0.7598759078125 0.3191243140625 0.76442141875 0.3061145328125 0.7815249765625001 0.295723375 0.778985359375 0.27942687187500004 0.7649485328125001 0.2842541234375 0.7524996578125001 0.29096334687500003 0.739220415625 0.293622303125 0.7291534671875 0.3031544765625 0.7282988421875001 0.2970313578125 0.7375111640625 0.281376065625 0.734226090625 0.2682842890625 0.7298316578125 0.22730442499999998 0.718570440625 0.2016935265625 0.7065758984375 0.180323778125 0.6962420859374999 0.1670545578125 0.685944665625 0.15689461875 0.670222846875 0.151548490625 0.658434515625 0.14779799843750002 0.6434217609375 0.13613786562500002 0.6316940828125001 0.137569509375 0.6216150031250001 0.1460652546875 0.6300333499999999 0.129468978125 0.6275665125 0.1193910390625 0.628202796875 0.10685847343749999 0.634190696875 0.0832935359375 0.6246508609375001 0.0709653 0.61292318125 0.0723969453125 0.6123232859375 0.088038790625 0.5957953640625 0.0807152515625 0.59340130625 0.07685587187500001 0.5707156609374999 0.0785872890625 0.578315771875 0.0589771765625 0.562763775 0.0681410234375 0.5733699671875 0.0377848671875 0.59063418125 0 0.5897900578125 0
1 0 0.7 0 1 0.31875 1 0.31875 0.70344446875 0.3168614875 0.7 0 0.7
0 0.819574025 0.782097734375 0.8224904593750001 0.7951734625 0.830768821875 0.7941628890625 0.8398956484374999 0.786943403125 0.843446484375 0.7755203265625 0.8258557734374999 0.7678991500000001 0.819574025 0.782097734375
0 0.8420207000000002 0.811105346875 0.8849381921875 0.7790027453125 0.8710695671875002 0.77459040625 0.8389901015625 0.7882750125 0.8262410843750001 0.8008209468749999 0.8420207000000002 0.811105346875
0 0.7796443187500001 0.8333726890625 0.7915734125 0.8294743234374999 0.8052707874999999 0.81925475625 0.80517089375 0.810719475 0.7913593515625 0.8111844343750001 0.7675439765625 0.8226391484375 0.7796443187500001 0.8333726890625
1 0.31875 0.7 0.31875 1 0.7563226656250001 1 0.74820054375 0.980076096875 0.73529455 0.97920944375 0.7490204671875 0.9714285296874999 0.7554021109375 0.9657652265625 0.7469096859375 0.948485909375 0.735829059375 0.9461753625 0.7420394546875 0.92588015 0.7435936734374999 0.9012690624999999 0.7433796125 0.882979175 0.7515866234375 0.8758719750000001 0.7635014453125 0.87075428125 0.7632303015625 0.847587090625 0.7511585000000001 0.8392922015625001 0.7417462593749999 0.822125171875 0.7333965421875 0.8170391140625 0.72517083125 0.8190373624999999 0.7368046703125 0.7934227828125 0.79212868125 0.7195104296875 0.72098224375 0.7794804046875 0.70813333125 0.78349105625 0.7106073703125 0.7587676828125 0.6965104156249999 0.7348461265624999 0.6879609078125 0.7126895109375 0.6926245359375001 0.7 0.31875 0.7