0 0.1814262828125 0.24577052031250002 0.187564028125 0.2563742515625 0.1948915640625 0.246025453125 0.2005009640625 0.23643220468749998 0.19744906874999998 0.22637186874999998 0.188892353125 0.220632684375 0.18047689375 0.22338319375000001 0.17307873125 0.22948715000000003 0.17055518125 0.239623790625 0.1814262828125 0.24577052031250002
0 0.24801789218749998 0.2606711140625 0.2582221140625 0.2614099 0.268143825 0.24516930312500002 0.26484609375 0.23189137031249998 0.25706084218749997 0.22628803749999998 0.2431745171875 0.22384275781250002 0.23405822187499997 0.2307022640625 0.23486635625000002 0.24459989843750002 0.2411793125 0.25417638125 0.24801789218749998 0.2606711140625
0 0.30407522343750004 0.1509768484375 0.3017975109375 0.1643310875 0.3085654640625 0.16658097656249998 0.3152288359375 0.174102959375 0.322522415625 0.1732711015625 0.3270099359375 0.1655965015625 0.324062621875 0.1502640703125 0.312595265625 0.1429542453125 0.30407522343750004 0.1509768484375
1 0.4796875 0.3 0.4796875 0 0.33389222812499997 0 0.3341092765625 0.0028408046875 0.3392297234375 0.010091090625 0.3540627203125 0.011644967187499999 0.358657540625 0.0219770015625 0.36900301562500004 0.0312054796875 0.367250928125 0.0414779703125 0.34803499375 0.0423265953125 0.339059953125 0.05767579375 0.3354851484375 0.07397593125 0.348074384375 0.0793671109375 0.35968299375 0.095166628125 0.3409926859375 0.09293350624999999 0.32819700625000003 0.12136524374999999 0.3342301703125 0.1372410703125 0.34408397343749997 0.1400343546875 0.3442279453125 0.1718027734375 0.351137153125 0.182542353125 0.354785303125 0.1937657859375 0.34212815937499996 0.207408490625 0.3377479390625 0.23308972031250003 0.323302034375 0.24324313125 0.3216912 0.2620053140625 0.3259016484375 0.2839087859375 0.3331612734375 0.29259386875 0.346976971875 0.29079430156249997 0.3511341625 0.3 0.4796875 0.3
0 0.5211551765625 0.21896279999999999 0.537531096875 0.22078837812500002 0.54485863125 0.2104395765625 0.547661971875 0.19400358906249998 0.5443302859375 0.190242596875 0.53009354375 0.1898518171875 0.5208020390625 0.197738571875 0.5182078625 0.20363037031250003 0.5211551765625 0.21896279999999999
0 0.70034485 0.2864710359375 0.6990859359374999 0.279921946875 0.6901081765624999 0.2719924171875 0.6826393890625 0.2738515265625 0.6775556140625 0.28036302812499997 0.6793691734375 0.287570325 0.70034485 0.2864710359375
0 0.6193658734375 0.1463182890625 0.62546694375 0.143160234375 0.6373526265625 0.12938168125 0.642750146875 0.107053896875 0.64267951875 0.10280905 0.628863821875 0.1046086171875 0.6162066765625 0.1182513203125 0.6126658265625 0.1250345203125 0.6100376953125 0.1404432578125 0.6193658734375 0.1463182890625
0 0.580821265625 0.08345145312499999 0.5868150375 0.0622867671875 0.5779079046875 0.0586020828125 0.5676697296875 0.0673802390625 0.5641288828125 0.0741634359375 0.5642701359375 0.082653128125 0.570583090625 0.092229609375 0.580821265625 0.08345145312499999
0 0.8780434828124999 0.1252090578125 0.898381296875 0.1224417828125 0.897081490625 0.1021089546875 0.8900677 0.09664146875 0.8760061671875 0.095223440625 0.864575484375 0.1016753984375 0.86341965 0.113110990625 0.8681190531249999 0.118170928125 0.8780434828124999 0.1252090578125
0 0 0.9478549296875001 0.004857496875000001 0.9562468703124999 0.0085396 0.9579533640625 0.0183227765625 0.9565018015625 0.0210215359375 0.945337909375 0.019162146875 0.9376037687500001 0.0083616734375 0.9357018859374999 0 0.9443231453125 0 0.9478549296875001
0 0.18488804375 0.9816003 0.1905341171875 0.9857688375 0.19470789375 0.9939105234374999 0.2071558734375 0.9908120109375 0.20950421718749998 0.9817026156249999 0.20613585781250002 0.9641798375 0.20066499375000002 0.9589840500000001 0.19344204062499998 0.96406075625 0.18706117656250001 0.9735181546875001 0.18488804375 0.9816003
0 0.3003368859375 1 0.2986774 0.9899986375000001 0.29243507343749997 0.984667 0.2793908390625 0.9866024171875001 0.269223290625 0.9996254171875 0.2694153171875 1 0.3003368859375 1
1 0.4796875 0.3 0.0441177453125 0.3 0.041565740625 0.3077456640625 0.04195283125 0.31945295156250003 0.03623885 0.3343182953125 0.01684770625 0.33619416874999997 0.00692599375 0.35243476875 0 0.3738639703125 0 0.38165577656250005 0.0054930874999999995 0.393448428125 0 0.4130659328125 0 0.43243571562500005 0.00328871875 0.4343262421875 0.0107575078125 0.43246713281249993 0.012266478124999999 0.44225577187500004 0.00262455625 0.4521970234375 0 0.45223294375 0 0.4975355921875 0.0026299937499999998 0.49875447812499996 0 0.5012309203124999 0 0.5953570499999999 0.0021152406249999997 0.5949511328125 0.0053763 0.594467278125 0.01175988125 0.60828860625 0.0176205546875 0.648470409375 0.023269346875 0.6759176734375 0.022746439062500002 0.702278146875 0.0376133890625 0.6943150859375 0.0480294921875 0.7077884078125 0.0566228796875 0.7272893765624999 0.05416995625 0.7416708671875 0.068932325 0.7389798984375 0.0646566859375 0.759389034375 0.04765055625 0.7659173015625 0.0568401984375 0.7865813687500001 0.076265296875 0.775188553125 0.0997962609375 0.79097130625 0.08798120468750001 0.8089947015625001 0.1005704421875 0.81438588125 0.0965406390625 0.8380126125 0.10983925312500001 0.8532379109375 0.091846675 0.879510128125 0.11748014375 0.882965890625 0.1285943640625 0.8690514890625 0.1443740296875 0.869713965625 0.1530013734375 0.8796979953124999 0.1677297875 0.8865239671874999 0.18428091562499999 0.8873222953125002 0.19132865937500002 0.8832728390625 0.20041100156249997 0.8859302734375 0.216998803125 0.9004903875 0.233374725 0.9023159640625 0.255888390625 0.9147452703125001 0.26563761406249997 0.9228106484375 0.2807504 0.9180651828125 0.300073634375 0.9352231890624999 0.3201995671875 0.9197213765625001 0.33682132343750004 0.9247645500000001 0.3501453484375 0.9165297890625 0.3667304328125 0.9078111765625 0.382123009375 0.896766365625 0.39997122812499997 0.89461879375 0.41469964218750005 0.9014447656249999 0.44467937968750004 0.8887362390625 0.4670490734375 0.8693971265624999 0.4796875 0.8628551859375001 0.4796875 0.3
0 0.7371787453125 0.9045496109375 0.7253976453125001 0.9130560671874999 0.7299218375000001 0.9191432578125 0.7391454328125 0.9302903828125 0.7454923421874999 0.9303499234375 0.752223621875 0.9188380265625 0.7524327859375 0.9082938359374999 0.7371787453125 0.9045496109375
0 0.8445926765625 0.9689627999999999 0.860968596875 0.9707883781250001 0.8682961312499999 0.9604395765625 0.8710994718749999 0.9440035890625001 0.8677677859375 0.940242596875 0.85353104375 0.9398518171875001 0.8442395390625 0.947738571875 0.8416453624999999 0.9536303703125 0.8445926765625 0.9689627999999999
0 0.9428033734374999 0.8963182890624999 0.9489044437499998 0.893160234375 0.9607901265625 0.8793816812500002 0.966187646875 0.857053896875 0.96611701875 0.8528090500000001 0.952301321875 0.8546086171875 0.9396441765624999 0.8682513203125 0.9361033265625001 0.8750345203125001 0.9334751953125 0.8904432578125 0.9428033734374999 0.8963182890624999
0 0.904258765625 0.8334514531250001 0.9102525374999999 0.8122867671874999 0.9013454046875001 0.8086020828125001 0.8911072296875 0.8173802390624999 0.8875663828124999 0.8241634359375001 0.8877076359375 0.832653128125 0.8940205906250001 0.8422296093749999 0.904258765625 0.8334514531250001
0 0.7885407265625 0.52421246875 0.786435503125 0.5132607328125001 0.781035265625 0.5123097921875 0.7721648046875 0.5223868921875 0.767572703125 0.5353335859375 0.7707291812499999 0.5401218249999999 0.7817048640625 0.5409964609375 0.7885407265625 0.52421246875
0 0.7661941140625 0.44091973125 0.7733831125 0.4453599671875 0.7836212875 0.43658181250000005 0.7846019125 0.42617347031249997 0.7829883609375 0.4216569265625 0.773309765625 0.41783639531250005 0.7669628562499999 0.4177768546875 0.7612828296874999 0.42312525624999997 0.7612488749999999 0.432642196875 0.7661941140625 0.44091973125
0 0.8831363390625 0.33491357499999996 0.8901878374999999 0.3100139421875 0.87698605 0.30519955312499997 0.8698914078125 0.313908846875 0.8644058453125 0.324146315625 0.8741434015625 0.338309290625 0.8831363390625 0.33491357499999996
0 0.4796875 0.542441053125 0.48675197812500004 0.537730146875 0.49660937499999996 0.51830391875 0.48385979062500006 0.499876071875 0.4796875 0.49914136249999996 0.4796875 0.542441053125
0 0.790140625 0.6060925515625 0.79253106875 0.586596271875 0.7714148921875 0.58654683125 0.7699240859375001 0.5875946546874999 0.762706409375 0.6025064140625 0.7687304625 0.6110361640624999 0.7796216984375001 0.6129540296875 0.790140625 0.6060925515625