0 0.131068865625 0.5296875 0.13148896875 0.5291145203125 0.12819036718750002 0.5229903984375001 0.11903021875 0.5205872140625 0.10182888906250001 0.52231356875 0.10334120468750001 0.5296875 0.131068865625 0.5296875
0 0 0.518024046875 0.008989345312499999 0.5202396265625 0.022774223437499998 0.5131604109375 0.0120534671875 0.5001868703125 0 0.5008192265625 0 0.518024046875
0 0.044223075 0.372791125 0.036241434375 0.362675340625 0.01836276875 0.36190659062499997 0.010675143750000001 0.363722353125 0.00970256875 0.3770150953125 0.0109393890625 0.382776565625 0.02398739375 0.387447571875 0.0380960546875 0.385177240625 0.044223075 0.372791125
1 0.3296875 0 0 0 0 0.3478702921875 0.019394881250000003 0.334368521875 0.022781564062500002 0.346844046875 0.0357997984375 0.35863771718750004 0.053383225 0.3751943125 0.069611978125 0.3867606984375 0.0990065859375 0.40222683281249993 0.1257216171875 0.4005898859375 0.12162660624999999 0.420461315625 0.096706659375 0.458845490625 0.1275464703125 0.4302144484375 0.1456906046875 0.422318015625 0.1723461 0.43492639375 0.167779684375 0.4578828625 0.1887212484375 0.46631825156250006 0.20227042343749999 0.46078155625 0.2151124953125 0.45987241875 0.2444785578125 0.454741821875 0.27116381875 0.46022753749999995 0.28509509375 0.47297379375000004 0.30859960625 0.47156413124999996 0.3254176125 0.4792742171875 0.3274198546875 0.4938821953125 0.3296875 0.49428105625 0.3296875 0
0 0.33358934375000004 0.2782585515625 0.3496121640625 0.2842447953125 0.3615411953125 0.2823830734375 0.3598627390625 0.2725839796875 0.350260953125 0.26614316875 0.34062939999999997 0.266825021875 0.335916590625 0.26995601874999997 0.33358934375000004 0.2782585515625
0 0.6743348484375 0.507678603125 0.6671186234375 0.5064093265625 0.6587238921875 0.512852646875 0.6622284265625 0.5245569125 0.6712707265625 0.5277313593749999 0.6811379796875 0.5255069875 0.683229525 0.5187469734375 0.6819927046875 0.5129855046875 0.6743348484375 0.507678603125
0 0.9033410390625001 0.5123194843750001 0.9066991765625 0.504198278125 0.8975390265625001 0.501795090625 0.8851683593749999 0.4996191875 0.8806912515625 0.501207665625 0.8758605890624999 0.5051099234375 0.8700871234375 0.5151822609375001 0.8798067578125 0.5208518109375 0.8901156468749999 0.5226650640625 0.8978032734374999 0.5208493015625 0.9033410390625001 0.5123194843750001
0 1 0.5296875 1 0.511567303125 0.993912871875 0.5084506328125 0.9846348703124999 0.50681870625 0.975562803125 0.510766921875 0.9714094796874999 0.5171642859375 0.9729700859375001 0.5277346374999999 0.97819713125 0.5296875 1 0.5296875
0 0.514377009375 0.328273415625 0.5258346390625 0.32949673437500004 0.5383529250000001 0.32377871406250003 0.5423883984375 0.3181526109375 0.537617275 0.3078095421875 0.5267489000000001 0.302729925 0.5109320125 0.302323825 0.5075738765625 0.310445034375 0.509252334375 0.3202441265625 0.514377009375 0.328273415625
0 0.578378984375 0.373586378125 0.58485955625 0.3588864828125 0.579145625 0.35471349218750003 0.5689545859375 0.35212898125000003 0.55964681875 0.3576197171875 0.5581147578125 0.36764609375 0.56621425 0.3769906203125 0.578378984375 0.373586378125
0 0.41963309375 0.0961877484375 0.418867675 0.08734123906249999 0.401813965625 0.0811736703125 0.3853197421875 0.0782724671875 0.376689309375 0.086258309375 0.395892878125 0.09913993125000001 0.41963309375 0.0961877484375
0 0.430732278125 0.2106024203125 0.43373563906249996 0.23251438750000003 0.45020009375000003 0.242538253125 0.4571223 0.23187598281250002 0.452586878125 0.21999039374999999 0.44920019687499996 0.207514871875 0.436034340625 0.203615125 0.430732278125 0.2106024203125
1 1 0 0.4526659890625 0 0.45097652187500004 0.0019102140624999999 0.474273878125 0.0226398015625 0.472623965625 0.033437439062500005 0.4619900687499999 0.054534696875 0.4582486125 0.072092346875 0.45530234218750004 0.09137384374999999 0.4558022890625 0.10888553281249999 0.4587758828125 0.13792016406250002 0.456271246875 0.1612392828125 0.4486121640625 0.1836517765625 0.4678157359375 0.1965333984375 0.4915261796875 0.20070387812499998 0.46949419218749994 0.206332490625 0.48878584375 0.2255655171875 0.49273201093749996 0.24130740468749998 0.48313022656250004 0.23486659375 0.4827171359375 0.25142570000000003 0.493114109375 0.25959035625000004 0.5181792265625 0.2687510453125 0.5327592937500001 0.263395675 0.551668846875 0.26434575 0.5472798203125 0.27228563125 0.5480452390625 0.28113214062499997 0.5566744484375 0.30086569375 0.5532865421875 0.3161095640625 0.535554275 0.33516628593750003 0.5214741578125001 0.358033346875 0.4958173375 0.4081677453125 0.536642253125 0.376541071875 0.54444773125 0.37395405 0.55976466875 0.35684845625 0.5733436140625 0.3441890984375 0.5840941390625 0.350039975 0.60397504375 0.3654167015625 0.6310721703125 0.3820627046875 0.6721601109374999 0.3972096375 0.6919529343749999 0.406234959375 0.68226184375 0.4211621390625 0.6687709828124999 0.44017290156250005 0.6358110796875 0.45496722500000003 0.61834428125 0.4653587625 0.58629741875 0.481105671875 0.6182549765625 0.48672675468750004 0.635839625 0.4755639546875 0.6638510171875 0.4654431484375 0.69778349375 0.437356084375 0.715750240625 0.4444762375 0.717398928125 0.46139799375 0.7341871656250001 0.4762307453125 0.7508004640625 0.4506412953125 0.771889646875 0.45118275937499996 0.7870291984375 0.449093753125 0.7927145828125 0.43267001406250005 0.8121836218750002 0.4368864515625 0.8317705125 0.44033163125 0.83106340625 0.444959190625 0.8313574234375001 0.4568907390625 0.859750909375 0.4650528828125 0.8844922453125001 0.4694046890625 0.9049338609375 0.4603283859375 0.9238434140624999 0.461278459375 0.9445207296875001 0.4506596375 0.9679371609375 0.4428985703125 0.997715090625 0.44892826093749993 1 0.45698128281250006 1 0
0 0.0926868734375 0.8198424937500001 0.093511828125 0.8144436734375 0.0906846328125 0.805234515625 0.0775187765625 0.80133476875 0.0654718953125 0.80396775 0.06290894375 0.8138128015625 0.071921475 0.8241099125 0.0822303640625 0.8259231640625 0.0926868734375 0.8198424937500001
0 0.0805196921875 0.8786855234375001 0.0886787203125 0.8737847203125 0.0999304171875 0.8694278953125 0.09457004062499999 0.8629411234375001 0.0855277421875 0.859766678125 0.073009453125 0.8654846984375 0.06920968125 0.8695682828125 0.0692977640625 0.8759196859374999 0.0805196921875 0.8786855234375001
0 0.08270054375 0.85055751875 0.0764854421875 0.85659223125 0.07636759062500001 0.857363490625 0.0865586296875 0.859948003125 0.09987210468749999 0.8559538265625001 0.11203683906249999 0.8525495859374999 0.12328853437500001 0.848192759375 0.130416675 0.8431106328125001 0.1303583609375 0.8296365640625 0.11731035781250002 0.8249655578125001 0.10597057812499999 0.8229709796875 0.0988424390625 0.8280531078125 0.08270054375 0.85055751875
0 0.066645509375 0.9071327281249999 0.0556592828125 0.9028243703125 0.0392531421875 0.9062745718749999 0.029827521875000002 0.9125365671875001 0.0344807953125 0.923650896875 0.049856046875 0.920019371875 0.06293381875000001 0.9175677140625 0.066645509375 0.9071327281249999
0 0.1415492984375 0.867244459375 0.13816261406250002 0.8547689375 0.12912031562499998 0.851594490625 0.11834002343750001 0.852866278125 0.11350936250000002 0.8567685359375 0.119193525 0.868064190625 0.1273227859375 0.8702860515624999 0.1415492984375 0.867244459375
0 0.263691696875 0.961591315625 0.26407501718750004 0.9521548718750001 0.252057903125 0.947665190625 0.2395396171875 0.9533832109375 0.2341197015625 0.9611417687500001 0.24177755781250002 0.96644866875 0.2520864484375 0.9682619203125 0.263691696875 0.961591315625
0 0.227758203125 0.947351009375 0.23300073124999998 0.9546090390625 0.2510270140625 0.947483865625 0.2594217453125 0.94104054375 0.259539596875 0.940269284375 0.255445809375 0.9324213203125 0.2487009890625 0.928067003125 0.2341209234375 0.9334223734375 0.2306449375 0.942314840625 0.227758203125 0.947351009375
1 0.3296875 0.5296875 0.0019867390625 0.5296875 0 0.5300599484374999 0 0.5494192531250001 0.008518540625 0.5531854984375 0.009283959375000001 0.56203200625 0.0006535250000000001 0.570017846875 0 0.5711579812500001 0 0.605567975 0.0026545453125 0.6123452203124999 0.0033901953125 0.6283143921875001 0 0.6408954437500001 0 0.6640199250000001 0.011812246875 0.6701871953125 0.0220913671875 0.679123109375 0.03967479375 0.69567970625 0.0154334078125 0.7088395921874999 0.032516885937500004 0.707884496875 0.042354371875000005 0.7127827890625 0.0427662375 0.723943075 0.052250171874999994 0.7311551453125 0.05440003125 0.7378692015625 0.04842063125 0.7423613921875 0.034901223437500004 0.740775425 0.0304824296875 0.755837971875 0.0450029578125 0.764727928125 0.0540154890625 0.7750250390625 0.069832375 0.7754311375 0.07831518750000001 0.7753392187499999 0.0894788015625 0.7646309890625 0.10597302500000001 0.7675321921875 0.09952222031249999 0.7751094249999999 0.11427845156250001 0.7824568609375 0.11949120937499999 0.7968375546875001 0.1113904953125 0.8152124234375 0.1283263515625 0.8221512515625001 0.1396363609375 0.8312684921875 0.13948874375 0.8391624156249999 0.1478239375 0.846964421875 0.16119572499999998 0.8564443125000001 0.1796041078125 0.8676020890625 0.2019003421875 0.8810276874999999 0.21863026875 0.8823863703124999 0.2255810203125 0.89232083125 0.2344173859375 0.8899151328125001 0.24749515781250003 0.8874634765625 0.258333765625 0.8996657562499999 0.2501449671875 0.9116892234374999 0.24861290781249998 0.9217156 0.26981994062500003 0.9214858046875 0.27562195312500004 0.9320102 0.27523863125000003 0.9414466421875 0.299744265625 0.9473409671875 0.30893418281249996 0.9426214906249999 0.3243094359375 0.938989965625 0.3296875 0.9446009734375 0.3296875 0.5296875
0 0.334413628125 0.8853981921875 0.33358867187499996 0.8907970125 0.330907871875 0.9014133234375 0.34395587499999997 0.9060843296875 0.35473616875 0.90481254375 0.3600680015625 0.8907025828125 0.3529993984375 0.8815393828125 0.3393621390625 0.8807246750000001 0.334413628125 0.8853981921875
0 0.4499449609375 0.6142673484375 0.45283169531249995 0.60923118125 0.45079968593749997 0.601745865625 0.4394599078125 0.5997512890625 0.4261762015625 0.5966228015625 0.41174375625000004 0.5940842484375 0.40496916875 0.596852596875 0.3956316296875 0.609465996875 0.4069416390625 0.6185832375 0.41966585937499995 0.6184453609375 0.4319484453125 0.614269859375 0.44328822500000004 0.6162644359375 0.4499449609375 0.6142673484375
1 1 1 1 0.5296875 0.5376642781250001 0.5296875 0.5333625546875 0.53944510625 0.5384276953125 0.5617197234375 0.5175742140625 0.5596357375000001 0.5069998531250001 0.5664876671875 0.49456965 0.5785570921875001 0.4768373796875 0.5976138140625 0.4589872609375 0.6174417953125 0.4631095921875 0.6458864906249999 0.45618738593749997 0.6565487609375 0.4502663 0.674515021875 0.4468783921875 0.6897588921875 0.445582034375 0.69824275 0.4335053828125 0.7079983953125 0.41739325781250003 0.7233801421875 0.41977881875000006 0.728551678125 0.4455510421875 0.7330848078125 0.45273749687500003 0.741476746875 0.44080846406249996 0.74333846875 0.43347316718749995 0.770559846875 0.44775799374999997 0.780992321875 0.46180711875 0.79296731875 0.4567407546875 0.7984120953125 0.4433975125 0.8095289359375 0.4660770703125 0.8135180921874999 0.46271893281250004 0.8216392984375 0.43853708437499994 0.8205538578125001 0.4273734703125 0.8312620875000001 0.4301708984375 0.847593909375 0.46153920312499996 0.857071290625 0.4808023078125 0.8557075859375001 0.49829765156250005 0.865912778125 0.5104028484375001 0.8767538640625 0.5026556859375 0.892814953125 0.49252296093750003 0.9037045078125001 0.5097826031249999 0.9154522187499999 0.53546674375 0.913633946875 0.570163415625 0.9221127843750001 0.5664517265625 0.9325477703124999 0.5855374453125 0.9462006515624999 0.6021197515625 0.955453259375 0.6075682109375 0.9682914328125001 0.6351665109375 0.9747297328125001 0.6378758578125 0.9847101515624999 0.658228165625 0.9970018390625001 0.6591881859375001 1 1 1
0 0.4577952953125 0.9300677296875002 0.47163848750000004 0.93646258125 0.4848341109375 0.9332396640624999 0.48565906718749996 0.9278408468749999 0.489576690625 0.922986003125 0.47826667968750003 0.9138687624999999 0.46566031093750004 0.9132353796875 0.4588857234375 0.916003728125 0.45576328749999995 0.9225824156249999 0.4577952953125 0.9300677296875002
0 0.3296875 0.8317064859375 0.340719259375 0.830276096875 0.3578027375 0.829321 0.3663153171875 0.82210641875 0.36820093125 0.8097662625 0.3692615890625 0.8028249234375 0.3553886296875 0.8035527359374999 0.34849619062500004 0.8070923437499999 0.33748019687499997 0.80990665 0.335212484375 0.8039638546875001 0.3296875 0.8022039234375 0.3296875 0.8317064859375
0 0.43374475468749996 0.62329769375 0.42970928124999996 0.6289237953125 0.42761773437499995 0.6356838093749999 0.43262455937500005 0.6444843578125 0.450061590625 0.6412154828125 0.45595290625 0.6303718859374999 0.4505925296875001 0.6238851171875 0.4433763078125 0.622615840625 0.43374475468749996 0.62329769375