0 0.4998194765625 0.19224533125 0.48337133125 0.19822063125 0.4751472578125 0.2012082828125 0.47700837968750004 0.2125750390625 0.49520838593749994 0.21642679375 0.5060111546875 0.2051976625 0.4998194765625 0.19224533125
0 0.40491855 0.207176065625 0.3900037421875 0.2198990234375 0.39723708750000003 0.2326703609375 0.411820421875 0.230136446875 0.41779727031249997 0.225201234375 0.41851115468750005 0.220401140625 0.41675929375000004 0.210574084375 0.40491855 0.207176065625
0 0.33607035937499996 0.1731575203125 0.3282870203125 0.167495828125 0.31271665 0.17098058437500002 0.310192584375 0.179991915625 0.313095371875 0.191177678125 0.3255953734375 0.189005753125 0.3328870390625 0.187738796875 0.334642590625 0.182757709375 0.33607035937499996 0.1731575203125
0 0.3550211578125 0.024127740624999998 0.3398331984375 0.033001446875 0.34492858125 0.045364923437499996 0.3607721015625 0.045729415625 0.36899617500000004 0.042741765625 0.370587834375 0.035451128124999995 0.374372090625 0.0293382015625 0.3550211578125 0.024127740624999998
0 0.23819356093750002 0.2501733640625 0.2250379984375 0.2431070890625 0.2063972578125 0.2479046765625 0.2009120828125 0.2597685390625 0.20902320312499997 0.2700493328125 0.225030615625 0.2727233765625 0.236325059375 0.26842289531249997 0.2368750515625 0.26131325156249996 0.23819356093750002 0.2501733640625
0 0.1727250703125 0.29350180937500003 0.1580324765625 0.294496021875 0.15117785156250002 0.3019217796875 0.1516148953125 0.3080805796875 0.16049453281249998 0.3143311296875 0.17096582968750001 0.313291040625 0.1777658234375 0.3050954359375 0.1727250703125 0.29350180937500003
1 0 0 0 0.359375 0.0452308859375 0.359375 0.035713053125 0.3391297828125 0.0426769375 0.3332437265625 0.053967689062500004 0.3437513875 0.07030657500000001 0.33623638749999996 0.07524175625 0.3314821703125 0.09711675625 0.3276813 0.128752859375 0.31283229375 0.1520556296875 0.2994312359375 0.1566010171875 0.31890435625 0.1740361984375 0.3119782109375 0.1718472953125 0.29599235468749996 0.1608843265625 0.2901037921875 0.1645593203125 0.282451165625 0.1821000703125 0.291872865625 0.19623897968749998 0.31279644218749997 0.2025945515625 0.32805832343749997 0.2451796515625 0.359375 0.24896712031249998 0.359375 0.22720844843750002 0.3331336671875 0.2251834359375 0.3194573609375 0.2292991625 0.303155390625 0.21159452031249998 0.291424140625 0.2023871015625 0.28055449062500004 0.1898907921875 0.2679182703125 0.1822167140625 0.26379627656250004 0.1883065125 0.2455926203125 0.201360196875 0.22150290625000002 0.2132046328125 0.21009278125000003 0.2214833359375 0.2078749796875 0.2348027921875 0.21725080624999998 0.27076945 0.203987375 0.2769685125 0.187323415625 0.26090646875 0.1838795234375 0.2679833046875 0.164725021875 0.2745647765625 0.153450015625 0.29123144375 0.150554115625 0.27045643125 0.1401356953125 0.2813684609375 0.13044626406249998 0.309107359375 0.13497862656249998 0.32122125625 0.14222589531250002 0.3685296078125 0.15504812031249998 0.3192508734375 0.1293194390625 0.2995721578125 0.11948987656250001 0.297328625 0.10273416875000001 0.30879065 0.08593509375 0.304900825 0.07570017343749999 0.3141702546875 0.0577233859375 0.315710975 0.0348547546875 0.3232831734375 0.007820759375 0.3158826546875 0 0 0
0 0.9706923140625001 0.0221123640625 0.954575640625 0.017898621875 0.9391145312500001 0.022923078125 0.9373589796874999 0.027904165624999998 0.9442645437500001 0.036056403125000004 0.9507876953124998 0.038819690625 0.9602173265625 0.037960596875 0.9671812109375001 0.032074540624999995 0.9706923140625001 0.0221123640625
0 0.8506090421875001 0.11311812031249999 0.854775709375 0.1123941453125 0.85949236875 0.10456052499999999 0.8566442109375 0.09414461406249999 0.8521497625000001 0.0902494875 0.8375664296875 0.0927834015625 0.8344960609375001 0.0940962328125 0.8320266234375 0.10387741406249999 0.8323544046875 0.10849651406250001 0.8422757093750001 0.11456607031249999 0.8506090421875001 0.11311812031249999
0 0.92273505 0.19332766562499998 0.90979431875 0.20414893437499998 0.9166998812500001 0.212301171875 0.9268943374999999 0.2222199796875 0.93198971875 0.23458345625 0.9309443609375 0.2495725921875 0.938731390625 0.24042614218749997 0.9508999187499999 0.24844326093750002 0.9467915734375 0.23512894218749997 0.9380795187500001 0.216379796875 0.9371508015625001 0.2032923484375 0.9376461671874999 0.195412853125 0.92273505 0.19332766562499998
0 0.8361497312499999 0.0579591546875 0.8455247328125001 0.0563302125 0.8510645390625001 0.0452361984375 0.8502997140625 0.0344582984375 0.8364848953124999 0.0329619671875 0.822943228125 0.0353148859375 0.8158700828125 0.0396612421875 0.8131274953125001 0.045593175 0.8210747250000001 0.053564418749999995 0.8287488046875 0.05768641249999999 0.8361497312499999 0.0579591546875
0 0.7149995015625 0 0.7133061484375001 0.00604555 0.7199385609375 0.010348537500000001 0.7282718953125 0.0089005875 0.7374830046875 0.0049620921875 0.741216346875 0 0.7149995015625 0
0 0.07280480781250001 0.9453660906250001 0.065840921875 0.951252146875 0.06638722500000001 0.9589506468749999 0.073238159375 0.9663330343750001 0.08738075937499999 0.9724484671875 0.089791875 0.9767055796874999 0.10086779531250001 0.9693256968749999 0.10048538437500001 0.9639367453125001 0.09582704375 0.9577320703125001 0.0902362984375 0.9532480890624999 0.083330734375 0.9450958515625001 0.07280480781250001 0.9453660906250001
0 0.07585007031249999 0.8248182546875 0.072175078125 0.8324708796875001 0.0756824890625 0.8373168484375 0.0886741640625 0.8420735734375 0.087577865625 0.8414847171875 0.09163527187500001 0.8392210421874999 0.0976121203125 0.8342858281249999 0.10134174375 0.8274030546875 0.096792665625 0.8227380796875 0.08829543906250001 0.821876478125 0.07585007031249999 0.8248182546875
0 0.16489448281250002 0.771938 0.1697750328125 0.76641393125 0.166872246875 0.7552281671875 0.154867609375 0.7495206 0.14746668125 0.74924785625 0.13825557187499998 0.75318635 0.1387472453125 0.760115 0.14060836875 0.7714817578125001 0.1523944828125 0.7741099250000001 0.16489448281250002 0.771938
0 0.331837990625 0.7320201015625 0.316540771875 0.7393541078125001 0.32141763437500004 0.7486381828124999 0.32377411875 0.7521254468749999 0.3313935671875 0.7554775906250001 0.3397269015625 0.754029640625 0.3444981921875 0.746965871875 0.343787996875 0.736957821875 0.331837990625 0.7320201015625
0 0.4335389125 0.7088937609375 0.4240546515625 0.70898300625 0.405250021875 0.7114710437499999 0.3961481734375 0.7169492390625 0.4151166953125 0.71677075 0.4292046640625 0.72211633125 0.4376472578125 0.72220808125 0.45250374375 0.7235234187499999 0.47251393124999996 0.7231639375000001 0.4623741078125 0.71401498125 0.4492731734375 0.7077185546875 0.4335389125 0.7088937609375
0 0.1901897765625 0.682594534375 0.19441107500000002 0.6826404078125 0.20142958906250003 0.6775242031250001 0.20614625000000003 0.6696905828124999 0.2045582796875 0.6621730765625 0.1959517953125 0.6597717765625 0.1833425359375 0.6604040015624999 0.1796675390625 0.668056628125 0.181419403125 0.677883684375 0.1849268140625 0.682729653125 0.1901897765625 0.682594534375
0 0.222987878125 0.6246798 0.20906010937500003 0.6364519125 0.21585641249999998 0.64306445 0.21826752656249998 0.6473215625 0.23290549375 0.6455575 0.24403604375 0.6389474703125 0.23915918125000002 0.6296633937499999 0.2326360296875 0.62690010625 0.222987878125 0.6246798
0 0.272070234375 0.558480215625 0.2736582046875 0.565997721875 0.29136653749999997 0.562920828125 0.30178320625 0.5611108890625001 0.3074869015625 0.552326428125 0.2997035625 0.5466647328125 0.28287300625 0.5472510828124999 0.273716525 0.551959428125 0.2717970828125 0.554630965625 0.272070234375 0.558480215625
0 0.2935303359375 0.45967167968750006 0.2837182921875 0.45514182343750004 0.273301628125 0.45695176093749995 0.2653507046875 0.4637886625 0.2628266390625 0.4727999921875 0.262276646875 0.47990963749999993 0.26551090624999996 0.48090635625000006 0.27302109375 0.48271879999999995 0.285630353125 0.482086575 0.2906747984375 0.4788720546875 0.30027200781249996 0.4655143671875 0.2935303359375 0.45967167968750006
0 0.3794386765625 0.451758840625 0.35016274687500004 0.45528696718750006 0.3436395953125 0.4525236796875 0.3339914453125 0.450303371875 0.3207229296875 0.456505540625 0.3172664578125 0.4672375671875 0.3173210890625 0.4680074171875 0.3258729421875 0.4696388671875 0.338427571875 0.46823679218750003 0.352683125 0.4610837796875 0.37757386406250004 0.455200228125 0.3794386765625 0.451758840625
1 0 0.359375 0 0.8613777765624999 0.019155646874999998 0.8580494062499999 0.0322056421875 0.8487678375 0.04733896875 0.8391242796875 0.06444636875000001 0.8275790359374999 0.0773871015625 0.816757765625 0.08720283281249999 0.8064794796874999 0.10644450624999999 0.8101502406249999 0.12332600468749999 0.8251418843749999 0.1452482546875 0.8517271531249999 0.13911489531250001 0.8247365265625 0.131663028125 0.8088857890625001 0.11741116874999999 0.8012306578124999 0.11412596718750001 0.7846559453124999 0.112592628125 0.7779082890625 0.1258065125 0.7709362703125 0.12531483906250002 0.76400761875 0.12591946406250001 0.7576678250000001 0.139187978125 0.75146565625 0.137272228125 0.7393290484375 0.12954351718749998 0.73443720625 0.13086202656249998 0.7232973171875 0.1332768328125 0.7127462859375 0.1421055296875 0.703418840625 0.15328701875 0.7123868046874999 0.1702268390625 0.713340153125 0.1752712796875 0.7101256359375 0.174342565625 0.697038184375 0.1707258921875 0.690652515625 0.17324995781250002 0.681641184375 0.17561013281249999 0.670320303125 0.1748999390625 0.6603122515625 0.1860304921875 0.6537022203125 0.1843332609375 0.6446450140625 0.1914064078125 0.64029865625 0.1982064 0.6321030515625 0.21580547343749998 0.62748645625 0.22161843124999997 0.6202416937499999 0.226939715625 0.60606828125 0.229354521875 0.5955172484375 0.22014710312500002 0.5846475984375 0.2200415328125 0.568299753125 0.21774336718749998 0.5507741984375001 0.21462205937499998 0.536509034375 0.22301371250000002 0.5210227890625 0.2240590703125 0.5060336515625 0.2128229484375 0.4962958390625 0.2152923859375 0.4865146578125 0.21792571249999998 0.479043025 0.23344145312500003 0.47478841875000005 0.2391997796875 0.46677380468749996 0.2350914328125 0.4534594875 0.219907165625 0.44752505 0.2096580796875 0.43683639375 0.199627515625 0.4292271375 0.1915710265625 0.4197161921875 0.17424879375 0.41337389218750004 0.1672339703125 0.4036819546875 0.17091265312499998 0.381221184375 0.15605986249999998 0.365097703125 0.14870781875 0.359375 0 0.359375
0 0.9902222640625 0.6583407859375 0.9917629859375001 0.635472153125 0.9855129843749999 0.636558115625 0.9794268765624998 0.6399536296875 0.9788222515625 0.6462934234375 0.9792592953125 0.6524522218750001 0.9816704109375 0.656709334375 0.9902222640625 0.6583407859375
0 0.92925929375 0.661139925 0.9115509625 0.6642168187499999 0.9006389328125 0.67390625 0.907817646875 0.6859077375 0.9155463546875 0.6907995828125 0.92892413125 0.6861371125 0.9336407906249999 0.67830349375 0.9329305968749999 0.6682954437499999 0.92925929375 0.661139925
0 0.906132215625 0.409534084375 0.9207155484375 0.40700017187500004 0.9319553609375 0.4019298390625 0.9469247984375 0.38997673125 0.9461053421875001 0.37842898125 0.9428164531250001 0.3766624125 0.9283423781250001 0.3807360265625 0.915842378125 0.3829079515625 0.9069044203125 0.3906956953125 0.9025155421875001 0.40314841562500003 0.906132215625 0.409534084375
0 0.89821378125 0.5059897 0.906820265625 0.5083909999999999 0.9228860000000001 0.49702675 0.9229989515625 0.48375830468750003 0.9188322843750001 0.48448228125000004 0.9082517265625001 0.48398266718750005 0.8959739375 0.4744258484375 0.8956424671875001 0.48461489375 0.8964619203125 0.49616264218749995 0.89821378125 0.5059897
0 0.7872102156249999 0.6803661265625001 0.7813463171875 0.6720328953125 0.7645703921875 0.6733890953125 0.7607861359375001 0.6795020218750001 0.7614417 0.6887402218750001 0.7637435546875 0.691457634375 0.77125374375 0.6932700781250001 0.7783815187500001 0.6896935703125 0.7872102156249999 0.6803661265625001
0 0.742193375 0.491793734375 0.7385730109375 0.5002162078125 0.7410387546875 0.505243171875 0.750027653125 0.5130334203125 0.7666943203125001 0.5101375203125 0.7653248734375 0.5056994140625 0.76828598125 0.5028468828125 0.7732757921875001 0.49886251406250004 0.7719609734375 0.49519425781250004 0.7684535609375001 0.4903482890625 0.7556804093749999 0.4886709640625 0.742193375 0.491793734375
0 0.7453368265625 0.4172100296875 0.753724790625 0.41653193125000004 0.766224790625 0.4143600046875 0.768639596875 0.4038089734375 0.765132184375 0.3989630046875 0.756361809375 0.394252153125 0.7437525468749999 0.3948843796875 0.7398590328125 0.39945760625000004 0.736184040625 0.4071102296875 0.7421025671875 0.4162133109375 0.7453368265625 0.4172100296875
0 0.51875 0.9119565359374999 0.5257039046875 0.9183014421875001 0.5370529765625001 0.9147708093750001 0.5383168546875 0.9028610718750001 0.5237372140625001 0.8905868390624999 0.51875 0.8927192765624999 0.51875 0.9119565359374999