0 0.0037751109375000003 0.2968677796875 0.012791323437499998 0.30638152500000004 0.0286273390625 0.29902882656249996 0.02909091875 0.28572931874999996 0.0240758515625 0.28061775624999996 0.013800292187499999 0.27743554062500003 0.0042932265625 0.2820036265625 0.0037751109375000003 0.2968677796875
0 0 0.481254896875 0.0025182203125 0.48191383906249996 0.0147398140625 0.488861790625 0.0152579328125 0.4739976375 0.0052823359374999995 0.46220986093749994 0 0.46227473750000003 0 0.481254896875
0 0.15849353125 0.5661974484375001 0.1471767796875 0.5630881765625 0.13016322656249998 0.5744254359375 0.1288766109375 0.581539290625 0.13076810625 0.5868696765625 0.136878903125 0.5903436531249999 0.15236041718749999 0.5931611640625001 0.1660595125 0.58751899375 0.1665230921875 0.5742194875 0.15849353125 0.5661974484375001
0 0.153659440625 0.4962988828125 0.1651943453125 0.4931495640625 0.1781249421875 0.47975709687499996 0.16171131875 0.47388322968749996 0.145052265625 0.475050278125 0.1386142359375 0.48096419062500007 0.14138330625 0.490915578125 0.153659440625 0.4962988828125
0 0.151460571875 0.2912041640625 0.148134753125 0.30558565781249997 0.1612180140625 0.30925053281250003 0.16858815625 0.30639297656250003 0.17206622968750002 0.29600394531249996 0.1663644734375 0.28079510937499996 0.151460571875 0.2912041640625
0 0.4296875 0.0954693046875 0.42534580625 0.091741621875 0.42235858125 0.0880488234375 0.41074186875 0.0935451140625 0.4155115109375 0.10569759375000001 0.4235138046875 0.11450195625 0.4296875 0.1140694578125 0.4296875 0.0954693046875
1 0.4296875 0.609375 0.4296875 0.24909495 0.4112897109375 0.2566131640625 0.414854546875 0.273532528125 0.3925532328125 0.2875814609375 0.3823049421875 0.283616925 0.36449562343749997 0.28798620937499997 0.3703064578125 0.300065746875 0.35674370781250003 0.3017962984375 0.3373428546875 0.292229634375 0.32687641093750003 0.2945236875 0.32112506875 0.31053486874999997 0.328086171875 0.3194121703125 0.3329376234375 0.32921767968750004 0.3421992609375 0.331690509375 0.3242535953125 0.339971415625 0.3118138453125 0.339282053125 0.2983056359375 0.3394479578125 0.2883622625 0.3565332234375 0.2744722828125 0.3676516609375 0.274008703125 0.3809511671875 0.2686118625 0.38679213749999997 0.2623919875 0.38644745625 0.2565538859375 0.37515024218750004 0.24863340156249997 0.36399890625000003 0.23076954375 0.369932840625 0.2343889171875 0.38528755625 0.25387157656250003 0.39250724843749996 0.254640075 0.400257546875 0.24792935 0.413994696875 0.24650638906250003 0.42502017187499996 0.248452421875 0.42878591093749996 0.24182350625 0.4401760875 0.2445380390625 0.45169212343750004 0.24862099375 0.45374733437500003 0.24813014375 0.46782916406249997 0.24684352812500002 0.47494302031249996 0.23673653906249997 0.49672222968749996 0.23635476875 0.5076747640625 0.235972996875 0.5186272984375 0.23126284687499998 0.5345655390624999 0.22353820156249998 0.5475933046875 0.22696669218749999 0.5684242875 0.223215925 0.5866365578125 0.2308637140625 0.60561113125 0.23411305 0.609375 0.4296875 0.609375
0 0.5100235765625001 0.43203014375000004 0.5184428015625 0.42894257187499996 0.526137953125 0.42278353125 0.5197560203125 0.415112896875 0.5098449921875 0.4133094984375 0.5014039484375 0.4170230265625 0.497063425 0.4223225828125 0.5100235765625001 0.43203014375000004
0 0.5567560421875 0.474340290625 0.5681371265624999 0.48166070781250003 0.5830037031249999 0.484365853125 0.5900183609375 0.47388343437499997 0.5885483375 0.46836646093749995 0.5812678015625 0.46263211406250004 0.570436278125 0.4633909140625 0.5636397843750001 0.4676136640625 0.5567560421875 0.474340290625
0 0.4781282015625 0.43372589531249994 0.4665010890625 0.44069901875 0.4546618171875 0.4465239453125 0.463608765625 0.452141553125 0.476765325 0.45621539687499996 0.48603954531250004 0.45244350000000005 0.48632319687500003 0.444305909375 0.4781282015625 0.43372589531249994
0 0.5812759328125 0.5100888625 0.570706209375 0.50333608125 0.5592378796874999 0.4985195375 0.5511023093749999 0.49346951875 0.5364720578125001 0.48816963593749996 0.5367852625 0.498843596875 0.5481445296875 0.5067899265625 0.5546355234375 0.5113307265625 0.56513975625 0.5199614328125 0.581694546875 0.5219238796875 0.585947796875 0.5191281546875001 0.5812759328125 0.5100888625
0 0.5498201546875 0.609375 0.551253534375 0.6083556765625 0.5465598203125 0.5999422984375 0.5391047265625 0.5992157046875 0.5298522953125 0.6023616015625 0.52230438125 0.609375 0.5498201546875 0.609375
0 0.6756506453125001 0.4016939921875 0.6786561484375 0.41085001875 0.6969646125000001 0.41019185 0.7056456625 0.39959269218750004 0.6977064671875001 0.38890895937500003 0.6893963421875 0.388866696875 0.680231184375 0.3895087609375 0.6750356562500001 0.3954926890625 0.6756506453125001 0.4016939921875
0 0.6837699890625 0.311830459375 0.7005141531250001 0.3112300046875 0.70150706875 0.30371907343750004 0.694335596875 0.2948548921875 0.6833731609375 0.29936948750000003 0.6670801984375 0.2898954546875 0.6601309984375 0.298499953125 0.6697802312500001 0.307814984375 0.6837699890625 0.311830459375
0 0.7112298875 0.358612984375 0.711884465625 0.3398339703125 0.707980325 0.332614184375 0.6921496203124999 0.33372320312500003 0.6853531546875 0.33794595 0.6832503765625 0.35058203125 0.6948060125 0.3528946953125 0.70125336875 0.3586874109375 0.7112298875 0.358612984375
0 0.733246090625 0.3708082703125 0.7235096125 0.3639971140625 0.702919765625 0.358570671875 0.7010351765625 0.3649470828125 0.704917496875 0.37279282812500003 0.7054888484375 0.3802460453125 0.7183617734375 0.39245748125 0.72996101875 0.393518184375 0.7368883984375 0.38553964218750003 0.733246090625 0.3708082703125
0 0.7322124859375 0.35277195156249996 0.7259216796875 0.357055309375 0.7334424625 0.36517455625 0.7433317046875001 0.3676039578125 0.7524968640624999 0.3669618953125 0.7543596015625 0.36121144374999997 0.7545341546875 0.356203734375 0.7465076796875 0.34802387968750004 0.735654340625 0.3494086390625 0.7322124859375 0.35277195156249996
0 0.8691196906249999 0.21641992656250003 0.8786121046875 0.20638835625000002 0.8756284875 0.19660631875 0.8666596703125 0.1916147203125 0.8517058500000001 0.191413403125 0.84966849375 0.2021716140625 0.85245859375 0.21317923125 0.8691196906249999 0.21641992656250003
0 0.8659494421874999 0.2731063859375 0.8751824312500001 0.280936771875 0.8875494328125001 0.283817071875 0.8936654796875001 0.2752708921875 0.8923699796874999 0.2647462109375 0.8849803171874999 0.2621417015625 0.8750692843749999 0.2603382546875 0.8690842156249999 0.265128590625 0.8659494421874999 0.2731063859375
0 0.8744187562499999 0.3028456203125 0.8870912265625 0.29696237187499996 0.8840639078125001 0.2884323015625 0.8743492484375001 0.28099514062500003 0.8651404843750001 0.2828891671875 0.8640236546875 0.2910850796875 0.8637181843749999 0.299848628125 0.8744187562499999 0.3028456203125
1 1 0.609375 1 0.3120998578125 0.9992766859375 0.312207434375 0.9887506343750001 0.3042026859375 0.9765145499999999 0.297566640625 0.9591701828125 0.29441064843750003 0.92474739375 0.304315378125 0.9192423156250001 0.29533445937499997 0.9196350625 0.28406703125 0.9038480421875 0.2839241328125 0.9025129671875 0.29837976718750003 0.9022511375000001 0.305891353125 0.8904555343750001 0.31046431406249997 0.8788344218749999 0.310029575 0.8783107578125 0.32505279374999996 0.8863590531250001 0.33260664375000004 0.8760116078125 0.343322540625 0.8693460578125001 0.34378949531249997 0.862724146875 0.343004534375 0.8571754312500002 0.33527552968749996 0.840402446875 0.3395727515625 0.8351196234374999 0.3480605609375 0.8126015484375 0.3502624921875 0.7921984234374999 0.35356516718750003 0.7792423015625 0.3675860078125 0.76417935 0.37051457499999996 0.7446231390625 0.38312445156249997 0.72741376875 0.399941015625 0.7202463421875 0.41480523593749996 0.7229900140625001 0.43147285 0.7070720312500001 0.43508574843750003 0.70578064375 0.448289415625 0.6839430453124999 0.454814775 0.6645354890625 0.43931450156249996 0.64714753125 0.43741042031250005 0.6365600390624999 0.455011996875 0.6352031953124999 0.470093584375 0.6545194265625 0.4643692890625 0.6499607078125 0.47592856093749997 0.6471338109375 0.48549317968750005 0.6345922546875 0.4876206359375 0.6334099484375 0.49769446874999995 0.6142682875000001 0.49841100781250003 0.61716469375 0.510696871875 0.6253002609375 0.5157468921875 0.6176051265625 0.52190593125 0.59892575 0.53320551875 0.59767801875 0.545157271875 0.57777266875 0.5677826125000001 0.5815022546875 0.5800101078125001 0.5743130234375 0.59550033125 0.562321015625 0.605707009375 0.5619163281249999 0.609375 1 0.609375
0 0.12659868125 0.8691983171875 0.1401614296875 0.867467765625 0.14265285156250002 0.8555870265625 0.13237729375 0.8524048125 0.12092419531250001 0.8532071578125 0.1164867390625 0.861322159375 0.11525466250000001 0.8668713671875 0.12659868125 0.8691983171875
0 0.40464867968749996 0.6694440140625 0.4101818671875 0.6596914234375 0.398919653125 0.6550175031250001 0.39075374531249996 0.6509070828125 0.38450660000000003 0.651344728125 0.37804130156250004 0.6580409609375 0.38193337031249996 0.6655724375000001 0.3910859328125 0.6711745640625 0.40464867968749996 0.6694440140625
1 1 1 1 0.86097585 0.9823788 0.8538180624999999 0.9566552671874999 0.8556201234374999 0.9242558625000001 0.8386090562499999 0.889053703125 0.8318938062499999 0.8623298109374999 0.8273390125000001 0.82655018125 0.837190621875 0.8200405515625 0.8486642546875001 0.7761355515625 0.846231215625 0.764982853125 0.8506850515625001 0.746897634375 0.8436888093749999 0.7414146171875 0.82571025 0.7142094968749999 0.834961171875 0.711438821875 0.8443366078124999 0.6866194015625 0.8552566640624999 0.685881525 0.8764254296875 0.6561244734375 0.8537204515625 0.6099883546875 0.8101277031249999 0.6479086859375001 0.879085615625 0.6511664171875 0.8907931328125 0.6266357296875 0.8934297609375002 0.593209715625 0.9058708875000001 0.5784143078125 0.9096617796875 0.551626253125 0.9069477484374999 0.544827884375 0.9267048109375 0.5581417109375 0.9303627796875 0.5397415015625 0.967459015625 0.52055968125 0.9568670609375 0.5079254 0.9687697578125001 0.512408059375 0.980391459375 0.50144785 0.9793230109375 0.46389207343749994 0.9700182421875001 0.4680218359375 0.9917641375 0.483753440625 0.9961708625 0.48582380625 1 1 1
0 0.964865221875 0.79536629375 0.9605487984375 0.8140313515625 0.96754548125 0.8236406671875001 0.976992028125 0.8330783609375001 0.9970400546875 0.8188200265625 0.9950393359374999 0.8061063171875 0.9832070953125001 0.7949994890625 0.964865221875 0.79536629375
0 0.66658014375 0.729039946875 0.6706457421875001 0.75262660625 0.6936627625 0.7583592171875 0.69404774375 0.7473146453125 0.6836008390625 0.731520096875 0.6730897734375001 0.7175663140624999 0.66658014375 0.729039946875
0 0.673550571875 0.7744583140625 0.6884422265625 0.7679062765625 0.6815738687499999 0.7546154375 0.6695491375 0.7490308953125 0.6596213703125 0.7533989171875 0.662782853125 0.767867578125 0.673550571875 0.7744583140625
0 0.6839012312499999 0.7930140031249999 0.683644578125 0.800377053125 0.6905129328124999 0.8136678937500001 0.7065332718749999 0.8097911890624999 0.709111459375 0.805938040625 0.70466088125 0.79339595625 0.7024997546874999 0.7852841515625 0.69524641875 0.7830378812500001 0.690282534375 0.7852218953125 0.6839012312499999 0.7930140031249999