0 0.29704831875000004 0.25553706875 0.3077390828125 0.2654275203125 0.3148178921875 0.264712903125 0.318041675 0.261731634375 0.3207253671875 0.250375540625 0.3108177609375 0.2405214984375 0.305335653125 0.24026663125 0.29704831875000004 0.25553706875
0 0.33704701875 0.147806596875 0.32831074375 0.15157530156250001 0.32390881718750003 0.1680700859375 0.3361658984375 0.17803335781250001 0.343396625 0.17210723125 0.3481867234375 0.16919878125 0.35162319062499997 0.1589214 0.349516784375 0.150473753125 0.33704701875 0.147806596875
0 0.2569558625 0.0167499296875 0.24834112187500001 0.016349425 0.24625828749999998 0.033995740625 0.250744553125 0.0415103140625 0.25935929375 0.0419108171875 0.26421015937500003 0.0369177625 0.26442284531250004 0.0296216484375 0.2630692109375 0.022252715625 0.2569558625 0.0167499296875
1 0 0 0 0.359375 0.1206685859375 0.359375 0.1215632375 0.356968696875 0.122954065625 0.33615906406249996 0.11964594218749999 0.315130975 0.1317883 0.302127190625 0.1420369375 0.273379646875 0.1469181859375 0.267344290625 0.15475658125 0.2405721234375 0.173559190625 0.21430968749999998 0.178258140625 0.21452814375 0.193982071875 0.21317173125000002 0.1979350578125 0.1851752125 0.189927984375 0.16392866718750002 0.2026408203125 0.15825740625 0.200358921875 0.12892730937500002 0.20969605468750002 0.131448828125 0.22358021875 0.1394003140625 0.2400265421875 0.1401649140625 0.24126545312499997 0.1245667921875 0.232954546875 0.11374326718750001 0.2183783734375 0.10262846562500001 0.20669176562499997 0.09999771874999999 0.20726905156250003 0.0801939796875 0.2194721765625 0.0651055921875 0.2246572609375 0.0486472140625 0.226922396875 0.0247470859375 0.22550400312500002 0 0 0
0 0.310942434375 0.3438550421875 0.31711655 0.347273225 0.322446740625 0.3527396 0.32952554843750004 0.35202498437499996 0.33669550625 0.34818346093749997 0.328506134375 0.333190728125 0.31377804375 0.3272874375 0.305163303125 0.32688693125 0.3024796109375 0.338243028125 0.310942434375 0.3438550421875
0 0.563470403125 0.24539345468749998 0.561363996875 0.236945809375 0.5559730390625 0.23356403593750003 0.550521315625 0.23226686875000002 0.54410413125 0.237187103125 0.5430475218749999 0.2465314125 0.542865221875 0.2527852234375 0.5488570359375 0.26245721875 0.5590684765625 0.261888240625 0.5615394874999999 0.2578282609375 0.563470403125 0.24539345468749998
0 0.6284557796875 0.19518521875 0.6324323374999999 0.19328266249999998 0.6350248796875 0.1850534734375 0.633762396875 0.1745576328125 0.62924575 0.16808536406250002 0.619064690625 0.167612040625 0.6072261671875 0.17019280312500001 0.606321475 0.174325603125 0.6059872578125 0.185790925 0.6173396453125 0.199886996875 0.6252927625 0.19608188124999998 0.6284557796875 0.19518521875
0 0.78677895625 0.0637317140625 0.790512446875 0.07016757500000001 0.7990360375 0.07369498437500001 0.8658947031249999 0.1206393 0.8117488703125 0.06802372500000001 0.7956671484375001 0.054751499999999995 0.7933176734374999 0.0546422734375 0.788497190625 0.0585930234375 0.78677895625 0.0637317140625
0 0.8239755640624999 0 0.8252281 0.00915865 0.828269584375 0.0124311953125 0.8385114093749999 0.0108199140625 0.8448374421875 0.009026584375 0.8435458265625 0 0.8239755640624999 0
0 0.6505864125 0.350683846875 0.6516734046874999 0.3402972375 0.647126371875 0.33486726875 0.6424881906250001 0.332564209375 0.6354701484375 0.33119421875 0.631341671875 0.33830828749999997 0.630224296875 0.34973719999999997 0.6355544875 0.355203578125 0.6410062125 0.3565007453125 0.6505864125 0.350683846875
0 0.24163502656250002 1 0.24283018437499998 0.9903313578125001 0.24238124375 0.9788296234375 0.23310487812499997 0.9742235031250001 0.2287097625 0.9635820234375 0.22298458906250002 0.9716655734374999 0.21521377187500002 0.9692168750000001 0.21072750624999997 0.9617023031249999 0.2218672109375 0.9830944875000001 0.22165452812500003 0.9903905999999999 0.225623375 1 0.24163502656250002 1
0 0.2407206390625 0.8743809609375 0.23737532187500002 0.8815314375 0.2379154109375 0.8899062624999999 0.24174005312500002 0.8932152171875 0.2456558453125 0.8933972640625001 0.248788478125 0.8935429015625 0.2559280515625 0.8907436828125 0.25626227031250004 0.8792783578125001 0.2540343296875 0.874999921875 0.2462331296875 0.8735935250000001 0.2407206390625 0.8743809609375
0 0.2652824796875 0.7043536578125 0.2639288453125 0.696984725 0.2571234890625 0.6883186234374999 0.248569515625 0.6858335140625 0.242935490625 0.6907901578125 0.24106534062499999 0.701140359375 0.2408526546875 0.7084364750000001 0.2445861453125 0.714872334375 0.24684447031249998 0.7181084703125 0.24916356093749997 0.7192599984375001 0.25859184375 0.7186546125 0.26350347812499997 0.7115769546875 0.2652824796875 0.7043536578125
0 0.1751684609375 0.7826176593749999 0.1761339203125 0.7764002546875 0.173966746875 0.7700372140625 0.170955646875 0.7657223671875 0.16152736406249998 0.76632775625 0.1582124296875 0.7724359296875 0.15571103749999998 0.7775382109375 0.1547455796875 0.783755615625 0.15456327812499998 0.7900094265625001 0.156821603125 0.7932455625 0.1646531859375 0.79360965625 0.17107036874999998 0.7886894234375 0.1751684609375 0.7826176593749999
0 0.0453564390625 0.8506863562500001 0.0466493046875 0.8601398937500001 0.0535761953125 0.8646367890625001 0.0569518953125 0.8564440093750001 0.058882812500000006 0.8440092031249999 0.057620331250000004 0.8335133640624999 0.0497887484375 0.83314926875 0.045660271875000005 0.8402633375 0.0453564390625 0.8506863562500001
0 0.3970322296875 0.5967138921874999 0.4016096453125 0.60110155625 0.4063389796875 0.6002777109374999 0.4080875953125 0.59409671875 0.40760827343750006 0.5836372890625 0.403905165625 0.576159125 0.40092445000000004 0.5708019765625 0.39863574218750003 0.5686081453125 0.392400859375 0.5672745671875 0.390773775 0.5692863499999999 0.388994775 0.5765096484375001 0.3887517078125 0.5848480640625 0.390949265625 0.590168803125 0.3970322296875 0.5967138921874999
0 0.4268058671875 0.5438249265625 0.433915059375 0.5420680078125 0.43783085 0.5422500546875 0.44096348281250003 0.54239569375 0.44180740781249994 0.540347496875 0.44421764843749995 0.5383721218749999 0.4452438765625 0.530070115625 0.4439206265625 0.5216588796874999 0.4400959859375 0.518349925 0.43464426093749997 0.5170527578125 0.42681267968750003 0.5166886625 0.42262343593749996 0.525887334375 0.4231635265625 0.534262159375 0.4268058671875 0.5438249265625
0 0.29634898125000003 0.6609182312499999 0.29791529687499996 0.66099105 0.3066211890625 0.6582646484375 0.3100272734375 0.64902956875 0.306324165625 0.6415514046874999 0.297922109375 0.6338547859375 0.29165684375 0.633563509375 0.285057359375 0.6447375578125 0.2871029984375 0.65526980625 0.29634898125000003 0.6609182312499999
0 1 0.8779615374999998 0.9926260359375 0.8684541765624999 0.9840558250000001 0.8459535500000002 0.9732854343749999 0.8356296296875 0.964107553125 0.8339750468750001 0.9645999734374999 0.8487327328125 0.9716849140625001 0.8588853140625 0.9814267046874999 0.8728451093749999 0.9884401546875001 0.8854501656250001 1 0.8954513609374999 1 0.8779615374999998
0 0.8811769 0.8620449390625 0.8699775656250001 0.8664358734375 0.8670347515625 0.8724385578125 0.8639132109375 0.8845724296874999 0.8692626609375 0.890960625 0.88056923125 0.8828909781250001 0.884469153125 0.8757048937499998 0.8811769 0.8620449390625
1 1 0.359375 0.5537622625 0.359375 0.5483788625 0.599765146875 0.5471357921875 0.610758453125 0.5543994578125 0.6147798453125001 0.5547488984375 0.6344424828124999 0.5683906109375 0.64121619375 0.5716113734375 0.657328621875 0.585145853125 0.6677810453124999 0.58110295 0.6798720828125 0.5936088296875 0.6939603828124999 0.604271984375 0.707963015625 0.6122782875 0.7181584296875 0.6265554015625 0.7347848765625 0.64182536875 0.7490016781250001 0.6561024843750001 0.765628125 0.6649586578125 0.77831885 0.680407353125 0.786404465625 0.6864994390625 0.7989666843750001 0.7042555484374999 0.79119688125 0.7178972609375001 0.7979705906250001 0.73242459375 0.8060133734375 0.7443308171874999 0.8090226999999999 0.735752590625 0.8184470874999998 0.738830371875 0.8394644703124999 0.7493148015625 0.8595982890624999 0.75353643125 0.8413760625 0.7574006078125001 0.8354162109375001 0.76959279375 0.8286156375000001 0.7729207921875 0.8410493546875 0.7865625046875 0.8478230625000001 0.7969834578125 0.8384843421875001 0.80963231875 0.8476676921875 0.8166457671874999 0.8602727484375 0.8288022078124999 0.8546984078125 0.8319952390625 0.8401120609374999 0.834052434375 0.832840303125 0.8451087874999998 0.8333543203125 0.8521579812500001 0.8447331390624999 0.8597076093750001 0.8389446265625 0.8669355296875001 0.8441922546875 0.8798703515625 0.8435657031249999 0.8894414312500001 0.831731671875 0.904254725 0.82996455 0.914675675 0.8206258328124999 0.9247034281250001 0.8247757265625001 0.9323602937500001 0.8153085046874999 0.9443380062500001 0.81586535625 0.9512164890625 0.8014503453125 0.9678010171875 0.8022213703125001 0.980628603125 0.8052735312500001 0.975565115625 0.7890754328125 0.9840361062500002 0.7833297546875 0.9950567124999999 0.7850700109375001 0.9979995265625 0.779067325 1 0.773756303125 1 0.359375