0 0.1738129921875 0.1298436546875 0.1754057140625 0.1257303125 0.17426249375 0.11641000625 0.16738841875 0.11166279999999999 0.1560085625 0.112927140625 0.1473646484375 0.11939844531249999 0.1484126015625 0.1279420609375 0.16103095 0.136774721875 0.1701512046875 0.1341868765625 0.1738129921875 0.1298436546875
0 0.2812675109375 0.1509707265625 0.2724196421875 0.14723009375 0.2621695859375 0.1491561859375 0.2616113953125 0.1531545875 0.2639796859375 0.1639133390625 0.2674643578125 0.1666752890625 0.27771441406249997 0.1647491953125 0.282315465625 0.1595143421875 0.2812675109375 0.1509707265625
0 0.1639024234375 0.1687340453125 0.14811205 0.1767866234375 0.15030322499999998 0.194650546875 0.1600903609375 0.197499546875 0.17081675937500002 0.199456915625 0.175976 0.1902236609375 0.175023315625 0.1824567375 0.17294083124999998 0.1740280625 0.1639024234375 0.1687340453125
0 0.0842823625 0.2633932875 0.09047613593750001 0.25404509062499997 0.090653253125 0.2469399203125 0.0972281015625 0.24069849375 0.092613628125 0.23727479375 0.089877684375 0.23206782812500001 0.07999528125000001 0.2284421328125 0.069745225 0.2303682265625 0.069853915625 0.2398034734375 0.07759882500000001 0.260199465625 0.0842823625 0.2633932875
0 0.80251775 0 0.8095120484375 0.009786796875 0.8280383656249999 0.006941184374999999 0.8261464171874999 0.00006589375 0.8261243296874999 0 0.80251775 0
0 0.742797465625 0.0557755796875 0.7398025578125 0.0655556484375 0.7470577046875 0.0734096234375 0.76962688125 0.0693275578125 0.7650942578125 0.05802199375 0.7567093109374999 0.0495062671875 0.742797465625 0.0557755796875
0 0.7959638874999999 0.19000390625000002 0.7988085187499999 0.20464611875 0.80953491875 0.20660348750000002 0.8226027671875 0.2020024984375 0.8284288890625 0.19820608906249998 0.82550240625 0.1914457390625 0.8155247343750001 0.187043353125 0.807711396875 0.1831877796875 0.7959638874999999 0.19000390625000002
0 0.648193415625 0.0111770234375 0.6430073328125 0.00309316875 0.6305929421875 0.0044724484375 0.6216632234375 0.008613678125 0.62092791875 0.01971725 0.638433121875 0.0256451328125 0.64924136875 0.0197206390625 0.648193415625 0.0111770234375
1 0.41875 0 0.41875 0.4890625 0.691967621875 0.4890625 0.6970782296875 0.4781119140625 0.7107861171875001 0.4616306609375 0.72656306875 0.44491952812499996 0.74082914375 0.42443987187500004 0.7478534921875 0.404764796875 0.757150865625 0.39507178125000003 0.754864421875 0.37643116718749997 0.7582269828125 0.3610993125 0.7605684312500001 0.3545409546875 0.7779515265625 0.342375034375 0.8143507 0.3399055171875 0.8413169703125 0.3203766578125 0.8169511140625 0.318360125 0.8029305796875 0.3151941921875 0.7842955765624999 0.30860455781249996 0.7898358921874999 0.30247807187500003 0.7907483140625 0.284269328125 0.7780347 0.274659978125 0.7723722734375 0.2626926609375 0.7644368265624999 0.240743284375 0.7783486703125 0.23447397187500002 0.776075646875 0.2244919109375 0.76955580625 0.20553436249999998 0.757768034375 0.186374825 0.7489067421875 0.1739756359375 0.7550870953125 0.155968884375 0.739269884375 0.14670435312500002 0.733131115625 0.13085357656250002 0.7526785453125 0.1192344671875 0.7646984375000001 0.1060898625 0.8085580421875 0.0618530671875 0.7565992953125 0.0999042125 0.7415576515625 0.105511775 0.7238069046875 0.12322948125 0.708370765625 0.11707171875 0.72104411875 0.1007054046875 0.6979985984375 0.10090400937499999 0.691301640625 0.0890516328125 0.6884570078125 0.07440941875 0.6980401859375001 0.06704648125 0.6920919546875 0.052749085937499995 0.6713060359374999 0.054271196875000004 0.6527663015625 0.048458253125 0.6430060078125 0.0629263625 0.6306734671875001 0.056423779687499995 0.61692531875 0.04692936875 0.6040077453125 0.027108078125 0.604647784375 0.015227812499999998 0.6174864125 0 0.5827121078124999 0 0.5819564953125 0.001216075 0.5755587656250001 0.0003523296875 0.574675553125 0 0.41875 0
0 0.326925425 0.620906046875 0.3217393421875 0.61282219375 0.30999183124999996 0.6196383187500001 0.30247772031250003 0.6267713781250001 0.3061663484375 0.6397452671874999 0.3198058078125 0.63980443125 0.329007909375 0.6293347218750001 0.326925425 0.620906046875
0 0.1966696046875 0.636165184375 0.1917008984375 0.646951825 0.20223676249999997 0.6473558078125 0.2069465 0.651556203125 0.22238264062500002 0.657713965625 0.2335719609375 0.6548962390625 0.231952396875 0.6416924703125 0.22458856093750001 0.6244032484375 0.2101869546875 0.6181305453125 0.20727389375 0.62002875 0.2012706546875 0.63093033125 0.1966696046875 0.636165184375
1 0 1 0.41875 1 0.41875 0.8107957109375 0.41384902031250004 0.8080677765625 0.3915790671875 0.823138475 0.378974140625 0.8229643703124999 0.38526318437499996 0.8143928671874999 0.3721684953125 0.8016767453125 0.36185001250000004 0.8201432578125001 0.3390500359375 0.796696271875 0.3456114625 0.781796290625 0.335075603125 0.78139230625 0.2961176015625 0.7715496859375 0.2660074703125 0.7654477 0.2519869375 0.7622817671875 0.24509944374999998 0.74887600625 0.24685586406249999 0.7289989390625 0.23425093593750002 0.728824834375 0.21226679062499998 0.7462256093749999 0.20887738749999998 0.7442403515625 0.20603275468749999 0.7295981390625 0.20471241562500003 0.7273830015625 0.1976343859375 0.7124238546875 0.17544628281250002 0.719612690625 0.1705728453125 0.7311760234375 0.16210605 0.730542159375 0.1507396125 0.7404650531250001 0.14096589843750001 0.7462746078125 0.12327015781249999 0.7387933421875 0.10455330468749999 0.74008556875 0.105410721875 0.7470758015625 0.0949835484375 0.7561070625 0.074374746875 0.7505240000000001 0.078308921875 0.7398523015625 0.06419312031249999 0.735909675 0.0549091703125 0.754261246875 0.044849650000000005 0.7577407234375 0.035702551562500004 0.7430114578125 0.026473609375000002 0.7361640546875 0.0024069781249999997 0.7451361546874999 0 0.74526366875 0 1
0 1 0.51162116875 0.9867541203125001 0.51671454375 0.9709484374999999 0.5178406875 0.9654033421874999 0.534205021875 0.9748909906249998 0.5363005624999999 0.9894876874999999 0.532159090625 0.9965573421875 0.5282239765625001 1 0.5261600484375 1 0.51162116875
0 0.8699380765625001 0.522134053125 0.8612782734375 0.5199465359375 0.8516488125 0.5235360859375 0.8460168203125 0.5323509296875 0.854153696875 0.537116278125 0.862737275 0.53868234375 0.8746872296875001 0.526645821875 0.8699380765625001 0.522134053125
0 0.8096864937499999 0.5987504515625 0.8202856703125001 0.5893837375000001 0.8129004671875 0.5839049562499999 0.8058201468749999 0.5809120328125 0.795057890625 0.5821077546875 0.7883693921875 0.589150171875 0.7873997046875 0.5949272875 0.7952422734375 0.6041348265625001 0.8096864937499999 0.5987504515625
0 0.8882043781250001 0.55475076875 0.8976920328125001 0.556846309375 0.9103280703125 0.5504029421875 0.9186723234375 0.5431765671875001 0.9064723734375001 0.5394925625 0.8943816281250001 0.5346231343750001 0.8872134124999999 0.5466717578125 0.8882043781250001 0.55475076875
0 0.79537170625 0.639396528125 0.7998159484375 0.641422490625 0.8159921359375 0.6364756093749999 0.825610971875 0.6259579703125 0.8316240703125001 0.620250434375 0.8421470249999998 0.6102623140625 0.8415238796875 0.5995415796875 0.82753969375 0.6074756984375 0.819947084375 0.61398864375 0.8090430281250001 0.6208695015625001 0.799195471875 0.6295227421874999 0.79537170625 0.639396528125
0 0.8681335859375 0.71950266875 0.858036103125 0.7124354234375 0.84862465 0.7109613828125 0.8413263234375 0.7130320937500001 0.8374263046875001 0.72228448125 0.844582821875 0.725898859375 0.8569352437500001 0.7308257656249999 0.8660417453125 0.729814003125 0.8681335859375 0.71950266875
0 0.6943648578125 0.5479401312500001 0.69653291875 0.5382503 0.69659849375 0.5319437125 0.6909452546875 0.5269024250000001 0.6818387078124999 0.5279141921875 0.673636271875 0.5294554312499999 0.6667297140625 0.5415615359375 0.676228021875 0.550585115625 0.6943648578125 0.5479401312500001
0 0.6560944828124999 0.4890625 0.6576355671874999 0.5016264625 0.6674937375 0.4999012171875 0.67335438125 0.492950778125 0.6832710171875 0.4890625 0.6560944828124999 0.4890625
0 0.66510765 0.514654734375 0.668256015625 0.506115828125 0.6658379968749999 0.5000851749999999 0.6459798515624999 0.5092207531249999 0.6369602140625 0.5177820093750001 0.6346503546875001 0.5331569765624999 0.6421880109375 0.5398786624999999 0.6535494390625 0.53672660625 0.665194528125 0.5222042250000001 0.66510765 0.514654734375
0 0.6176143515625 0.51741166875 0.6267209015625 0.5163999015625 0.6362741625 0.51218885 0.6429915656249999 0.50272036875 0.6364053109375 0.4995756734375 0.632712725 0.49683628124999996 0.6218742453124999 0.49741055312500004 0.6146627718750001 0.5070308046875 0.6152725921875 0.512002465625 0.6176143515625 0.51741166875
1 0.41875 0.4890625 0.41875 1 0.7494247484375001 1 0.7496131640625 0.9997611578125 0.7679467343749999 0.9781963625 0.7741672453125 0.960497146875 0.7862590171875 0.9427754859374999 0.7987320015625 0.9281612171875 0.7945820125 0.921693025 0.804277096875 0.911796884375 0.7996591046875 0.89467189375 0.800694375 0.8825881390625 0.8059452046875 0.8706660859375 0.8094640390624999 0.8583064 0.8176009203125 0.8630717953125 0.8283738234375001 0.8688040656249999 0.842883640625 0.8571131484375 0.846402503125 0.8447534593749999 0.8243443828124999 0.8427946984375 0.8260550546874998 0.8293760625000001 0.8368829 0.8218737515625 0.8421443765625 0.8168796921875 0.8315132859375 0.8054622375000001 0.8298362749999999 0.7917901140625 0.84586000625 0.7856003312500001 0.8483985484375001 0.7720897171875001 0.8328871359375001 0.768773625 0.8157306265625 0.7725695828125 0.8143585203124999 0.7613832640625 0.8305347078124999 0.7564363828125 0.8305896671875 0.7432018015625 0.826265953125 0.7216346234375 0.8135324078125 0.7136004078125 0.8050799906249999 0.6994211187499999 0.8076947624999999 0.6865320031250001 0.7860620703125 0.66751788125 0.7837859 0.6558020859375 0.76435320625 0.64788225 0.7562163453125 0.6431169015625 0.7638089546875 0.6366039546875 0.7655958734375 0.62380681875 0.7466311671874999 0.62654378125 0.7445836515625001 0.61669239375 0.7320132046875 0.616829171875 0.7283861609375 0.60778319375 0.7228747249999999 0.59705676875 0.7424492734375 0.5992915109375 0.7397919500000001 0.5844684140624999 0.7277993578124999 0.5687926875 0.710795334375 0.5738315421875 0.6929846890625 0.5928185109374999 0.6708503515625 0.5902382484375 0.6684217125 0.5772795515625 0.652387328125 0.5765412953125 0.65364065625 0.5593939515625 0.645264453125 0.5458361593750001 0.6268014296875 0.5321392078125 0.6063884140625 0.5230684484375 0.5912581390625 0.5228596640625 0.5772393609375 0.5111886718750001 0.5568030640625 0.511569403125 0.5343744390625 0.5134313781250001 0.5284162718750001 0.5059042375 0.5114778078125 0.5046365078124999 0.5066737015625 0.513359371875 0.50020323125 0.5153381046875001 0.49358030781249995 0.5160739328125 0.48242626250000004 0.5072343109374999 0.4897139640625 0.49823555781250006 0.48858880468750004 0.4890625 0.41875 0.4890625