0 0.2708886625 0.4496394453125 0.2608714203125 0.4475881359375 0.2567594625 0.44739372343749995 0.24840421875000002 0.4477875421875 0.2455602796875 0.452386184375 0.2442470140625 0.4602125984375 0.247942371875 0.46906466562500004 0.25550965625 0.4733666953125 0.26618352968750003 0.47150479843750004 0.2811233125 0.4627449390625 0.2796152625 0.45320743593749996 0.2708886625 0.4496394453125
0 0.2602147859375 0.45150134062499997 0.2595581546875 0.455414546875 0.26172283749999997 0.4610388453125 0.26570347031249997 0.4620158984375 0.2704720609375 0.4582971015625 0.28195651875 0.44542962499999994 0.2863537515625 0.43774902187500003 0.280317140625 0.43667476250000004 0.267981265625 0.4360915296875 0.2598660515625 0.4412298 0.25997475625 0.446756890625 0.2602147859375 0.45150134062499997
0 0.3796875 0.480325190625 0.37473382499999996 0.485314353125 0.3713645796875 0.4930435609375 0.37621925312500004 0.501161590625 0.3796875 0.489471940625 0.3796875 0.480325190625
1 0.3796875 0 0 0 0 0.441670125 0.0022981078124999998 0.44482912812500003 0.0192486234375 0.4487859421875 0.040116314062500005 0.4355732484375 0.0596707375 0.43018696875 0.07635860156249999 0.4357090640625 0.09103573125 0.42851448750000004 0.10584418749999999 0.42053727187499995 0.11855141875 0.4250823140625 0.116427571875 0.4439143078125 0.14160200625 0.44825994218750004 0.16627375625000002 0.449426409375 0.19046544375000002 0.44110397656250006 0.20665062500000003 0.443446903125 0.2147884609375 0.4319989015625 0.22622767187499998 0.43175089062499994 0.266998521875 0.4234234609375 0.29786083125 0.4185718109375 0.3310643953125 0.4059423515625 0.339922321875 0.40872770156250005 0.358186103125 0.4048581015625 0.365997825 0.3768288234375 0.37667170156249996 0.3749669265625 0.3796875 0.3736310015625 0.3796875 0
0 0.403698665625 0.43446602343749996 0.395977434375 0.43725636874999996 0.39545212812499997 0.44038693437500004 0.3947954953125 0.44430014062499995 0.3936135578125 0.4513439109375 0.4091647265625 0.45129031406250003 0.4175199703125 0.45089649375 0.4187019078125 0.4438527234375 0.41474390000000005 0.4365659375 0.403698665625 0.43446602343749996
0 0.5813008328125 0.43812985781249997 0.571894978125 0.4447848078125 0.5691823656249999 0.4486008078125 0.5681317546875 0.45486193906250005 0.569508478125 0.46518208281250006 0.584928321875 0.46591112656250006 0.59639015625 0.45935338124999997 0.598360053125 0.44761376249999996 0.59427071875 0.4411096171875 0.5813008328125 0.43812985781249997
0 0.6223255171875 0.5023886609375 0.6256495171875001 0.5072789203125 0.6354041078125 0.5108955140625 0.6449186671875 0.50976765625 0.650715246875 0.5060974625 0.652816471875 0.4935752015625 0.6474364921875 0.48858773749999995 0.6353632703125001 0.4864392203125 0.6263513953125 0.490746246875 0.6240327625 0.49221432500000006 0.6223255171875 0.5023886609375
0 0.5457195859375 0.39700507812499997 0.558449440625 0.3952403890625 0.5598714078125 0.392941065625 0.557598021875 0.381789678125 0.5490027484375 0.3774390453125 0.5390942109375001 0.38091482656250003 0.5377809453125 0.3887412390625 0.540842290625 0.3951967828125 0.5457195859375 0.39700507812499997
0 0.524484946875 0.3691802046875 0.52783156875 0.3677607296875 0.53440729375 0.36396164999999997 0.53277673125 0.35063982656250003 0.5196755203125 0.3484427078125 0.5079736546875 0.3502560015625 0.5048670640624999 0.3564199265625 0.5035537984375 0.36424633906250004 0.5099617671875001 0.36928240625000003 0.524484946875 0.3691802046875
0 0.4448402890625 0.251031346875 0.46203083906250003 0.2597326109375 0.4815852625 0.25434632968750004 0.484691853125 0.24818240625 0.476250528125 0.2367394 0.4572214109375 0.2389951140625 0.4473128734375 0.24247089531250002 0.4448402890625 0.251031346875
0 0.49406568906250004 0.14291965 0.48439718125 0.15113988125 0.48168456718749997 0.1549558828125 0.48063395625 0.1612170125 0.4863852921875 0.1701662859375 0.5056770640625 0.166345290625 0.5176642046875 0.15665698125 0.519240121875 0.147265284375 0.5100108390625 0.1405181265625 0.49406568906250004 0.14291965
1 1 0 0.64464070625 0 0.6256207421875001 0.01345724375 0.6172428765625 0.0201607953125 0.6007271750000001 0.03831235 0.5793115578125001 0.06096534218750001 0.5853029234375 0.0746590671875 0.5850402703124999 0.07622435 0.5783244046875 0.08537303125 0.568370621875 0.10146827968750001 0.5616321328125 0.1169266921875 0.547348984375 0.12177334531249999 0.5459496359375 0.117762934375 0.5409636390625 0.11042754531250001 0.5181078359375 0.1046138328125 0.504436075 0.1181667453125 0.5104500625 0.1255507359375 0.52145005 0.1402701171875 0.5307880375 0.152544365625 0.5305027609375 0.16041938125 0.530480140625 0.16672911562499998 0.5285102421875 0.178468734375 0.5276770375 0.1957840484375 0.5263637734375 0.2036104625 0.52634115 0.2099201953125 0.5278492015625 0.2194576984375 0.5267759671875 0.23202856249999998 0.5223787328125 0.23970916718750002 0.508226909375 0.24377317812500002 0.49317842343749996 0.24700594687500002 0.4954518109375 0.2581573359375 0.5234249375 0.27052379375 0.5246929578125 0.275316846875 0.5232031203125 0.29654536875000004 0.529457140625 0.3086738109375 0.5463624109375 0.325250090625 0.5289726703125 0.33626066718750003 0.550931809375 0.3412431359375 0.5475625640625 0.3489723421875 0.5453300140625 0.36227724375000003 0.5683171421875001 0.367308315625 0.5610759703125 0.3795875625 0.56516530625 0.38609170625 0.5796432421875 0.398608971875 0.5912137796875 0.39757831875 0.60895225625 0.396839284375 0.6059317453124999 0.4148400328125 0.6064978890624999 0.436165759375 0.6042653390625 0.4494706625 0.6007195234375 0.47060197812500004 0.5934783515625 0.482881225 0.5777279875 0.5026466640625 0.5709668765625 0.5244148109375 0.5807440890625 0.521721671875 0.5987904625 0.5067978875 0.617602171875 0.4934879890625 0.63101128125 0.48150036093750004 0.6440898703125 0.4900072125 0.6630737453125001 0.5003709640625 0.6909155453125 0.5135200640625001 0.72162390625 0.515760790625 0.7392310546875 0.515804396875 0.7404990734375 0.52059745 0.7364958203125 0.5259301296875 0.73067661875 0.53591005625 0.732075965625 0.5399204671875 0.7357486984375 0.55508226875 0.728080253125 0.56875 0.7453931265625 0.56875 0.751648603125 0.5653002125000001 0.7655603953125001 0.5564917515625 0.776234271875 0.5546298546874999 0.7757768328125 0.538831221875 0.7942580234375 0.5460158046875 0.782927515625 0.55179090625 0.7770856890625 0.568080565625 0.7757349921875 0.56875 0.8049286296875 0.56875 0.8125852640625 0.5602927625 0.8179878640624999 0.55897049375 0.8321170656250001 0.561216215625 0.8438189312500001 0.5594029218750001 0.8516941124999999 0.5495202031249999 0.8730418640625001 0.5457964109375 0.8865370546874999 0.54564560625 0.8917857062500001 0.5514157109375 0.8882851359374999 0.5599275609375 0.901386346875 0.5621246796875 0.919890159375 0.5629995296875 0.9449558890624999 0.5618180734375 0.9530711015625 0.556679803125 0.9646416390624999 0.555649153125 0.9885706765624999 0.5488920015625001 0.989883940625 0.5410655875 1 0.5432541421875 1 0
0 0.1317294296875 1 0.132387034375 0.996081003125 0.1223697890625 0.9940296937500002 0.10141602031250001 0.9954055609375001 0.101918703125 0.9985847296875001 0.10258985312499999 1 0.1317294296875 1
0 0.18783941875000001 0.9434832390625001 0.1744755546875 0.9428514031249999 0.165332353125 0.9479410703125 0.1613064765625 0.959583484375 0.1706444640625 0.9718577328125001 0.190244134375 0.9538519875 0.18783941875000001 0.9434832390625001
1 0.3796875 0.56875 0.0113698046875 0.56875 0.011309325 0.5691104296875 0.00177214375 0.5765480203125 0.0087688765625 0.59660008125 0.0025330703125 0.6152376640625 0 0.6181315921875 0 0.6427276640625 0.0020486015625 0.6428245203125 0 0.6472195515625 0 0.674364415625 0.001781540625 0.6814655609375 0.0052142421875 0.6918829109375 0.015362814062499999 0.6931515796875 0.012102271874999999 0.70640788125 0.0061291203125 0.7234801796875 0 0.7241546375000001 0 0.75405598125 0.0205618109375 0.7486169109375 0.0404423484375 0.7598119078125001 0.0675188125 0.771347121875 0.06401824218749999 0.779858971875 0.0526877328125 0.7856340734374999 0.0360859515625 0.7919488031249999 0.039124675 0.8047140765625 0.0642991078125 0.8090597140625 0.0773142390625 0.79942000625 0.08448754375 0.8060699609374999 0.1092906203125 0.8064537859375001 0.135687828125 0.8282119421875 0.150057059375 0.8352021140625 0.157864375 0.8442485921875 0.1944780203125 0.8483462171875 0.1993100703125 0.8627739812499999 0.21160070000000003 0.8759766796875 0.22992794062500002 0.8902536390625 0.2256394125 0.903461334375 0.24171588906250002 0.9002771703124999 0.24705062031249997 0.917884103125 0.259363875 0.9247770687500001 0.262031240625 0.933580534375 0.280535053125 0.9344553843749999 0.2879075515625 0.9213934968749999 0.3359604078125 0.9252431109374999 0.3364404703125 0.9347320124999999 0.33486455312499996 0.9441237078124999 0.3487311 0.9479347125 0.3622489140625 0.9414741750000001 0.356126221875 0.9285630921875001 0.359495465625 0.9208338828125001 0.373624665625 0.92307960625 0.3720261265625 0.9387810328124999 0.3796875 0.9407663171875 0.3796875 0.56875
0 0.4081146890625 0.9407194375 0.4128606578125 0.943310375 0.42147855468750006 0.941351275 0.43075308124999995 0.935478965625 0.4337509703125 0.92378795 0.42850231718750004 0.9180178437500001 0.41642909531249994 0.9158693265625001 0.4065205578125 0.9193451078124999 0.40752592343750005 0.92570344375 0.4082686375 0.9336270640625 0.4081146890625 0.9407194375
0 0.4096491890625 0.7278023953125 0.400003303125 0.72971289375 0.3972906921875 0.7335288953125 0.400089384375 0.74154971875 0.40148873281249997 0.7455601296875 0.4072626890625 0.748199671875 0.40570939375000004 0.751281634375 0.4260291546875 0.7475092390625 0.429027040625 0.7358182234375 0.42404104374999996 0.728482834375 0.4096491890625 0.7278023953125
0 0.5758127265625 0.9107832953124999 0.579444621875 0.9014888046875 0.5771486125 0.8966471484374999 0.5661033812499999 0.8945472359375 0.5572228296875 0.8980716203125001 0.55437889375 0.9026702625 0.5538535875 0.9058008265625 0.5533282796875 0.9089313921875 0.5519063125 0.9112307140624999 0.561529575 0.915629946875 0.570912809375 0.9152847312500001 0.5758127265625 0.9107832953124999
0 0.7640479296875 0.88812894375 0.7568520046874999 0.8877887234375 0.73771418125 0.8845173453124999 0.7262523468750001 0.891075090625 0.725813121875 0.9060424812499999 0.745213596875 0.9077485750000001 0.752672178125 0.9065235125000001 0.7614214 0.90378176875 0.7633686749999999 0.8983518828125 0.7640479296875 0.88812894375
0 0.6903902328125 0.8207495687499999 0.6811383265625001 0.8203121437500001 0.6685397984375 0.8212941921875 0.6602932578124999 0.8272151031250001 0.654342728125 0.83797766875 0.6613847078124999 0.8454102640624999 0.6780725703125 0.850932359375 0.69043106875 0.8452058593749999 0.6955936390625 0.839139140625 0.6984602000000001 0.8282307640625 0.6903902328125 0.8207495687499999
0 0.6302321328125 0.71614363125 0.6243268468750001 0.71428673125 0.609300984375 0.711209765625 0.6010544437500001 0.7171306765625001 0.5953665671875 0.726327959375 0.608576484375 0.7340521703125 0.6318488859375 0.7312082265625 0.645104046875 0.7263129703125 0.6483193421875 0.7256761375 0.63882740625 0.7204942625 0.6302321328125 0.71614363125
0 0.634968703125 0.6138170281249999 0.615939584375 0.6160727421875001 0.6135757078124999 0.6301602875000001 0.6215143484375 0.638424125 0.6348782109375 0.6390559609375 0.6462087203125 0.633280859375 0.6539299546875 0.6304905125 0.6547179140624999 0.625794665625 0.6525532296875 0.62017036875 0.634968703125 0.6138170281249999
1 1 1 1 0.56875 0.72754625 0.56875 0.71942220625 0.5736343265625 0.71025638125 0.5850337265625 0.691005446875 0.6133110140625 0.6885328656249999 0.6218714671875001 0.668081778125 0.6264265015625 0.6565973203125 0.639293978125 0.66206338125 0.65611826875 0.6887911093750001 0.6573819421875 0.6797339890625 0.6743084328125 0.6880213640624999 0.6928438140625 0.67741095 0.7128522687500001 0.692414190625 0.7222389671875 0.6775831109375 0.73652591875 0.69081565 0.7379403953125 0.695362425 0.760243175 0.689063159375 0.7607341984375 0.66926870625 0.761376028125 0.656756259375 0.7741949015625 0.6564483609374999 0.7883796515625 0.688248171875 0.8088155374999999 0.7010188625 0.8315071375 0.7103568515625 0.8437813890625 0.7094149421875 0.8555696109375 0.735223384375 0.8623117734375001 0.7464860265625 0.8754658703124999 0.7470974140625 0.8841721296875 0.7574860140624999 0.89018525 0.7647906453125 0.8960525624999999 0.7796851828125 0.8999121703125 0.8033289437499999 0.901030034375 0.8170415406250001 0.9119334125 0.817236328125 0.9292973296875001 0.825437621875 0.935995884375 0.8508294625000001 0.9513957046874999 0.8750619875 0.9675295609375001 0.9040222703125 0.9554883328124999 0.8887745875 0.9784329406250001 0.9151083374999999 0.9820445375 0.911105084375 0.9873772187500001 0.9152061125 1 1 1