0 0.6663945578125 0.2534393703125 0.6700429984375 0.23458105156250003 0.65627033125 0.23397821875 0.6480824015625 0.2392897953125 0.6413379515625001 0.249625775 0.647539903125 0.258815621875 0.6563351125 0.2646343078125 0.662547 0.2659693234375 0.6663945578125 0.2534393703125
0 0.6818940765625 0.1169164203125 0.6829194546874999 0.1249937546875 0.68290951875 0.132848584375 0.7043375546874999 0.139810834375 0.707035334375 0.1356764421875 0.7120127953125001 0.13046059062499998 0.7129535203125 0.1235914953125 0.711405515625 0.1193303265625 0.703750146875 0.11297090937500001 0.6901865296875 0.11084160937500001 0.6818940765625 0.1169164203125
0 0.594200728125 0.0179289375 0.59491253125 0.02829596875 0.6030805875 0.0386940515625 0.6214026796875001 0.0449887953125 0.6294860828125 0.04044045 0.6337418046875001 0.032712396875 0.633542690625 0.026384031250000002 0.6292023171875 0.0191656578125 0.6160568 0.013983426562500002 0.5991781875 0.012713084375 0.594200728125 0.0179289375
0 0.5661776765625001 0.06690518437500001 0.5460885953125 0.06573056875 0.5498964046875 0.08461993749999999 0.5546548812500001 0.08878538281250001 0.5716380171875 0.089292490625 0.579616896875 0.085507378125 0.5819065125 0.0765710859375 0.5661776765625001 0.06690518437500001
0 0.27626011875 0.1915939578125 0.275443790625 0.18199015937500002 0.27172063125 0.17804721875 0.2641697890625 0.17092456875 0.2541202796875 0.1742646765625 0.2530750296875 0.1818970046875 0.259276984375 0.19108685 0.27626011875 0.1915939578125
0 0.189179215625 0.1815218125 0.185968746875 0.1816175390625 0.1765563234375 0.1725234171875 0.164227134375 0.17694498593750002 0.159458725 0.1806343734375 0.1581098359375 0.18270156875000002 0.1582990140625 0.1968847640625 0.1783880953125 0.19805938125 0.18730770000000002 0.18740517343750002 0.189179215625 0.1815218125
0 0.056852870312500005 0.0815847859375 0.068554909375 0.081742615625 0.07053095000000001 0.0750960234375 0.070122784375 0.0702941234375 0.068062090625 0.0619942875 0.055638314062500006 0.0593242578125 0.04589244375 0.06822949687499999 0.0478486125 0.077292565625 0.056852870312500005 0.0815847859375
0 1 0.3484015734375 0.9926906828125001 0.3468307078125 0.9789180156249999 0.34622787499999996 0.9750704609374999 0.3587578265625 0.9804461484375 0.36619870468750004 0.9899630953124999 0.374529590625 1 0.3818666109375 1 0.3484015734375
0 0.95764935 0.3770133109375 0.9703767671874999 0.3852484734375 0.9787638109374999 0.386265259375 0.987369840625 0.37790075 0.98385573125 0.37243134218749996 0.9739206843750001 0.36715338750000004 0.9643938015625 0.36667733125 0.95764935 0.3770133109375
0 0.8144774343750001 0.418527909375 0.82368080625 0.4291484953125 0.8340339562500001 0.4313735203125 0.8428390984374999 0.42933737499999997 0.8398476140625 0.4200518046875 0.8295044015625 0.4099719484375 0.8167670499999999 0.40959161718750003 0.8144774343750001 0.418527909375
0 0.83822489375 0.3929893765625 0.830559590625 0.394484790625 0.8244422890624999 0.4002413734375 0.8243377640625 0.40100460625 0.8305397187500001 0.4101944515625 0.8457459281249999 0.4236765171875 0.8527940171875 0.4189056703125 0.8514550640625 0.41311803437499994 0.8506387359375 0.4035142359375 0.83822489375 0.3929893765625
1 1 0 0.7296875 0 0.7296875 0.36878179843750003 0.7527019296875 0.3793235703125 0.7629604875 0.374456996875 0.776618696875 0.38367789375 0.7840650140625 0.3915637765625 0.8091216187500001 0.3953773703125 0.811411234375 0.3864410796875 0.8199127374999999 0.37883980156249997 0.840096409375 0.387106015625 0.8414552359374999 0.3771839890625 0.8370202734375001 0.3628740171875 0.8508028765625 0.3556220203125 0.862599503125 0.362871446875 0.8703593968749999 0.3684676296875 0.8797916906250001 0.361852090625 0.8961476765625 0.3669385953125 0.9212142171875 0.362897359375 0.9419304499999999 0.359492578125 0.9573655828125001 0.3557385171875 0.9675196171875001 0.351635178125 0.9696001828125 0.34422535 0.9829646859375 0.3400262859375 1 0.33999468125 1 0.3314246953125 0.9985242156249999 0.31979933125 1 0.3179321515625 1 0
0 0.7296875 0.8461044578125 0.7145722515624999 0.8519975750000001 0.7189026875 0.8670707796875 0.7296875 0.8693885765625 0.7296875 0.8461044578125
0 0.6724029453125 0.7863646921875 0.6660964671875 0.77793808125 0.6504622203125 0.7753637765625 0.6462064984375 0.7830918296875 0.6467092546875 0.7949853265625 0.65913303125 0.79765535625 0.6663802343749999 0.799212875 0.669078015625 0.7950784828125 0.6724029453125 0.7863646921875
0 0.7296875 0.6560752125 0.7209379499999999 0.6498702265625 0.7045720265625001 0.6526385515625 0.706936359375 0.66650351875 0.7220479796875 0.6728939875 0.7296875 0.6731221 0.7296875 0.6560752125
0 0.5628936640625 0.8233283765625 0.5517241890625 0.8114995531249999 0.5328794718750001 0.8090209749999999 0.52520423125 0.81837121875 0.5308835578125 0.8313772265624999 0.5456816046874999 0.8400573953125001 0.5573836437499999 0.8402152234375 0.5593596828125 0.83356863125 0.5628936640625 0.8233283765625
0 0.4913126734375 0.840158259375 0.4770273171875 0.835516759375 0.4689439125 0.8400651046875 0.4681077125 0.8461709671875 0.47534497968749995 0.8555833156249999 0.485593603125 0.8585715734375 0.49378153124999996 0.8532599953125001 0.4913126734375 0.840158259375
0 0.338514515625 0.9597451078125001 0.3395299578125 0.9756772734375 0.352257375 0.9839124343750001 0.362097834375 0.98209879375 0.36501459999999997 0.9685831046875 0.352600759375 0.95805824375 0.338514515625 0.9597451078125001
0 0.1300676921875 0.863091225 0.1493007 0.8860813656250001 0.16256067968750001 0.8826455328125 0.143944884375 0.8629308265625 0.1469661765625 0.8486519046875 0.13890264375 0.8374905890625 0.123372921875 0.8341530515625 0.1188135625 0.8363159734375 0.121377009375 0.8565093062500001 0.11348278281249999 0.8752408468749999 0.1300676921875 0.863091225
0 0.0447438421875 0.8557537828124999 0.0554205 0.8478342796874999 0.06869041718749999 0.836543615625 0.0513090515625 0.8233797765624999 0.035465753125 0.8223319390625001 0.0307919328125 0.8331129234375 0.0285969078125 0.8491408125 0.033345443749999995 0.8611610859375001 0.0447438421875 0.8557537828124999
1 0 0.4796875 0 0.738425265625 0.000050834375 0.7385082453124999 0.015665209375 0.7567922109375 0.030672306249999996 0.7639459125 0.042941878125 0.8066533281249999 0.055091825000000004 0.780193734375 0.0935029984375 0.7876630921875 0.0954790390625 0.7810165 0.1185496671875 0.7993315187500001 0.139967765625 0.8141486 0.1501218 0.8100452593749999 0.158593496875 0.8260084750000001 0.1814650109375 0.837995128125 0.18882667656250002 0.83093458125 0.2092094609375 0.8455291593750001 0.21719827500000002 0.8338892171874999 0.21638194843749997 0.82428541875 0.24040323749999998 0.8278765109374999 0.25158265156250004 0.831850503125 0.25448948125 0.8261896453125 0.26908841250000004 0.8285414484375 0.2616122875 0.84422005625 0.2735134390625 0.8507062515625 0.2874852203125 0.85763745 0.29687777187500003 0.8824412328125 0.316444228125 0.8874320125 0.3193510578125 0.8817711546875 0.33001778125 0.8817064796875 0.324965603125 0.8641210734375001 0.324567375 0.8514643453125 0.341530640625 0.8676811140625 0.36840908125 0.9048855 0.367771996875 0.9173197281250001 0.379464096875 0.9253323874999999 0.3968156546875 0.9620607187499999 0.391469775 0.9310553500000001 0.42633703125 0.9566197937500001 0.399249540625 0.9209418718750001 0.3848795296875 0.9013539421874999 0.3673936390625 0.8889533374999999 0.356557609375 0.859125153125 0.3506891046875 0.8319359484375 0.3585634578125 0.82891406875 0.3672442046875 0.84335081875 0.3844363921875 0.8423314625 0.39013559062500003 0.8396278109375 0.411877203125 0.8443003609374999 0.4452262625 0.8420391453124999 0.470292803125 0.8379979093750001 0.4706810953125 0.85850946875 0.488804071875 0.8584758484374999 0.4899637859375 0.8422254562500001 0.48065588750000005 0.8323681031250001 0.48573787187499995 0.8263890171874999 0.5006305078125 0.8421607828125 0.5099185328125 0.8677277968749999 0.51290008125 0.8848681984375 0.555183846875 0.9418830171875001 0.5354580203125 0.8991445500000002 0.53630415625 0.88518385625 0.5435712328125 0.8710317125 0.5289921718749999 0.8529702499999999 0.5223820546875 0.8389785046875 0.51297956875 0.822029553125 0.5064640390624999 0.81512940625 0.51601079375 0.7998958015625 0.5334319046875 0.7816403171875 0.5471099828125 0.775151553125 0.5554970265625 0.7761683406250001 0.5663529281249999 0.7902868625 0.6035296703124999 0.7912053546875001 0.6128673765625 0.777498215625 0.5981738546875001 0.768054815625 0.60886045 0.75228048125 0.6174664796875 0.743915971875 0.6340315171875 0.7474760125 0.6162419859375 0.7295102734375 0.6286757 0.7243254718750001 0.654339584375 0.73926933125 0.6644737468749999 0.750875653125 0.70720541875 0.781273046875 0.66521535625 0.7376781921875001 0.6483566171875 0.7206981890625 0.64962085625 0.7036845656249999 0.6640306078125 0.6918531703124999 0.662388015625 0.6805004046875001 0.6749361890625 0.666697540625 0.6810733609375 0.6452312953125 0.693840521875 0.6220471359374999 0.6853688250000001 0.60608391875 0.6866429984375 0.5812154640625 0.70261069375 0.565790409375 0.7048057187500001 0.5497625187499999 0.7296875 0.545391940625 0.7296875 0.52148789375 0.692934375 0.5197118328125 0.6664541625 0.4951641765625 0.6673589765625 0.4796875 0 0.4796875
0 0.8076805765625 0.8590985703125 0.8194513499999999 0.8636586062500001 0.827761375 0.85326231875 0.8260310140625 0.8457840828125001 0.8102466312500001 0.8403614703125001 0.8001982078125 0.8471632453125 0.8076805765625 0.8590985703125
0 1 0.7963250609375001 0.98857115 0.7912208406250001 0.9807855249999999 0.8018885828125001 0.992421234375 0.8074348406249999 1 0.8118799953125 1 0.7963250609375001
0 1 0.7593320171875 0.99824126875 0.7548806703125 0.9835373328125 0.7415687296875 0.9785656906250001 0.7577584187499999 0.9891209 0.7711939937500001 1 0.7706364718750001 1 0.7593320171875
0 0.95558976875 0.724395390625 0.9454269656250001 0.7181505093749999 0.934183765625 0.719794965625 0.9367117671875 0.7315053140625001 0.9506180750000001 0.74058506875 0.9635574874999999 0.7350944625 0.95558976875 0.724395390625
0 0.9771011265624999 0.7367364000000001 0.9911720828125 0.7361032546875 0.9889141968749999 0.7224205375 0.97983188125 0.7082864109375 0.9683312265625 0.7017540062500001 0.957750653125 0.7086168078125 0.9586706453125 0.7220119171875 0.9771011265624999 0.7367364000000001
0 1 0.6949785546875 0.9911992703125 0.6966282453125 0.9954812109375 0.7146951687499999 1 0.716074571875 1 0.6949785546875
0 0.821971103125 0.7748636 0.8067269421875001 0.7654963234375 0.7851859390625 0.7618820562499999 0.786781196875 0.7703464296875 0.793253428125 0.7847699796875001 0.814593759375 0.7885059265625 0.821971103125 0.7748636
0 0.7968215984375 0.7674283046875 0.813673715625 0.7751108062500001 0.8232101374999999 0.76710151875 0.818117896875 0.7527165734375 0.7949688703125 0.7507871421875001 0.7968215984375 0.7674283046875
1 1 0.4796875 0.7296875 0.4796875 0.7296875 0.7237939671875 0.729830828125 0.72359066875 0.7537775875 0.729752309375 0.76700860625 0.74376295 0.7660504203125 0.76081518125 0.7854686937500001 0.749760603125 0.7915081359375 0.735830746875 0.8117112859375 0.739157490625 0.811196465625 0.722803865625 0.8209794109375 0.711708878125 0.8278038296875 0.7121603593750001 0.8376964749999999 0.720377528125 0.8607104375000001 0.7232931812500001 0.88734555 0.7198807046875 0.9154535718750001 0.71576960625 0.9408984828125 0.7009342953125 0.9589788031250001 0.6895921734374999 0.9789372000000001 0.6745929125 0.98042280625 0.663745140625 0.9899229843749999 0.6647716796875 0.9971652734375 0.6521155015625 1 0.6520730859375 1 0.4796875