0 0.21213143906249998 0.41875 0.211454571875 0.41237717968750004 0.202074225 0.39879590781249996 0.19237794375 0.39265415312499996 0.1871955640625 0.40389526875000004 0.1933502015625 0.41875 0.21213143906249998 0.41875
0 0.28337873125 0.246627609375 0.29615569375 0.25237005 0.3117679125 0.26091580625 0.31617740781250003 0.27302751718749996 0.3208689375 0.2681916546875 0.3118750328125 0.24293396875 0.295317728125 0.233453775 0.2889475515625 0.2237100796875 0.279251271875 0.217568328125 0.273298721875 0.22890927031250002 0.2716878734375 0.2333458203125 0.28337873125 0.246627609375
0 0.26987363750000004 0.18073405781250002 0.2588458296875 0.1853342796875 0.25992921875 0.20104792656249998 0.26741939531250003 0.212760325 0.2801624609375 0.2089947125 0.28621941562500003 0.202924928125 0.2849950078125 0.19568506562500002 0.2805150046875 0.1878102484375 0.26987363750000004 0.18073405781250002
0 0.3504540578125 0.23370566875 0.3567903359375 0.23394130937500002 0.36277678281250003 0.2321084171875 0.36410831093749996 0.22136644374999997 0.3625340734375 0.21205804687500002 0.3570384734375 0.2074856859375 0.3482167703125 0.20651526250000002 0.3420893046875 0.2168219390625 0.3411781171875 0.2253955546875 0.34684863125 0.2310021828125 0.3504540578125 0.23370566875
0 0.21501585625000003 0 0.21461800156250002 0.0029319734375 0.22168783749999998 0.016812731249999997 0.2295644578125 0.016848715625 0.245633628125 0.009481165625 0.2519699046875 0.00971680625 0.2630316109375 0.0146246375 0.2669529734375 0.0098886046875 0.2604880578125 0 0.21501585625000003 0
1 0 0 0 0.41875 0.1538971734375 0.41875 0.1497365390625 0.41509227343750005 0.1590151953125 0.4001493890625 0.1723196171875 0.38574163281249996 0.19080370625 0.3833457578125 0.2104416921875 0.3924266375 0.2291345921875 0.40057308125 0.25500445 0.40461844375 0.2801407484375 0.395018690625 0.2454152890625 0.380494853125 0.21968645000000003 0.36797570468749996 0.20841592968749997 0.352525553125 0.2160498375 0.33251116718749996 0.21965797812500001 0.31196165625 0.2279210390625 0.3003212296875 0.22778545 0.262289021875 0.22985325156249997 0.24193916718750003 0.21732171249999999 0.2329940984375 0.21984375156249997 0.219983934375 0.24032241718749997 0.22472809531250001 0.2590858265625 0.2286376453125 0.2629732890625 0.21439355937500001 0.252227515625 0.202046209375 0.234654615625 0.19586846875 0.250199040625 0.185398121875 0.2587414234375 0.1800631171875 0.25958210312499996 0.1757263984375 0.254123115625 0.157409090625 0.2509746390625 0.1387923 0.24439565000000002 0.1185062875 0.23308851874999997 0.11680108281249998 0.220382065625 0.1068217484375 0.21548443750000001 0.0778622953125 0.22525122656250002 0.0797671546875 0.2277732640625 0.0667569921875 0.2247291953125 0.0534113609375 0.221651228125 0.030557676562500004 0.208628840625 0.0280178625 0.207824771875 0.0186096375 0.2066730640625 0 0 0
0 0.9595976515625001 0.3896794421875 0.9510552687499999 0.39501444375 0.953154253125 0.4074256375 0.9587542578124999 0.417269159375 0.96722613125 0.41617105 0.9707271531250001 0.41360337812500003 0.9730037656250001 0.40379584062499996 0.9704844421875001 0.3935530078125 0.9595976515625001 0.3896794421875
0 1 0.29024331875 0.9993075328125001 0.2894078578125 0.9878959953125002 0.28243149375 0.9739285234375 0.2789572421875 0.9624803765625 0.2857258234375 0.962898 0.30681046093750003 0.9699000421874999 0.30167511406249997 0.9870892140624999 0.2962762671875 1 0.2979924359375 1 0.29024331875
0 0.961498678125 0.2985363296875 0.956493928125 0.2875587140625 0.9460979859374999 0.277279896875 0.9436125593749999 0.276545115625 0.931289834375 0.2781423640625 0.9268437281249999 0.2797756 0.9257576234375 0.2873149453125 0.92880169375 0.30066057968750004 0.9408084859375 0.30650285 0.9535854484375001 0.3122452890625 0.9592925734375001 0.304106975 0.961498678125 0.2985363296875
0 0.8115425234375 0 0.8101263390625 0.00847399375 0.8094605765624999 0.0138449796875 0.8130999015625001 0.0260565171875 0.8274877125 0.027362409375 0.83466466875 0.02326133125 0.8389019624999999 0.011085778125 0.8373277250000001 0.00177738125 0.8353437703125 0 0.8115425234375 0
0 0.8121914265625 0.011377135937500001 0.8071866765625 0.0003995203125 0.7956341218749999 0.00189694375 0.7902768265625 0.0121037921875 0.7987120890625 0.024750625000000002 0.8082334546875 0.029858114062500003 0.8121914265625 0.011377135937500001
1 0.51875 0 0.51875 0.41875 0.79217786875 0.41875 0.79471069375 0.41527955624999996 0.7997181578125 0.40300417499999996 0.8110985124999999 0.37721949062500004 0.8207975062500001 0.360108246875 0.8151297062499999 0.33124862187500004 0.8236748015625001 0.3026606234375 0.832916846875 0.3014626859375 0.848320253125 0.299466121875 0.8589982296875001 0.29279736875 0.8550456859375 0.264772353125 0.837895840625 0.2331732578125 0.8375487234375001 0.207851728125 0.8411202531249999 0.20104716250000002 0.8342958406250001 0.183963778125 0.8228137953125 0.18122430625 0.826351428125 0.16491168750000001 0.8343690640625001 0.1564738875 0.827756178125 0.1266798234375 0.8295785546874999 0.10953259687500001 0.823244990625 0.086043959375 0.8254171984375 0.0709652625 0.817472784375 0.0519131734375 0.795349371875 0.0420975109375 0.7922008953125 0.023480718749999997 0.7828205484375 0.009899445312500001 0.7815212046875001 0 0.51875 0
1 0 0.41875 0 1 0.0664055234375 1 0.06728596249999999 0.9917157187499999 0.0747422421875 0.9939200640625 0.0838798796875 0.9874509687499999 0.0819558109375 0.9760740390624999 0.076635128125 0.97253594375 0.0664479984375 0.9727994421874999 0.06700935625 0.962157296875 0.0713510546875 0.9552529015625 0.083149034375 0.950552853125 0.0931612484375 0.9492550874999999 0.102228378125 0.947022884375 0.11024601406250001 0.9385850828125001 0.1132561859375 0.9424226640625001 0.11766568125000001 0.9545343734374999 0.129813490625 0.9519028578125 0.1345755296875 0.9428301031250002 0.13118163124999999 0.9274159390625 0.1180887359375 0.929113015625 0.11763449687500001 0.9217733234375001 0.11956128125000001 0.9098972562500001 0.12761552812500002 0.8877145093750001 0.12968332968750002 0.8673646546875 0.1255192578125 0.8520503187500001 0.1220209515625 0.83136499375 0.1304223171875 0.834503778125 0.1553809859375 0.8471227531250001 0.17529829375 0.8625090609375 0.18212541875 0.8563394484375 0.1619287890625 0.8346477171875 0.14071656562499998 0.816258440625 0.1332968984375 0.80030915 0.1296575734375 0.7880976125 0.140755890625 0.7792604984375 0.1509430203125 0.7789969984375 0.1595559125 0.7694251031249999 0.16081693125000002 0.7629200203125001 0.1558826890625 0.7477055125 0.147481325 0.74456673125 0.14282640468750002 0.735657646875 0.131589784375 0.7297155500000001 0.1278799515625 0.7217409046875 0.132187753125 0.7053284578125 0.12445215312499999 0.6968186875 0.120321978125 0.6910124015625 0.1188182484375 0.6774671140625 0.118434521875 0.6658905296875 0.1327518234375 0.6714333140625 0.13705962656249998 0.6550208671875 0.12092266250000001 0.6433723140625001 0.123233171875 0.6430728312499999 0.1227450390625 0.6262250859374999 0.1254053796875 0.6279941328125 0.13198708125 0.6250271484375001 0.136749121875 0.6159543953125001 0.13353013593750002 0.6015744953125 0.13034505000000002 0.5967026484375 0.11851317343750001 0.5918946453125 0.1136806234375 0.6052042921874999 0.11049553593749999 0.600332446875 0.1143124890625 0.5903252546875 0.10706773750000001 0.5754102296875 0.0998229859375 0.5604952062499999 0.0942229796875 0.550651684375 0.08487653125 0.5465784640625 0.0848060203125 0.5508153546875001 0.08088466093749999 0.5555513890625 0.0731490609375 0.54704161875 0.0779111 0.5379688640625 0.07416736874999999 0.5204861671875001 0.0788589 0.51565030625 0.0799111046875 0.4986029046875 0.05866226875 0.4939585734375 0.056388370312500005 0.48051311406249997 0.044172765625 0.464128525 0.051770062500000005 0.457859084375 0.038572759375 0.45428500468750005 0.02303105 0.44150235625 0.006823575 0.4340906953125 0.0082256125 0.419111828125 0.0067090703125 0.41875 0 0.41875
0 0.10420672499999999 0.4933398734375 0.1016846875 0.5063500359375 0.1068643515625 0.5183619187499999 0.1155450390625 0.527806125 0.1308779359375 0.53004645625 0.1393159140625 0.51944029375 0.1426786296875 0.502093409375 0.12125487812499999 0.4964148125 0.11386910937500001 0.4899735734375 0.1094935109375 0.487369915625 0.10420672499999999 0.4933398734375
0 0.29016350625 0.8063998328124999 0.2695804328125 0.7963845125000001 0.25908008437499996 0.7808345375 0.2520441453125 0.7764618296875 0.2429770171875 0.7786940343750001 0.2446556609375 0.7932735890625 0.2445851515625 0.79751048125 0.23999802812499998 0.8076175031249999 0.24622718593749998 0.8258349812500001 0.2552238046875 0.8278396718749998 0.26016076093749996 0.8198011812499999 0.2614922890625 0.8090592093750001 0.264293646875 0.8023544703125 0.2842814640625 0.8135038828125 0.29016350625 0.8063998328124999
0 0.45756164374999997 0.8608015421874999 0.46144639375 0.8698104546875001 0.468203009375 0.8678777343749999 0.4790559046875 0.8622432468749999 0.4944227 0.87399163125 0.503244403125 0.8749620515625001 0.500970503125 0.8615165921875001 0.4809826859375 0.8503671796875001 0.4677853859375 0.8467930984375001 0.45434265937499996 0.8464216453125001 0.45756164374999997 0.8608015421874999
0 0.2692875421875 0.9063440734375 0.2643505859375 0.9143825624999999 0.2675695703125 0.9287624609375001 0.2790516171875 0.9315019296875 0.283322809375 0.9288344296875 0.2843750140625 0.9117870296875001 0.27929975625000003 0.9050463078125001 0.2692875421875 0.9063440734375
0 0.1976779859375 0.776110109375 0.19624205156250002 0.7815809234375 0.202262396875 0.789256084375 0.21819054843750002 0.7903623203125 0.229743103125 0.7888648984375 0.230549884375 0.775020125 0.219838009375 0.7721808265625001 0.20751528437500003 0.7737780781250001 0.1976779859375 0.776110109375
0 0.7352205453125 0.9704037078125001 0.727552740625 0.980910040625 0.73213715 0.9940560156250001 0.73591749375 0.9977937687499999 0.7428490249999999 0.9968953156249999 0.7504463234375001 0.9906258765625001 0.7466320828125 0.9773800703125 0.7352205453125 0.9704037078125001
0 0.6606265734375001 0.9155992046874999 0.659469959375 0.9273754453125 0.66524488125 0.9382532328125001 0.6784421828125 0.9418273140625001 0.68019405 0.9289169796875001 0.6805099828125 0.921477459375 0.6744896390624999 0.913802296875 0.6680489546875 0.9082954984375 0.6606265734375001 0.9155992046874999
0 0.5481780281249999 1 0.548173565625 0.9999331046875 0.5510454328125001 0.9889914734375 0.55402170625 0.9833210015624999 0.55314713125 0.9781496718749999 0.5493667890625 0.9744119187500001 0.5386549125 0.9715726203124999 0.5290969359375 0.980210078125 0.5392474546875 0.993691521875 0.5415007546874999 1 0.5481780281249999 1
0 0.6167973734375 0.9170525156250001 0.6187214421875 0.9284294453124999 0.6310075562499999 0.9405771390624998 0.6389180718749999 0.9501211749999999 0.6499092703125 0.9592659015624999 0.66177504375 0.97358195625 0.6674116609375 0.9696805328125 0.647705878125 0.9415835453125 0.6347906125 0.9210618937499999 0.6243241609375 0.9150199687499999 0.6167973734375 0.9170525156250001
0 0.7277127546875001 0.8096652765625001 0.7228829203125 0.7997219265625001 0.712591384375 0.7947142671874999 0.70453985 0.7936440171875001 0.7040490015625 0.8000492703125 0.6966971296875 0.8031160843749999 0.702996796875 0.81709666875 0.7131134171875 0.8210700625000001 0.7221805453125001 0.8188378578125001 0.7277127546875001 0.8096652765625001
0 0.7532409250000001 0.7418831140625001 0.7466958328125 0.7311051562499999 0.7445602375 0.73243890625 0.7361222625 0.7430450687500001 0.7340205640624999 0.7538868703125 0.7390958234375 0.76062759375 0.748687696875 0.7614981875 0.7529955 0.7450857421875 0.7532409250000001 0.7418831140625001
0 0.8823271734375 0.616286521875 0.8822227671875 0.6110153625 0.8720017406250001 0.6017708109375001 0.859679015625 0.6033680609375 0.8545671453124999 0.6103722828125 0.8585563015625001 0.624652353125 0.8649969859375 0.6301591546875001 0.875254625 0.6256587625 0.8823271734375 0.616286521875
1 0.51875 0.41875 0.51875 0.9532960765624999 0.5208732 0.9548525625 0.5439444124999999 0.942349665625 0.5615539234375 0.9347824609375 0.5787769921875 0.9388916671875001 0.5890007328125 0.9248832218749999 0.6027254953125001 0.9083071046875 0.6112705921874999 0.8797191046874999 0.6356340046875 0.893472175 0.6311906125 0.8718524140625 0.6480299546875 0.8643850359374999 0.6561180984374999 0.8517103406250002 0.6648326828125001 0.870662603125 0.6782415125 0.8615260031249999 0.6829696546874999 0.8429451984374999 0.68024151875 0.8221600453125 0.665994721875 0.8123803671875001 0.66494523125 0.80617476875 0.6724381218750001 0.7946341718750001 0.6846225421875001 0.7782577093749999 0.6965954375 0.774591928125 0.709197484375 0.7793001015625001 0.730971065625 0.7870472328125 0.7476693890625 0.788053640625 0.75943075625 0.7970985359375 0.7777399296875 0.7936683953125 0.7758158609375 0.782291465625 0.759853809375 0.7716771781249999 0.742630740625 0.767567971875 0.7329344609375 0.7614262203125 0.733532428125 0.7370391265625 0.7299242875 0.7575886374999999 0.72183885625 0.7470103359375 0.7252354703125 0.7391715031249999 0.7274781859375 0.7198559140625 0.73511209375 0.6998415296875 0.737741253125 0.6688495296875001 0.7359582015624999 0.6489988140625 0.7411405828125 0.6377576984375001 0.7322849796875 0.6272792234375 0.7313765046875 0.612599840625 0.74061855 0.611401903125 0.7641073875 0.61998364375 0.790851821875 0.6292003375 0.8182593062500001 0.656299040625 0.8268383 0.63721909375 0.803981328125 0.6137583125 0.8039135343750001 0.594742209375 0.789525721875 0.5934363171875 0.779127065625 0.6064104968749999 0.7611338265625001 0.6024011203125 0.756445009375 0.583983984375 0.7700626515625 0.5853897046875 0.7741250296875 0.572179884375 0.7697860421875 0.55583128125 0.7599175609375 0.5254022640625 0.7562782374999999 0.5131907250000001 0.742381271875 0.5054795796875 0.7298497359375 0.4965345109375 0.7267012578125 0.4779177203125 0.7444856859375 0.47138478125 0.7233439703125001 0.4487586125 0.71382531875 0.4203981265625 0.7138351375 0.41875 0.51875 0.41875