0 0.0611174125 0.3232201015625 0.07068857656250001 0.326418603125 0.07953846875000001 0.326566871875 0.08983090625 0.3328156078125 0.1049682484375 0.3358311671875 0.1148589359375 0.3336031765625 0.120504215625 0.3269769953125 0.120342890625 0.31951701250000003 0.1145362875 0.3186832109375 0.1091709828125 0.3231045171875 0.103604803125 0.32328745937500003 0.0932728171875 0.3202603421875 0.0824599828125 0.31519973437500004 0.077654625 0.31521129062500003 0.0662422921875 0.3177820515625 0.0611174125 0.3232201015625
0 0.2752009109375 0.3542421796875 0.27652168125 0.349661046875 0.273597040625 0.3406817265625 0.268590809375 0.3364549203125 0.26406542499999996 0.3342616046875 0.2580183984375 0.3324110578125 0.250891025 0.3361583875 0.2524948953125 0.3497188390625 0.2589436734375 0.3600461171875 0.26931520781249996 0.3598516140625 0.2752009109375 0.3542421796875
0 0.26097007968749997 0.256782925 0.2638520421875 0.24863740625 0.25992615625000004 0.238812725 0.2493537453125 0.2347688609375 0.24282586875 0.2308848234375 0.23501677187499997 0.2283602984375 0.2296910171875 0.22955998593750002 0.22700992968749997 0.2419438703125 0.23205571093750002 0.24294905625 0.24355026875000002 0.25428151875 0.2533618578125 0.2584967640625 0.26097007968749997 0.256782925
0 0.2687188390625 0.3878294390625 0.26767804375000004 0.3902056984375 0.27368552031250004 0.395277865625 0.2836157578125 0.38982825625 0.292264775 0.3857381578125 0.304437928125 0.3829960140625 0.3132878203125 0.38314428125 0.3247397015625 0.3773519046875 0.330944928125 0.366315975 0.318290925 0.3670246265625 0.30383530468750003 0.370280921875 0.28917881093750003 0.369298853125 0.2762843828125 0.3689907625 0.2608670671875 0.368180075 0.24569017343750002 0.368386134375 0.2640321296875 0.3781761421875 0.2687188390625 0.3878294390625
0 0.475123546875 0 0.4749818765625 0.0009009921875 0.4820728265625 0.0207217390625 0.4962484734375 0.01967031875 0.49288253437499996 0.0054358890625 0.4855324921875 0 0.475123546875 0
0 0.5128408703125 0.1101721828125 0.517843975 0.0940525296875 0.5172413515625001 0.0813374375 0.5026639546875 0.07391213125 0.49613920624999996 0.090374553125 0.493978515625 0.10157030625 0.50323015625 0.11019530156249999 0.5128408703125 0.1101721828125
0 0.527104996875 0.1637169 0.5176951578125 0.1679783828125 0.515814440625 0.1769692625 0.5275494234375 0.18931846875 0.5388004296875 0.179287728125 0.5337119734375 0.16115770000000001 0.527104996875 0.1637169
0 0.5921860078125001 0.21866537187500001 0.5847391125 0.22783919375 0.592669984375 0.24104532031249998 0.6027615468749999 0.2430556921875 0.60968804375 0.23506999999999997 0.6028770671875 0.213044378125 0.5921860078125001 0.21866537187500001
0 0.7143525921875 0.155806134375 0.7114706281250001 0.16395165312499999 0.7196814734375 0.17495290624999998 0.733896671875 0.1706798671875 0.7345357171875 0.1598268796875 0.7283669125 0.1472947296875 0.7238810796875 0.14187979687500002 0.7175145296875 0.1454557421875 0.7143525921875 0.155806134375
0 0.5754271359375001 0.34773618906250003 0.5682175375 0.337580296875 0.55984849375 0.3394655203125 0.552441146875 0.3454177234375 0.5553262375 0.357618665625 0.5605333437500001 0.36608383437500003 0.5716657015625 0.3657179484375 0.5754271359375001 0.34773618906250003
0 0.53186878125 0.414306084375 0.5345134484375 0.42549027968750003 0.5408404499999999 0.42513595468750004 0.5469270265625 0.42376488281249997 0.5500889640625 0.413414490625 0.547684721875 0.403247040625 0.5398756265625 0.40072251562499994 0.5342698968749999 0.40412707656249997 0.53186878125 0.414306084375
1 1 0.509375 1 0.232620534375 0.98166034375 0.218745871875 0.9595538265624999 0.20659116718749998 0.9391302765624999 0.20155367656249998 0.9283569921874999 0.19327144999999998 0.9100972609374999 0.1973846625 0.8944395203125 0.195557234375 0.8876316703124999 0.19387806875 0.8734133468749998 0.1778046515625 0.8665201421875001 0.1418758078125 0.8438110015625 0.11700600937500001 0.8447758249999999 0.1414194484375 0.8433364078124999 0.1556654375 0.8390545750000001 0.174835325 0.8322862749999999 0.16993454375 0.8140660937499999 0.1708261390625 0.80605925 0.1844097078125 0.79484779375 0.19121882968749998 0.7739860734375 0.2012726890625 0.7660552015625 0.1880665640625 0.7564049374999999 0.19131130000000002 0.7383460828125 0.199662878125 0.7207285234375 0.21326956406250003 0.7094775171875 0.2233003078125 0.6908160375 0.21893679375000002 0.6835304671875 0.2355705984375 0.6685148984375 0.2432366421875 0.6545765484375 0.224958346875 0.6400387046875 0.21431142187500002 0.5906976593750001 0.1750936015625 0.6348742734374999 0.22297109218750003 0.6422847468749999 0.23736534687500002 0.66206925 0.253255825 0.6578269671875 0.26920409375 0.6400054078125 0.2582259578125 0.643012275 0.2811085015625 0.632041240625 0.28893436875 0.6178260453125001 0.293207409375 0.609335225 0.28441102812499996 0.595841303125 0.2917343046875 0.5998889640625 0.3122405875 0.5963679546874999 0.33123909218750003 0.6119465984375 0.3395097609375 0.60698304375 0.35240779375 0.5992166234375 0.36700811093749997 0.5810786671875 0.3818029265625 0.5691854875000001 0.38234019375 0.5501222593749999 0.3694999546875 0.5352253390625 0.3675011390625 0.506030996875 0.35587214375 0.4958207875 0.3635266265625 0.4869313453125 0.36659998125 0.487053121875 0.3772815828125 0.512604678125 0.39722748124999996 0.535389790625 0.3953075828125 0.5580167078125 0.406274159375 0.5579376093749999 0.41271739687500003 0.5536953265625 0.42866566562499997 0.5481322750000001 0.4491950671875 0.5445717140624999 0.47141518906249996 0.548335653125 0.509375 1 0.509375
0 0.012460520312499999 0.509375 0.00524856875 0.5182593984375 0.0036478265625 0.525045403125 0.006252942187500001 0.539451215625 0.014582435937499999 0.5407876125 0.0237123015625 0.53873100625 0.022707928125 0.5175391859375 0.0130382609375 0.509375 0.012460520312499999 0.509375
1 0 1 0.359375 1 0.359375 0.509375 0.105598521875 0.509375 0.0945874078125 0.51312744375 0.0873018375 0.5297612484374999 0.078254196875 0.5457210765625 0.0699278296875 0.5647311390625 0.0461778921875 0.5422376 0.0611997140625 0.575264475 0.051029053125 0.579697340625 0.044102554687500004 0.5876830328125 0.03917855 0.5973594484375 0.032930646875000004 0.5912705359375 0.0206752671875 0.580109459375 0.009944659375000001 0.5889520734375 0.0029390609375000002 0.603381003125 0.0085479171875 0.6203229 0.012635128125 0.637607565625 0.026451703124999996 0.64520425625 0.0187643828125 0.653361334375 0.0107970875 0.663723284375 0.0014299265625 0.6851096046875 0 0.6849042734374999 0 1
0 0.6099600578125 0.5125404875 0.6063331890625 0.5171371421875001 0.5996916875 0.524932646875 0.5956423796875 0.53970355 0.5994125125 0.5476734875 0.607468275 0.5458588343749999 0.6197166140625 0.54183986875 0.6338983828125 0.5499842375 0.6265944390625 0.539030671875 0.612269403125 0.5183197140625 0.6179227640625 0.5183061140625 0.6099600578125 0.5125404875
0 0.359375 0.964591940625 0.36401385625 0.963546984375 0.3666991109375 0.9629421015624999 0.374754875 0.9611274468750001 0.37720380468750003 0.9555362515624999 0.36820274999999997 0.9374056640624999 0.359375 0.92605330625 0.359375 0.964591940625
0 0.6481353421875 0.9171837609375 0.64922021875 0.9257585859375 0.6497859234375 0.9281509265625001 0.655016846875 0.9383115765625 0.6594922703125 0.9373034359375 0.66665295 0.9356904109374999 0.6690553515625 0.9338893546874999 0.6723993687500001 0.9280965328124999 0.670136553125 0.9185271671875 0.661325290625 0.9091730296874999 0.64964265625 0.9155843328125 0.6481353421875 0.9171837609375
0 0.8108962171874999 0.5529495734375 0.7983650296875 0.55577236875 0.7959626265625 0.5575734234375 0.7962491578125 0.5827066046875 0.7996899125 0.5932705125 0.8076060890625001 0.6028262796874999 0.8156618515625 0.601011625 0.8256938999999999 0.583633153125 0.8281428328124999 0.578041959375 0.81650305 0.5567261140624999 0.8108962171874999 0.5529495734375
0 0.7672844203125 0.63962669375 0.772372078125 0.63722075625 0.7741120390625 0.616670628125 0.763274284375 0.6027334359375 0.7546062890625 0.6059458890625 0.7503671859375001 0.6119403390625 0.7474958171875 0.6277057828125 0.7489566062499999 0.629896496875 0.7672844203125 0.63962669375
0 0.658822471875 0.8706803437499999 0.6731438296875 0.8674542921875 0.6791731015625 0.8610565843749999 0.6823738515625 0.842697171875 0.6752597 0.8405200562499999 0.661504046875 0.8461384484375 0.653448284375 0.8479531031249999 0.6495385625 0.8513535828125001 0.6517548515625 0.8647130875 0.658822471875 0.8706803437499999