0 0 0.3909536703125 0.0000521375 0.3911192578125 0.0009535546875 0.397915909375 0.008878971874999999 0.40145093593750003 0.0168837328125 0.3993372765625 0.0178111578125 0.3900880125 0.029764965625 0.37652029531250003 0.015584285937500001 0.378295 0 0.381456471875 0 0.3909536703125
0 0.0157936734375 0.29241673437500004 0.0369983578125 0.2873804078125 0.03779310625 0.27338260000000003 0.0195567109375 0.26581690468749997 0.0145735703125 0.2657257703125 0.0043159265625 0.27209233125 0.0040245625 0.2786411625 0.0118706359375 0.287824878125 0.0157936734375 0.29241673437500004
0 0 0.106195640625 0.0089230953125 0.11442474375 0.026894137499999998 0.11249335468749999 0.029571060937499997 0.10644016249999999 0.0231297875 0.096604121875 0.01239476875 0.09437374375 0 0.092543084375 0 0.106195640625
0 0.1467848125 0.2355989421875 0.152191990625 0.23388978749999997 0.15304007343749998 0.23028920937500003 0.1508132015625 0.21849619687500002 0.1425430859375 0.21111277031250003 0.125632146875 0.2085434390625 0.11622258593749998 0.21130942031250002 0.10750241875 0.22177219843749998 0.1090398953125 0.2258684171875 0.12054365468749999 0.2301469046875 0.1360497921875 0.23336856250000002 0.1467848125 0.2355989421875
0 0.1481909296875 0.277435678125 0.13575974531249999 0.2824064546875 0.141776978125 0.29404278281249996 0.145143296875 0.29568638593749996 0.1600927171875 0.2959597921875 0.165923940625 0.2924503484375 0.1718345046875 0.28329221875 0.165525909375 0.27820472343749997 0.1481909296875 0.277435678125
0 0.36735031875 0.51558551875 0.368119059375 0.517633625 0.38102761875 0.5212597890625 0.39388284375 0.5144887234375 0.39587036875 0.5007387359375 0.38794495156250003 0.49720370625 0.37095466718750003 0.5002830625 0.36735031875 0.51558551875
0 0.4780162 0.25158108437500004 0.47013084687499995 0.25796843125 0.474659509375 0.261317034375 0.48520390625000004 0.2707309015625 0.4990375546875 0.275210203125 0.50210125 0.2622031171875 0.505570715625 0.256503428125 0.50027585 0.2473776703125 0.49239049687499997 0.2537650171875 0.4780162 0.25158108437500004
0 0.6109903515624999 0.2920497296875 0.6063489125 0.28466486562500004 0.5923350515625 0.28095068749999996 0.5795606015625 0.285519678125 0.5887981421874999 0.29145176093749997 0.6014377093750001 0.2964855375 0.6109903515624999 0.2920497296875
0 0.6716584265625001 0.1112361296875 0.68515374375 0.1036066484375 0.6760964203125 0.09690944375 0.66512414375 0.0938272046875 0.6520567015625 0.0951250578125 0.64417135 0.1015124046875 0.6560226046875 0.11440805624999999 0.6716584265625001 0.1112361296875
0 0.7043541718749999 0.2568731296875 0.7087247234375 0.24734782656249998 0.6992616296875 0.233343221875 0.6865546234375 0.233110828125 0.683603703125 0.250154175 0.69534218125 0.2590135671875 0.7043541718749999 0.2568731296875
0 0.7548914437500001 0.3267629703125 0.761087396875 0.33206311093749996 0.7599386515625 0.3414552328125 0.7750338171875001 0.340578675 0.783752815625 0.335167096875 0.7879431515624999 0.32640691718750003 0.7819274171874999 0.32034165312499996 0.7697610609375 0.3178138890625 0.762596578125 0.32114074531250003 0.7548914437500001 0.3267629703125
0 0.8121874296874999 0.3860185546875 0.8230922640625 0.39390217656250004 0.8284766781249999 0.384587521875 0.8266966124999999 0.3785997203125 0.8152511265625 0.3730114671875 0.80898773125 0.3725127078125 0.8021162437499999 0.379110703125 0.8049101734375 0.38530915 0.8121874296874999 0.3860185546875
0 0.8973331625000001 0.525699025 0.8831844156249999 0.5315876125 0.8881188484375 0.5422436140625 0.8890652671874999 0.5472556453124999 0.9000375437500001 0.550337884375 0.9078554531249999 0.548751921875 0.9154478125000001 0.5390934359374999 0.91254110625 0.528858728125 0.8973331625000001 0.525699025
1 1 0 0.7075487109375 0 0.7417464953125 0.007820892187500001 0.7293324812499999 0.0108596359375 0.728476728125 0.0235228953125 0.7420627140625 0.033568703125 0.73469590625 0.0512997109375 0.7301904703125001 0.07042778125 0.7286812890625 0.081350146875 0.7264744656250001 0.11780967656250001 0.7221271375 0.1498116515625 0.7250791781249999 0.16888400625 0.7166310656249999 0.19120575 0.7167217328125 0.2088810390625 0.7220165984375 0.21800679375 0.7421810828125001 0.21818347187499998 0.7394778203125 0.22966031406249998 0.7428577375 0.2424010359375 0.7388476171875 0.25039609375 0.72384311875 0.268947940625 0.74601321875 0.283184940625 0.7665834703125001 0.29066901562499997 0.7794928046875 0.2764972578125 0.7953541749999999 0.281397853125 0.7926509125 0.2928746953125 0.8004467156249999 0.30492776093749996 0.8053137046875 0.3203851453125 0.8018221328124999 0.3397238625 0.7849701234375 0.3570892953125 0.7640173296875 0.3647744921875 0.7603455390625 0.3848783328125 0.7511091140625 0.41506195 0.8080413109375 0.367500678125 0.8221226156250001 0.366413475 0.8386827484375001 0.3818926078125 0.8776606421875 0.40604223125 0.9145201437499999 0.41209527343749996 0.921910178125 0.41684094062500004 0.9310128359375 0.432375790625 0.9080555421875001 0.46211636718750004 0.88613421875 0.4784285625 0.858197159375 0.48867549375 0.803224128125 0.5053437421875 0.859188915625 0.5025251703125 0.8828228625000001 0.49700215625000005 0.8962728484374999 0.48053503124999997 0.919433584375 0.472506003125 0.9399806109375 0.45751340625000003 0.952146965625 0.46004116875 0.9517644234375 0.47521044375 0.9573976156249999 0.4964449828125 0.9811664468749999 0.481319203125 1 0.46813916562499996 1 0
0 0.3113455703125 0.8024832203125 0.317856625 0.7974154734375001 0.319005371875 0.7880233515625 0.3049915078125 0.784309171875 0.3011162734375 0.7827014625000001 0.293433246875 0.774684659375 0.2744628453125 0.77395350625 0.2694388640625 0.7817379156250001 0.2750941640625 0.7893334265625 0.28451192187499996 0.7945003859375 0.2896940140625 0.79958988125 0.27236879531249997 0.8144492968750001 0.276830015625 0.822599284375 0.293321590625 0.8067640984375 0.3113455703125 0.8024832203125
0 0.153991875 1 0.1689382609375 0.9871808515625 0.1768910546875 0.9759921203124999 0.18198247812499999 0.9634063265625 0.1676081796875 0.96122239375 0.15794276093749998 0.961621940625 0.157334665625 0.9687186921875 0.15868685625 0.981038121875 0.14244294062500001 0.9913067999999999 0.13843282343750002 0.9993018578124999 0.141793046875 1 0.153991875 1
0 0.1721754640625 0.7567144328125 0.16559696875000002 0.7665835640625 0.166543390625 0.7715955953125 0.181864109375 0.778791559375 0.1898622375 0.7764404734375 0.1922050640625 0.7664938765625 0.18654976406249998 0.7588983671875 0.1721754640625 0.7567144328125
0 0.3236678 0.7456534859375 0.3170218609375 0.7603240015624999 0.3143186 0.77180084375 0.326777946875 0.77759974375 0.3331762265625 0.7684957359375 0.3360597046875 0.7562537703125 0.33738866875 0.7460965265625 0.33286000625 0.7427479234375001 0.3236678 0.7456534859375
0 0.478460709375 0.722605578125 0.4746529171875 0.7161964843749999 0.4678035359375 0.70915545 0.4569440359375 0.7101094734375 0.4547814265625 0.7192909453125 0.4529792515625 0.7269421734375 0.45917520625 0.732242315625 0.46525838437499994 0.7335061984375 0.4762981 0.7317870531249999 0.478460709375 0.722605578125
0 0.49139662343749996 0.8392575984375 0.500521390625 0.8411534203125001 0.511380890625 0.8401993984375 0.515143346875 0.837770846875 0.51581888125 0.8258727109375 0.5106367921875 0.8207832156249999 0.5015120265624999 0.8188873937500001 0.49011187500000003 0.822136784375 0.4847949 0.8266500562499999 0.4833531625 0.8327710390625 0.48364615468750005 0.836042178125 0.49139662343749996 0.8392575984375
0 0.4752883453125 1 0.47581061093750004 0.995729975 0.47373755156249997 0.9864710359375 0.465626646875 0.9847858625000001 0.45965624531250004 0.9875582421875 0.45708786718749994 0.9894323171874999 0.45379861874999994 0.9943668812500001 0.450163059375 1 0.4752883453125 1
0 0.5543246843749999 0.883632021875 0.5585603546875 0.8837094859375 0.5647109718750001 0.8801719828125 0.565499284375 0.872310109375 0.56425986875 0.8640269406249999 0.558356909375 0.8619979375 0.5492321421875 0.8601021140625 0.5401527125000001 0.8670439375000001 0.5379901031250001 0.8762254109375001 0.5378098859375 0.8769905343750001 0.54317219375 0.8813149062499999 0.5543246843749999 0.883632021875
0 0.7813381921875 0.8770259296875 0.7829601484375 0.8701398234375001 0.7801662203124999 0.8639413781249999 0.771942540625 0.858219940625 0.762277121875 0.8586194890625001 0.7508095296875 0.8666702624999999 0.75306280625 0.875164078125 0.7555637421875 0.8780913874999999 0.767730096875 0.88061915 0.776381653125 0.88000895625 0.7813381921875 0.8770259296875
0 0.851227290625 0.8963619484375001 0.8552153015624999 0.9020059187499999 0.8649934968749999 0.9056426328124999 0.8762134296875 0.9031583640624999 0.8824314906249999 0.8948194796875001 0.8844138812499999 0.886403128125 0.8831744687499998 0.878119959375 0.8701744687499999 0.874616428125 0.8605090499999999 0.8750159734375 0.8504831968750001 0.8769457656250002 0.8492216734374999 0.882301625 0.8481403703125 0.8868923625 0.851227290625 0.8963619484375001
0 0.625021965625 0.8092357343750001 0.6165052953125001 0.8002431609375 0.602964640625 0.7990349968749999 0.596093153125 0.8056329890624999 0.5957780515625 0.8160008796874999 0.6029878671875 0.82151166875 0.616641296875 0.82675609375 0.62285935625 0.81841720625 0.625021965625 0.8092357343750001
1 1 0.65 0.44261089374999996 0.65 0.443198821875 0.6510740562499999 0.4395944734375 0.6663765125000001 0.4390625 0.668635034375 0.4390625 0.71512651875 0.44304295 0.7104315546875 0.455772065625 0.6970249203125001 0.46685711406249997 0.70414341875 0.4745401421875 0.7121602234375 0.4825161609375 0.723448165625 0.50065291875 0.7232035484375 0.5111298734374999 0.7374188 0.5215614984375 0.74279640625 0.54075745 0.75160008125 0.55733969375 0.7534401859375001 0.5713535546874999 0.757154365625 0.560899825 0.7654157859375 0.5560560625 0.7724350734375001 0.5572954765625 0.7807182421875 0.5590081 0.791507425 0.5490275828125 0.8022748640625 0.5465045390625 0.8129865828125 0.5617124828125 0.8161462859374999 0.5722789875000001 0.8119211234374999 0.58225950625 0.8011536875 0.5906180703125 0.7972723562499999 0.6002381546875 0.788035165625 0.6200875359375 0.7985797328124999 0.6339665140624999 0.811896678125 0.634980378125 0.812107325 0.6444655796875 0.8124729015625001 0.64870125 0.812550365625 0.6645172875 0.8086133156249999 0.6683471875 0.8013833828125 0.6818878390625001 0.802591546875 0.695788928125 0.8022694640625 0.7107492125 0.8109956734375 0.70876681875 0.8194120250000001 0.715142990625 0.8239470453125 0.7333925234375 0.8277386874999999 0.7555172906250001 0.8331380421875 0.766196571875 0.8329491421874999 0.779804665625 0.829355921875 0.7929848843749999 0.8320943312500001 0.8098147843750001 0.8283679296875001 0.8175873609375 0.817944321875 0.83482303125 0.8215253171875 0.8410864265625001 0.8220240765625 0.85063906875 0.81758826875 0.8729440531249999 0.8222225 0.8876113453125001 0.827677571875 0.8804700875 0.8534811 0.8884007734375 0.8559313968750001 0.8987417296875 0.843633715625 0.9098035531249999 0.8282755421875001 0.9309365656249999 0.8198252203124999 0.9459863984375 0.81011101875 0.9530381046875 0.8027479015625 0.966578759375 0.803956065625 0.9772580390625001 0.8037671640624999 0.9902801468749999 0.79363166875 0.9978050640625 0.78877456875 1 0.7878968937499999 1 0.65