0 0.0156996703125 0.3051063390625 0.013945990624999998 0.3099811265625 0.011315475 0.317293309375 0.026428967187500003 0.3237348828125 0.038970203125000005 0.3233497765625 0.0429687078125 0.32062107968750003 0.044285809375 0.3095055109375 0.0377150453125 0.305407525 0.0313079984375 0.303649834375 0.020629584375000003 0.3007203484375 0.0156996703125 0.3051063390625
0 0.1665182375 0.3200846109375 0.171444465625 0.330617578125 0.1808640375 0.330523771875 0.1849171140625 0.3285751765625 0.1880970359375 0.3141450140625 0.18015828750000001 0.30546354062500003 0.1689850390625 0.310432134375 0.1665182375 0.3200846109375
0 0.4296875 0.110471625 0.42599185625 0.106640740625 0.41733998281250007 0.10273695468749999 0.4112057953125 0.104879753125 0.40457677187499996 0.11492062968750001 0.4092301421875 0.121553109375 0.41771830000000004 0.12311659999999999 0.4296875 0.1219996828125 0.4296875 0.110471625
0 0.6124020609375 0.0369360796875 0.6085163875 0.026306010937500002 0.5948254515625 0.025228021875 0.5878689968749999 0.0305883125 0.5863336078125 0.038583490625 0.5915326984375 0.0530169484375 0.60308795 0.053509040625000004 0.6090584203125 0.0490259484375 0.6124020609375 0.0369360796875
0 0.554705453125 0.15538749062499999 0.5432047718749999 0.1556754953125 0.519381146875 0.159469 0.527923875 0.1618125875 0.5065633625 0.1708725765625 0.5181731890625 0.172144765625 0.528797028125 0.17429415312500002 0.5464318968749999 0.17186335 0.5565645890625 0.1669918578125 0.554705453125 0.15538749062499999
1 0.656352721875 0 0.654908484375 0.0007767546875 0.6353016515625 0.004961953125 0.6310811703125 0.019489217187499998 0.6461400921875 0.0251506921875 0.6534239796875 0.024470990625 0.6409882031249999 0.0413352515625 0.6323326421875001 0.052350425 0.6194602859375 0.0629739046875 0.6202242953125 0.07389527500000001 0.60811595 0.09544012187499999 0.610244259375 0.1258639375 0.60443381875 0.14760628125 0.5999367906249999 0.1731520140625 0.60195595625 0.202015634375 0.6041388375000001 0.2332195484375 0.6051757062500001 0.24804140624999998 0.5851868671875 0.2467659234375 0.5678794328125 0.2538773140625 0.5750504890625 0.266556375 0.5899456953125 0.2698775578125 0.604895471875 0.2739788359375 0.5757599265625 0.276697646875 0.5549488203124999 0.278639653125 0.5672098218749999 0.30419197656249997 0.5768476796875 0.3072185625 0.6001801578125 0.29640417812500003 0.6156247703125001 0.2926073796875 0.6379638937500001 0.31250811093749997 0.6440398234375 0.324504175 0.6451312640625 0.3401061328125 0.65662825625 0.354737084375 0.6689438296875 0.38106950624999997 0.6809882515625001 0.3890625 1 0.3890625 1 0 0.7028631203125 0 0.7011840640625 0.0035252187499999997 0.68568529375 0 0.656352721875 0
0 0 0.6940934203125 0.0040292078124999995 0.6951987828125 0.015639032812500002 0.696470971875 0.0100542515625 0.6914957890625001 0.0162975828125 0.6909131875 0.041434625 0.690923071875 0.0409434765625 0.6839021921875 0.0228174625 0.6793121156249999 0.009017381250000001 0.6766739312500001 0.0080896578125 0.6634122671875 0.002282903125 0.6702356515625001 0 0.6710331171874999 0 0.6940934203125
0 0.10743724218749999 0.64628965625 0.0971408359375 0.6488208546875001 0.090020665625 0.6518408499999999 0.087281003125 0.6575928359375001 0.08859441875 0.6613962250000001 0.0908938171875 0.6643224156249999 0.10042253125 0.6657888062499999 0.1086924 0.6642319046875 0.11471744375 0.6605289109375001 0.11203604062500001 0.6521420359375 0.10743724218749999 0.64628965625
0 0.144245328125 0.8430783953125001 0.133839775 0.8440494000000001 0.12567905 0.8471664953125 0.1210765671875 0.8562330734374999 0.1266613453125 0.86120825625 0.136190059375 0.862674646875 0.14988099531250001 0.8637526359375001 0.1520203640625 0.8494195734375001 0.150488659375 0.84249579375 0.144245328125 0.8430783953125001
0 0.1913719390625 0.94782218125 0.18556887187499999 0.9397266078125 0.17472674375 0.934456828125 0.15879098125 0.9312327453125 0.162021790625 0.9325016406250001 0.1528750828125 0.9364959359375 0.1502991359375 0.9445882140624999 0.156047634375 0.9519036906250001 0.1646449375 0.9550273781249998 0.18030783749999998 0.9543509703125 0.1913719390625 0.94782218125
0 0.21251120625 0.725996275 0.207308428125 0.7264817765625 0.20226937031249997 0.729307571875 0.1993114203125 0.7319391671875 0.1975031703125 0.7360338578125 0.1978306015625 0.74071444375 0.190983290625 0.747634928125 0.198376321875 0.748515421875 0.2079050359375 0.7499818125 0.21820144218749998 0.7474506125 0.2212139640625 0.7455991171875 0.2228585 0.7391641328125 0.22236735312499997 0.7321432531250001 0.219027396875 0.7293141625 0.21251120625 0.725996275
0 0.2699275796875 0.63348229375 0.26948731875 0.6421604703125 0.28060230625 0.6513307390625 0.2899673046875 0.6504568374999999 0.2950609375 0.6484111390624999 0.2965963265625 0.6404159593750001 0.29583231875 0.629494590625 0.2925469375 0.627445596875 0.2778700203125 0.6272448078125 0.2699275796875 0.63348229375
0 0.24088643125 0.6974371359375 0.23261656249999998 0.6989940375 0.22982232812499997 0.703965925 0.22609668125 0.710595109375 0.23069548125 0.716447490625 0.23710252812500002 0.7182051828125 0.24126474843749998 0.71781678125 0.25156115625000003 0.7152855812500001 0.252437996875 0.7128481890625 0.2521651359375 0.7089476984375 0.2493745890625 0.6990006265625001 0.24088643125 0.6974371359375
0 0.3299597265625 0.59333196875 0.3306145921875 0.60269314375 0.3412384328125 0.60484253125 0.34918086875 0.5986050421875 0.35400164218749997 0.59265885625 0.35334677812500004 0.58329768125 0.3426683640625 0.5803681968750001 0.33642503281249997 0.5809507984375 0.32941400625 0.5855309906249999 0.3299597265625 0.59333196875
0 0.377578215625 0.4805321484375 0.3767559484375 0.483749640625 0.377192525 0.4899904234375 0.38173675 0.49506270625 0.39252430625 0.4995523890625 0.40188930312500004 0.49867848437499995 0.40785977500000004 0.4941953921875 0.40912230625 0.482299725 0.40578235312500005 0.479470634375 0.3951585109375 0.477321246875 0.3857935140625 0.47819515 0.377578215625 0.4805321484375
1 0.4296875 1 0.4296875 0.5707489703124999 0.42054629375 0.5707453765625 0.4000626203125 0.577367971875 0.38883480000000004 0.5815564656250001 0.3761261640625 0.5945202375 0.3581638625 0.5922704546875 0.348413175 0.60260263125 0.3394847546875 0.60971731875 0.3273255234375 0.6155631093749999 0.31686908593749996 0.6008350546875001 0.303894959375 0.5800604203125 0.28346954687500003 0.5725441531250001 0.28647838124999997 0.585611615625 0.30158818906249996 0.6069721484375 0.304160446875 0.6137988265625001 0.3054156046875 0.631741078125 0.30628875624999996 0.6442226421875 0.30738019687499996 0.6598246 0.2939584375 0.677566059375 0.30310145781250003 0.688490725 0.3039746125 0.7009722890625 0.2868891515625 0.6962851125 0.26388779218749997 0.6968611250000001 0.2561636421875 0.706219003125 0.253314834375 0.71041079375 0.25429713125000003 0.7244525546875 0.2569785359375 0.7328394312500001 0.23742627343749997 0.737804728125 0.2321106671875 0.7516489937499999 0.23090270937500001 0.7643247609375 0.22257458125000001 0.7800205218749999 0.2160001296875 0.7908414968749999 0.20548174531250002 0.8051712625 0.205478059375 0.8200902218749999 0.2101314296875 0.8267227015625 0.20257099531249997 0.838420875 0.1815961734375 0.8380225875 0.1715180515625 0.8436741781249999 0.185590990625 0.8502128531250002 0.2048121359375 0.855485925 0.212969175 0.8672877890624999 0.209516390625 0.8778174625 0.2023379609375 0.89497631875 0.20780990937500002 0.9133102671875001 0.20797362656249999 0.9156505609375 0.2009043421875 0.9343696140625 0.1959161671875 0.9528944656250001 0.1898911234375 0.956597459375 0.169953171875 0.9710210312499999 0.17766994687499998 0.9915010703124999 0.19908503125000002 0.9832211812499999 0.20921772343749998 0.9783496875000001 0.21064397031249998 0.9687943125 0.22088580468750002 0.965483015625 0.2258666078125 0.9767960828125 0.221209553125 0.9850825624999999 0.2365959046875 0.9954246250000001 0.237538003125 1 0.4296875 1
0 0.4732234015625 0.5592574609375001 0.49173510781249996 0.5543892625 0.4940381921875 0.54239649375 0.4791975609375 0.5398554093750001 0.46873743437500004 0.5400463156249999 0.46501179062500003 0.5466755 0.460463878125 0.556522175 0.4732234015625 0.5592574609375001
0 0.5744752249999999 0.3890625 0.572498709375 0.391385059375 0.6016851421875 0.40436530781249996 0.6085833375 0.41314388125 0.6086379109375 0.413923978125 0.6138369984375001 0.4283574359375 0.6304313109375 0.42602373125000004 0.63892315625 0.4126682640625 0.623645946875 0.40388639687500005 0.5787040328125 0.3890625 0.5744752249999999 0.3890625
0 0.8509935140625 0.3890625 0.8579309109375 0.39929807031250003 0.8571086421875 0.4025155625 0.8529427343750001 0.41782292343750005 0.8574869609375 0.42289520625000004 0.8763260984375 0.42270759687500004 0.8831734093750001 0.4157871109375 0.8797825703125 0.3972589640625 0.8741432171875001 0.3915036828125 0.8710604796875 0.3890625 0.8509935140625 0.3890625
1 1 1 1 0.45871738124999994 0.9855187703125001 0.4564888390625 0.9724318140625 0.4490729671875 0.963732740625 0.4145511671875 0.9534835312500001 0.44770038124999995 0.9254431125 0.4511021890625 0.9196909296874999 0.4587056734375 0.9000877812500001 0.4479719125 0.8830568921874999 0.44406483437500005 0.8709559203125 0.4357717640625 0.8523896421875001 0.4398598625 0.84007038125 0.42844640156249997 0.8201361140625 0.42795101406249997 0.8058957734375 0.43399100781250005 0.7953810765625 0.4334018140625 0.7910514531249999 0.4463688828125 0.7673369703125 0.45172258125 0.751728640625 0.4531790875 0.7428547921875 0.46107387031249997 0.73803770625 0.452101096875 0.7422581859375 0.437573834375 0.727966959375 0.4279147703125 0.7177796953125 0.43200616406250003 0.702502484375 0.42322429843750003 0.6866212953125 0.4207803125 0.6619790890624999 0.41287234999999994 0.6579768953125 0.430520003125 0.6743492328125 0.43998486718749996 0.6874361890625 0.4474007390625 0.684037978125 0.4587105109375 0.6738507125 0.46280190625 0.666843371875 0.4524631375 0.6467490765624999 0.4347084984375 0.6465816734375001 0.44728716406249996 0.6547932859375 0.459869125 0.6631686140624999 0.4747913796875 0.6638234781250001 0.48415255312500005 0.6536907859375 0.4890240453125 0.6447660515625 0.4812197734375 0.6328833656249999 0.47604709375 0.624831784375 0.4807243859375 0.6159033640625 0.487839071875 0.59010776875 0.49338697187499997 0.5709375125 0.5038129546875 0.5518763984375 0.5157991328125 0.5397171671875001 0.5216449234375 0.5364900453125 0.5054570703125 0.530959834375 0.501261984375 0.519513728125 0.5023300890625 0.513816115625 0.51071366875 0.5065868015625 0.5121734703125 0.5053862171875 0.49501131718749997 0.47461719375 0.45940823281250004 0.46519393906250006 0.47442099843749996 0.470283884375 0.4872942578125 0.47800066093750004 0.5077743 0.49305589687499995 0.5283547328125 0.5057025890625 0.5444487812500001 0.5136959125 0.5539103515624999 0.5018058546875 0.578575590625 0.49041431874999997 0.58042379375 0.491505759375 0.59602575 0.48219533437499995 0.59767975 0.45541744375000004 0.5891858890625 0.4421630875 0.5943486828125 0.4296875 0.60305875625 0.4296875 0.62070185625 0.4347081109375 0.6225260109375 0.42982907968750006 0.642611059375 0.4307568046875 0.655872721875 0.4296875 0.6556220578125 0.4296875 0.9296898640624999 0.432931584375 0.9414790406249999 0.43807610312499995 0.9551324000000001 0.4422346359375 0.9696629578125 0.4598112453125 0.981371015625 0.4805095203125 0.992787771875 0.48961715781250004 1 1 1