0 0.1944468921875 0.227848265625 0.2003611375 0.234352225 0.2138487140625 0.23245586093749998 0.21651875 0.21783380624999998 0.2071841734375 0.21199261875 0.193266853125 0.21134257031249998 0.186426196875 0.21266811562500001 0.186704478125 0.220025121875 0.1944468921875 0.227848265625
1 0.51875 0.3390625 0.51875 0 0.41456143125 0 0.41144568125000003 0.0029168140624999997 0.392600415625 0.0130232265625 0.3717332453125 0.022565185937500003 0.3509083484375 0.036163009375 0.3371601125 0.051736429687499995 0.324919496875 0.0572161578125 0.320269828125 0.075329625 0.31153408437499996 0.0882583171875 0.30695133750000003 0.0934494546875 0.286235634375 0.09818081875 0.2512397890625 0.086793396875 0.21886467812500002 0.09474030781250001 0.24095415468749998 0.10575990937499999 0.25293411250000003 0.1139572359375 0.267989196875 0.1270571109375 0.2605673328125 0.13064683906250002 0.2530785453125 0.147158896875 0.261486709375 0.1608295890625 0.2624307390625 0.17403414374999998 0.26186715 0.1973323890625 0.2465514078125 0.19790956875000001 0.24504379062499998 0.2080032578125 0.2442441921875 0.2280003640625 0.24830562031249998 0.250163334375 0.25208876875 0.2649693 0.23973895937499998 0.279315490625 0.2511799796875 0.2938328671875 0.25115532812499997 0.3108110609375 0.22861145624999998 0.31422324218750003 0.212563040625 0.3218752 0.17238845 0.3390625 0.1843693578125 0.3390625 0.21789607656249999 0.33064334375 0.2340290359375 0.33110311875 0.2571118453125 0.3213708875 0.2693278109375 0.332869353125 0.2586959546875 0.3390625 0.51875 0.3390625
0 0.52215114375 0.1402921078125 0.542218715625 0.1507472546875 0.5509544625 0.13781856406249998 0.5583763265625 0.13422883593749999 0.5514511296875 0.127442646875 0.53531816875 0.126982871875 0.5202384343750001 0.13086119062499998 0.52215114375 0.1402921078125
0 0.6201042828125 0.1765346484375 0.6355045703125001 0.1840692015625 0.647593721875 0.183400065625 0.6473154437499999 0.1760430609375 0.6419824046875 0.16727491875 0.6296572453125 0.1646429140625 0.6258917171875 0.170871009375 0.6201042828125 0.1765346484375
0 0.8204911484374999 0.21468279531249998 0.8124458046875 0.216480840625 0.8036255140625 0.22129779843750003 0.7992365078125 0.2257342109375 0.7972991453125 0.23328148906249999 0.808849359375 0.23893240468750002 0.8241651031250001 0.2383552234375 0.8266836718749999 0.2285437609375 0.82780381875 0.21995952968750002 0.8204911484374999 0.21468279531249998
0 0.846677290625 0.2899334921875 0.8563993390625001 0.2942652234375 0.8660791140625002 0.29454108749999997 0.8718665484375 0.28887744843749996 0.8657162921874999 0.27907234999999997 0.855951975 0.2706847515625 0.85104868125 0.26446301875 0.84693795 0.2762564359375 0.8460115406250001 0.2840859421875 0.846677290625 0.2899334921875
0 0.734186828125 0.11617839375000001 0.729022875 0.1236337171875 0.7355606015625 0.13192936093750002 0.7523170390624999 0.13418081875 0.7615247999999999 0.12785440625 0.75922461875 0.11993294531250001 0.756149490625 0.11503039531249999 0.746039971875 0.1122081203125 0.734186828125 0.11617839375000001
1 1 0.3390625 1 0 0.76598665 0 0.7655051625 0.006834818750000001 0.7664914625 0.024095239062500003 0.7626167390624999 0.0391897953125 0.766678165625 0.06135276562500001 0.7663083125 0.0838962828125 0.7785665484375001 0.099450615625 0.7714229640625 0.1103973484375 0.77703428125 0.12652249843750002 0.78703460625 0.1382112359375 0.7854847171875 0.1442490578125 0.7718034031250001 0.14690014843750002 0.7756288234375 0.16576198125 0.7881477203125 0.1676392578125 0.799933940625 0.1765913109375 0.8141295390625001 0.18459836406250002 0.83484524375 0.179867 0.8321329375 0.1904331890625 0.8371207734375 0.20476665624999998 0.84051645 0.22108207656249998 0.8370291984375001 0.234667178125 0.816440309375 0.251566140625 0.816996865625 0.2662801515625 0.8016142 0.279779659375 0.7881442421875 0.3027100828125 0.7994584515625001 0.305059859375 0.82019880625 0.28335030156249996 0.8387411406249999 0.282865075 0.8524471046875 0.263235790625 0.8621691515624998 0.267567521875 0.8709647890625 0.2797287609375 0.888277784375 0.29669422968750003 0.9134423875 0.31261638125 0.953686728125 0.3246602140625 0.9601821828125001 0.32889999062499997 0.95843855625 0.335692540625 0.9569854265625001 0.3390625 1 0.3390625
0 0.0591714078125 0.9168241703125 0.051858737499999995 0.9115474375 0.041361745312499996 0.9102346171875 0.034757096875 0.9148613015624999 0.03391523125 0.9308025390625 0.0365606140625 0.9331586796875001 0.0448419640625 0.934661771875 0.0565013734375 0.931446225 0.0591714078125 0.9168241703125
0 0.1498743125 1 0.14603931875 0.992030328125 0.137521959375 0.9872260953125 0.125045334375 0.9894046859374999 0.121237534375 0.991576915625 0.120698596875 0.9978969656250001 0.12099178906250001 1 0.1498743125 1
0 0.1621194171875 0.929387921875 0.15224590625 0.9298667828125 0.14540524999999999 0.9311923296875001 0.1410162421875 0.9356287406250001 0.14215400625000002 0.94807856875 0.15254180312500001 0.9582578500000001 0.1666105875 0.9540973031250001 0.17356043906250002 0.9439052968750001 0.1696258234375 0.9339099265625 0.1621194171875 0.929387921875
0 0.2553109765625 0.9036401828125001 0.251309440625 0.9065671390624999 0.245134534375 0.9137402359374999 0.24945662031250002 0.9222261515625 0.265244378125 0.9282512484375001 0.27285997968750003 0.923906790625 0.27595975781250004 0.9118311468750001 0.2677876 0.9014615921875 0.2553109765625 0.9036401828125001
1 0.06179212656250001 0.3390625 0.038898025 0.3750332640625 0.0274746234375 0.3815499484375 0.010306059375 0.39778614062499995 0 0.4142221078125 0 0.6812288515625 0.0044024828125 0.68245789375 0.0026588578125 0.68925044375 0 0.689576246875 0 0.716267940625 0.00295475625 0.7176415109375001 0.025540898437499997 0.718285196875 0.0381020640625 0.7242183375 0.0653977671875 0.731838484375 0.07991391406250001 0.7512584109375 0.10348635625 0.7691625171875 0.10154899531249999 0.7767097953125 0.121894846875 0.7945219484375 0.1378516890625 0.8167705109375 0.14385047812500001 0.8313862046875 0.14487905 0.8527024937500001 0.15965585625 0.8584453625 0.1774655171875 0.8650349171875 0.20039686093750003 0.8601132796875 0.22263780312499998 0.8663222874999998 0.2365551234375 0.8669723359375 0.2591835375 0.8716718875 0.2574399125 0.8784644374999999 0.26677448593749997 0.884305625 0.2902623875 0.8940979984374999 0.2937672578125 0.901546959375 0.29688465625 0.9105053765625 0.318114646875 0.91643215625 0.3348288140625 0.9146277484375 0.3417786640625 0.9044357406250001 0.35068349374999996 0.90773051875 0.3475414453125 0.9157502953125001 0.34891521718749996 0.9315012625 0.36065916875 0.9363974500000001 0.3794375109375 0.9392133640625 0.3895294109375 0.921001578125 0.4004138734375 0.92080494375 0.4064126625 0.9354206375 0.42075972500000003 0.9386170968750001 0.41641298750000005 0.9471093749999999 0.398106659375 0.9508957390624999 0.39582409687500003 0.9640083390624999 0.4184525109375 0.9687078906250001 0.441232390625 0.9685968484374999 0.461215421875 0.9709402624999999 0.476210615625 0.958950209375 0.47907438593749996 0.943573425 0.482536984375 0.9469665203125001 0.4957462828125 0.9377131515624999 0.5123336359375 0.92374114375 0.51875 0.9235516390625002 0.51875 0.344530184375 0.4992887796875 0.3390625 0.06179212656250001 0.3390625
0 0.5560729046875 0.6248236046875 0.5649354671875 0.6240625140625 0.5715401140624999 0.6194358296875 0.5675632296875001 0.6053845921875001 0.563089678125 0.6017092703125 0.5497112953125 0.5947391734374999 0.5390205671875 0.59418108125 0.5317924406250001 0.5970160812499999 0.5302425515625 0.603053903125 0.5300910859375 0.607864496875 0.5362836125 0.6217254624999999 0.5478338265625 0.627376378125 0.5560729046875 0.6248236046875
0 0.548552434375 0.6963261109375 0.5630932343749999 0.6987678421875 0.565805540625 0.688201653125 0.5661507421875001 0.68263633125 0.560042759375 0.6768870984375 0.5437160624999999 0.6771820500000001 0.54313485625 0.6794462343750001 0.5409614859375 0.6836923734375 0.5442726203125 0.6918960609375 0.548552434375 0.6963261109375
0 0.6455156390625 0.3861202625 0.6362233359375 0.38433494062499995 0.631834328125 0.38877135156250003 0.63144685625 0.39028080625 0.628498540625 0.3975458578125 0.6275298609375 0.40131949687499996 0.6312284671875 0.408013728125 0.64841465 0.41281159843750004 0.6579676125 0.400919865625 0.6564846453125 0.394035359375 0.6455156390625 0.3861202625
0 0.7732339078124999 0.9183866703125 0.7659212375 0.9131099375 0.7554242453125 0.9117971171875 0.748819596875 0.9164238015624999 0.74797773125 0.9323650390625 0.7506231140625 0.9347211796875001 0.7589044640625 0.936224271875 0.7705638734375 0.933008725 0.7732339078124999 0.9183866703125
0 0.8631849390624999 1 0.8601018187499999 0.9935928281249999 0.8515844593749999 0.9887885953125 0.8391078343749999 0.9909671859374999 0.8353000343750001 0.9931394156250001 0.8347610968750001 0.9994594656250001 0.8348364546875 1 0.8631849390624999 1
0 0.8761819171875 0.930950421875 0.8663084062499999 0.9314292828124999 0.85946775 0.9327548296875001 0.8550787421875 0.937191240625 0.85621650625 0.9496410687499999 0.866604303125 0.95982035 0.8806730875 0.9556598031250001 0.8876229390624999 0.9454677968750002 0.8836883234374999 0.9354724265625001 0.8761819171875 0.930950421875
0 0.9693734765625 0.9052026828125002 0.965371940625 0.9081296390624999 0.9591970343749999 0.9153027359374999 0.9635191203125 0.9237886515625 0.979306878125 0.9298137484375001 0.9869224796874999 0.9254692906249999 0.9900222578125 0.9133936468750001 0.9818501000000002 0.9030240921875 0.9693734765625 0.9052026828125002
0 0.669146646875 0.4203289203125 0.6629717421875 0.427502015625 0.6616578609375 0.4368409765625 0.6738315546875 0.44428357500000004 0.685878434375 0.43955857343750004 0.691000115625 0.42804738281250004 0.6840749171875 0.421261196875 0.669146646875 0.4203289203125
1 1 0.3390625 0.7775446500000001 0.3390625 0.7765646515625 0.339509421875 0.752960525 0.3765957640625 0.7415371234375 0.38311244843750003 0.724368559375 0.399348640625 0.7096939171875001 0.42275156562500005 0.6949347296875 0.43804275624999994 0.6980944 0.45105703906250005 0.6919617640625 0.46228600000000003 0.68081664375 0.476159690625 0.6870091687500001 0.49002065625 0.67418734375 0.49776456874999997 0.6678187015625 0.5056923921875 0.6548876828125 0.522302765625 0.6727818859375 0.5370040515625 0.677533715625 0.5480363796875001 0.6698758453125 0.5483249703124999 0.65584933125 0.5565413828125 0.6665999499999999 0.5821894015625 0.67302848125 0.59935150625 0.65954090625 0.6012478703124999 0.655236440625 0.613796015625 0.68040104375 0.6297181671875001 0.6480928546875 0.6247427484375001 0.6412698171875 0.64710235625 0.6554654156249999 0.6551094093750001 0.69201115 0.660459009375 0.7103773671875 0.6817625734374999 0.7184649828125 0.68402039375 0.7167213578125 0.6908129437499999 0.706654109375 0.692046534375 0.699595065625 0.711105003125 0.7170172562499999 0.7192040109375 0.7396033984375 0.719847696875 0.7521645640625 0.7257808375 0.7794602671874999 0.733400984375 0.7939764140625 0.7528209109375 0.81754885625 0.7707250171875 0.8156114953125 0.7782722953125 0.835957346875 0.7960844484375 0.8519141890625 0.8183330109375 0.857912978125 0.8329487046875 0.8589415499999999 0.85426499375 0.87371835625 0.8600078625 0.8915280171875001 0.8665974171874999 0.9144593609375 0.8616757796875 0.9367003031250001 0.8678847874999999 0.9506176234375001 0.8685348359375 0.9732460374999998 0.8732343874999999 0.9715024124999999 0.8800269374999999 0.9808369859375 0.885868125 1 0.893857403125 1 0.3390625