0 0.21437433125 0.19352268125 0.22388253906250002 0.1773358703125 0.22049234218749997 0.1616069421875 0.21387834687499999 0.15590615000000002 0.20609483125 0.1649595484375 0.2084994921875 0.1847647109375 0.21437433125 0.19352268125
0 0 0.1235282703125 0.0032081234375000004 0.12480349531249998 0.01896235625 0.135673390625 0.028060995312499996 0.1344032265625 0.0264578875 0.12119978437500001 0.023397275000000002 0.117330328125 0.0106828546875 0.10711025781250001 0 0.10318469374999999 0 0.1235282703125
0 0.180117253125 0.2162079265625 0.17880213125 0.20842469062500002 0.1721673359375 0.1995042640625 0.15629151875 0.2089712234375 0.1568674890625 0.21981163593750003 0.1609552390625 0.2260441203125 0.169089140625 0.2320698265625 0.179686884375 0.227904940625 0.180117253125 0.2162079265625
0 0.17148908125 0.4469286078125 0.17395292499999998 0.43673801875 0.17109709687500002 0.42541023906250003 0.1657566234375 0.42105341718749995 0.157643521875 0.41824734374999994 0.1468409921875 0.42987055312500005 0.1474377609375 0.44393059843750005 0.15304541875 0.4504879953125 0.1639311484375 0.4517433171875 0.17148908125 0.4469286078125
0 0.376210703125 0.066287521875 0.3648738046875 0.0735095828125 0.3626563453125 0.0826811140625 0.375391565625 0.09612081875 0.3855173421875 0.097213684375 0.3907746140625 0.0886919765625 0.3937104265625 0.0732436359375 0.387835584375 0.0644856671875 0.376210703125 0.066287521875
0 0.319383828125 0.1195150515625 0.3110867421875 0.1273869359375 0.3172287671875 0.13834548124999999 0.324602715625 0.1442087296875 0.33189346406250003 0.1371934484375 0.3368835515625 0.1264711671875 0.3355684296875 0.11868793124999999 0.324929084375 0.11641355 0.319383828125 0.1195150515625
1 0.45 0.46875 0.45 0.0387926515625 0.44006435625 0.0434987890625 0.437395728125 0.061147701562500004 0.428852259375 0.07003864531250001 0.42488930781249995 0.0831239546875 0.42526049375 0.1014226921875 0.4153811015625 0.09931076875 0.40780236875 0.10090584218750001 0.39241932031250004 0.108334684375 0.375967534375 0.1069612328125 0.3670736796875 0.100773071875 0.3530857375 0.0892090296875 0.34805405 0.09349204375 0.3328341859375 0.0870232984375 0.321084503125 0.06950735625 0.30229045625 0.0579876390625 0.301634503125 0.0739233453125 0.3161776140625 0.09310816875 0.32359316250000003 0.10541068281249999 0.3340277234375 0.1151433859375 0.3424288078125 0.123369665625 0.34074571875 0.1369423453125 0.3291832359375 0.1484030984375 0.32016779687499997 0.162551790625 0.3031016578125 0.1835533109375 0.2908624234375 0.207730140625 0.2904736546875 0.22586642031249998 0.28141661406249996 0.23357584999999997 0.27024290156249997 0.22690032031250001 0.2509976875 0.2238579859375 0.22910142812499998 0.20202954687500002 0.22750153593750003 0.22848075625000003 0.242353434375 0.2563054171875 0.23709616093750002 0.26482712343750003 0.21604305468749999 0.2560396734375 0.20277346562499998 0.23819881875 0.195770703125 0.2506343078125 0.1732600921875 0.251180840625 0.197169025 0.2712960734375 0.2084259390625 0.2908501328125 0.2292326609375 0.30065664375 0.221716328125 0.3119106171875 0.218329346875 0.335836340625 0.23763696250000002 0.348537571875 0.23550270156250003 0.3705876328125 0.2280071703125 0.3850612390625 0.21913411562500001 0.3820927125 0.209049940625 0.3874391109375 0.20915394062499998 0.40353727343749995 0.20365028281250003 0.41307804218750005 0.19822982656250002 0.4354973390625 0.20767885000000003 0.4493062796875 0.20114805625 0.45648401562499996 0.20036412656249997 0.46875 0.45 0.46875
0 0.8195460499999999 0.031694671875000004 0.8177381593749999 0.025949553125000004 0.81141215 0.025668965625 0.7998496656249999 0.03712971875 0.8012271890625 0.054571853125 0.806855646875 0.0643488828125 0.8174533921875 0.060183996875 0.8221346953124999 0.0408218765625 0.8195460499999999 0.031694671875000004
0 0.8979044312500001 0.06130614375 0.8956869703125001 0.07047767499999999 0.8904296984375 0.07899938281249999 0.8894857609375 0.089514884375 0.896613325 0.09639719218750001 0.9044592421874998 0.09700268906250001 0.9074782546875 0.09443288125 0.9122427578125001 0.087949290625 0.9091197453125 0.07442093749999999 0.9118091749999999 0.05999165468749999 0.9137802484375002 0.051839184375 0.9096508984374999 0.039167434375 0.9066318843750001 0.04173724375 0.8979044312500001 0.06130614375
0 0.691512375 0.10506732031249999 0.6859671171875 0.1081688203125 0.6822297515625 0.117015440625 0.6840376421875 0.12276055781249999 0.6883925765625 0.131193615625 0.698497553125 0.12906685 0.7032620578125 0.122583259375 0.7024189046875 0.1095422734375 0.698351953125 0.106529421875 0.691512375 0.10506732031249999
0 0.6554890046875 0.12844671093749999 0.6529835609375001 0.13219803593749999 0.6507453 0.13814993281250001 0.6505405171875001 0.14560825625 0.654402684375 0.156079434375 0.6612006625 0.1511022703125 0.6647124421875 0.1464943421875 0.6664163343749999 0.136141296875 0.6615478296875 0.1265267234375 0.6554890046875 0.12844671093749999
0 0.5747323953125 0.158339375 0.5722477515625 0.16531033281250002 0.580423253125 0.1777753046875 0.58726283125 0.1792374046875 0.5951295484375 0.1830625375 0.5988461140625 0.170996284375 0.5987837140625001 0.1613373859375 0.5926624875 0.15359847499999998 0.5795177 0.15507541875 0.5747323953125 0.158339375
0 0.5110659421875 0.210104803125 0.5154208765625 0.21853786406250003 0.522034871875 0.2242386546875 0.531091909375 0.21652922812500003 0.5350964609375 0.20988318281249999 0.5327542000000001 0.1997369171875 0.52059495 0.197137625 0.5130370171874999 0.201952334375 0.5110659421875 0.210104803125
1 0.45 0.46875 1 0.46875 1 0.218628646875 0.9932378156249999 0.2124365359375 0.9830496390625001 0.20168477343750002 0.9617709484375 0.19713601249999999 0.9526307109375001 0.191966909375 0.9350477859375002 0.17213226406249998 0.93136960625 0.1509831296875 0.9207510593750001 0.1519283828125 0.912103590625 0.1447211640625 0.92288531875 0.1298783203125 0.9280593906250001 0.10847808437499999 0.917912815625 0.1041655859375 0.9057743640624999 0.1047859265625 0.89228240625 0.130838415625 0.8775969109374999 0.12877081562499998 0.8547983140625 0.12389714375000001 0.8294734734375 0.1195551625 0.8029167125000001 0.12030847656250002 0.783671496875 0.1172661421875 0.7687188171875 0.112997965625 0.7577290875 0.0956444828125 0.7428804078125 0.107474471875 0.734583321875 0.11534635625 0.7191586734375 0.11633593281250001 0.7124646953125 0.1374112609375 0.7008606125 0.14243274687500002 0.6980255843750001 0.1343246 0.686442303125 0.142565721875 0.67487981875 0.1540264734375 0.659475971875 0.1582356828125 0.6491662109374999 0.1678207734375 0.6546106843749999 0.18827575937500002 0.636926975 0.191997603125 0.62727316875 0.1856469859375 0.6216447109375001 0.17586995625 0.6072679984375 0.1824421953125 0.590653028125 0.19496633125 0.57925373125 0.192529496875 0.549799540625 0.1755157640625 0.5352772296875 0.1595505734375 0.505576653125 0.1435559015625 0.5184158734375 0.1730937703125 0.5412976703125001 0.1908459734375 0.546270175 0.21655870937500002 0.539021028125 0.23001325781249998 0.5312167109375 0.2358470234375 0.514848125 0.24735210156249998 0.5028136734374999 0.2640706046875 0.493839834375 0.2846585640625 0.49092482187500003 0.3033265375 0.4867362875 0.32065053906249996 0.48123263125 0.33019130625000004 0.47145723906250003 0.34417754375 0.46646715156249996 0.354899825 0.45792368124999994 0.36379077031249996 0.45 0.36121536249999997 0.45 0.46875
0 0.100694853125 0.46875 0.1049782328125 0.47720904218750004 0.11655210625000001 0.472118053125 0.11736642187499999 0.46875 0.100694853125 0.46875
0 0.137796940625 0.535919871875 0.1363476203125 0.5419143375 0.139103221875 0.55385111875 0.1507015625 0.5525479328125 0.1589401078125 0.5379179484375001 0.1508201328125 0.52483441875 0.137796940625 0.535919871875
0 0.1937840796875 0.541583996875 0.1889504890625 0.5304638578125 0.1823043046875 0.5151736687499999 0.1780504453125 0.50165574375 0.1672482796875 0.4879988421875 0.1640842484375 0.5049744671874999 0.17041610000000001 0.5176757453125 0.17413917343750002 0.5411670625 0.1825490125 0.5530516984375 0.1911997734375 0.5561618359375 0.1937840796875 0.541583996875
0 0.2783078078125 0.54200069375 0.29019601562499997 0.5394986140625 0.29432752500000003 0.5340775234375 0.2999083515625 0.52266196875 0.2959932953125 0.515520759375 0.283235496875 0.5216195156250001 0.2779200625 0.5280483734375 0.2783078078125 0.54200069375
0 0.06563014375000001 0.6516218859375 0.0696882375 0.6348373859375 0.066063046875 0.6264972796875 0.0562283578125 0.6243949125 0.0470223390625 0.6274703625 0.0485940125 0.6404149140625 0.057873443749999996 0.648702875 0.06563014375000001 0.6516218859375
0 0 0.6476244062500001 0.01529724375 0.645905615625 0.015538165625 0.637131115625 0.0122028390625 0.6275921203125 0.00021674843750000002 0.6149429859375 0 0.6149383859374999 0 0.6476244062500001
0 0.019600046875 0.6669991468750001 0.02624623125 0.682289334375 0.0428946140625 0.679543984375 0.0448747203125 0.6635761296875 0.043013184375 0.6518304718750001 0.0319211578125 0.6393724609375 0.019669675 0.631710021875 0.0179304890625 0.6389033796875 0.0183427078125 0.656643503125 0.019600046875 0.6669991468750001
0 0 0.6801451078125 0.0021799515625 0.6884923859375001 0.0045722765625 0.6902646515624999 0.0129087046875 0.690785878125 0.0220902515625 0.6839226234375 0.0208329140625 0.6735669828124999 0.0142356703125 0.6658523984375 0.0065034421875 0.6667211875 0 0.6786646171875 0 0.6801451078125
1 0 1 0.45 1 0.45 0.6369609140625 0.436972890625 0.6402223671875 0.42501127031249997 0.6313610374999999 0.412445453125 0.6211096875 0.4014023671875 0.6162272843750001 0.41176784375000003 0.6083562609375 0.41311928125 0.5872105828125 0.40702835156250006 0.5657348062499999 0.3991041421875 0.5829537015625 0.394078571875 0.5881836671875 0.380716575 0.5928924078125 0.38003896406250004 0.5801389796875001 0.368077346875 0.5712776500000001 0.35592374531250004 0.578766425 0.345435915625 0.5676984328125 0.34118205625 0.5541805078125 0.328109921875 0.55769035625 0.321949365625 0.571503696875 0.3184220578125 0.5783148062500001 0.3076933046875 0.5760213125 0.3031495796875 0.5637022796875 0.294547759375 0.5681677515625 0.288554715625 0.561843184375 0.2757479734375 0.5603663359375 0.26390870781250003 0.5704440203125001 0.24902397812500002 0.5697838171875 0.23687037812499998 0.577272590625 0.22790528124999998 0.57157354375 0.21843386874999998 0.579635690625 0.20681105624999999 0.577151071875 0.19707425 0.590199915625 0.18098112187499998 0.5867596781250001 0.1690439734375 0.58168615 0.1706401171875 0.598418503125 0.1611442328125 0.6026928484375 0.1507053484375 0.5992004625 0.14657383906250002 0.6046215546875 0.138915021875 0.616853753125 0.13468563125 0.6071236343749999 0.1304317703125 0.593605709375 0.12298940625000002 0.59327560625 0.11110119843749999 0.5957776875 0.10191965 0.6026409421875 0.1022829265625 0.61280545625 0.1056427234375 0.62613225625 0.1084472640625 0.6456446437500001 0.10141711718749999 0.663054665625 0.0883205140625 0.662776709375 0.0836582203125 0.6781711921875 0.071190284375 0.68307105625 0.060437060937499995 0.676989759375 0.052463910937500004 0.6866330515625 0.044417346875 0.6849129312500001 0.03347214375 0.6951817390625 0.015423381250000001 0.711497159375 0.0101079453125 0.7179260187500001 0 0.7284450671875 0 1
0 0.5735666421875 0.49961629687500003 0.5730946718750001 0.50487405 0.5751489484375 0.5096001078125 0.5787231281249999 0.514651078125 0.5860762765625 0.5172946953124999 0.5910871640625001 0.5097920453125 0.5933046234375 0.5006205140625 0.5889496890625 0.49218745625000004 0.5856842921875 0.4957763234375 0.5788447140625 0.49431422343750003 0.5735666421875 0.49961629687500003
0 0.4731968484375 0.5478225421875 0.4805291953125 0.547246525 0.48759435937499995 0.5444699359375 0.4915989109375 0.537823890625 0.49406275468749994 0.5276333 0.49176209374999996 0.5239263015625 0.48313542343750004 0.5199387140625 0.47097617343750003 0.517339421875 0.460378428125 0.5215043078125 0.45785218437499997 0.5220359984375 0.45742181562499995 0.5337330140625001 0.46103759687499996 0.5452232515625 0.4731968484375 0.5478225421875
0 0.5409607015625 0.6212535499999999 0.551662446875 0.633186828125 0.5615418375 0.6352987531250001 0.56404728125 0.6315474296875 0.56700389375 0.6193187218749999 0.566160740625 0.6062777359375 0.559033178125 0.5993954265625 0.5408151 0.598716121875 0.5208307328124999 0.5987309640625 0.5000032109375 0.5857048203125 0.5237073609375 0.6132783765625 0.5409607015625 0.6212535499999999
0 0.5470036546875 0.9301315031249999 0.555363140625 0.931918515625 0.5647081625 0.9296292921875 0.5692054828125 0.9209451281250001 0.5718741109375001 0.9032962171874999 0.562733871875 0.8981271140625001 0.5549295546875 0.9039608796875 0.5499186671875 0.9114635296875001 0.5454421484374999 0.9233673249999999 0.5470036546875 0.9301315031249999
0 0.5786129046874999 0.9283148046874998 0.5841581625 0.9252133046874998 0.585882853125 0.9180798906250001 0.5870939749999999 0.9097649624999999 0.5840333609374999 0.9058955093750001 0.5787136890625 0.9047583171875001 0.5714229421875 0.9117735984374999 0.5692054828125 0.9209451281250001 0.5725332796875 0.927015159375 0.5786129046874999 0.9283148046874998
0 0.7839885359375 0.46875 0.7788515765625 0.48026821249999996 0.7803714828125 0.48059312500000007 0.78675989375 0.4905326078125 0.79787120625 0.48754923906250003 0.8046483859375 0.47935244218750006 0.8041983734375 0.46875 0.7839885359375 0.46875
1 1 1 1 0.46875 0.825188409375 0.46875 0.8235640156249999 0.47053530625000006 0.8120015328125 0.4819960609375 0.797624821875 0.48856829843750005 0.793641071875 0.49843397500000003 0.7881582140625 0.5111943765625 0.7778068546875 0.5143402 0.76948896875 0.5189924515625 0.768853815625 0.5381477921875 0.7489110484375 0.5446019 0.7405515625 0.5428148875 0.7325840625 0.56254624375 0.7221111171875 0.5860289234375 0.6999092890625 0.595215296875 0.69576235625 0.6189785640625 0.6821247968749999 0.6224936265625 0.6807296921875 0.6414865109375001 0.6772179109375001 0.6460944390625001 0.6541729296875 0.6422398234375 0.6372283750000001 0.6429044890625 0.6307183796875 0.6533018593750001 0.6261410765625 0.6887621421875 0.6340077921875 0.692587271875 0.631873534375 0.714637334375 0.6201270671875 0.7367760453125 0.6153833625 0.746479265625 0.6177464234375 0.7598451640625 0.6266194781250001 0.76281369375 0.6218965734374999 0.7757365484375001 0.604212865625 0.7794583906250001 0.598813209375 0.80509731875 0.5892426015625001 0.8116252328125 0.5837597453125 0.824385634375 0.584932484375 0.8492860890625 0.5703509875 0.8633166531249999 0.5785680890625 0.8822208890625 0.6045488828125001 0.8706271624999999 0.6030913765625 0.8799611484375 0.602414621875 0.8926772234375001 0.59161209375 0.9043004328125 0.601574684375 0.9192908890624999 0.611086109375 0.9427587265625 0.6087854484374999 0.9390517265625 0.59586624375 0.936289978125 0.58986981875 0.9478688625 0.6043297296875 0.9541751546875 0.6014355171875 0.976062759375 0.5941447703125 0.9830780406249999 0.5841021937499999 0.99486370625 0.5679383921875 0.9989104609375001 0.57050189375 1 1 1