0 0 0.19745653125 0.0055996890625 0.2021618578125 0.0126782625 0.19855924375 0.02027408125 0.18482770312500002 0.0171879265625 0.17557796718750002 0.0034839140625000002 0.17173215 0 0.177558171875 0 0.19745653125
0 0.0637115578125 0.15953789375 0.06808433281250001 0.1697240484375 0.0781208296875 0.173526946875 0.0877085265625 0.1708750609375 0.0867468109375 0.1570433765625 0.06538719531250001 0.14850115625 0.0637115578125 0.15953789375
0 0.1677613734375 0.1275865 0.1644144296875 0.1321541421875 0.16383306875 0.14136095937499998 0.1644100984375 0.1496599703125 0.1743183671875 0.1516186453125 0.1852567984375 0.150825290625 0.1872530046875 0.1443991171875 0.189056871875 0.13520660625 0.186355403125 0.13148954375 0.17503228906249998 0.126750225 0.1677613734375 0.1275865
0 0.2823302796875 0.2293557015625 0.28412981406250004 0.23766901875 0.2952605875 0.239642 0.30240327499999997 0.2369615015625 0.3076823125 0.22504557187500002 0.3047885015625 0.21856217500000003 0.29146917499999997 0.22024902812499997 0.2823302796875 0.2293557015625
0 0.497051015625 0.1904071734375 0.4936442890625 0.1765468765625 0.4922294390625 0.17376623125 0.4809704390625 0.1699490265625 0.47672156406250005 0.17911292343750002 0.475045925 0.190149659375 0.4792904703125 0.1984915890625 0.4901647859375 0.1967761203125 0.497051015625 0.1904071734375
0 0.47349851718749997 0.2030306203125 0.47169465156249996 0.21222312968749998 0.4826971953125 0.21235188749999998 0.4918360921875 0.20324521406249998 0.49157963593750004 0.199556765625 0.48276564375 0.195768171875 0.4744004515625 0.19843436406249998 0.47446456562500006 0.1993564765625 0.47349851718749997 0.2030306203125
0 0.5 0.2109379125 0.493250940625 0.20602585625 0.48829680625 0.20504652031249998 0.48128234843750006 0.2095712421875 0.479542596875 0.21968586562499998 0.488613046875 0.227162909375 0.5 0.22512216875000002 0.5 0.2109379125
1 0 0.509375 0.5 0.509375 0.5 0.27043235 0.4938149765625 0.26684235156249997 0.48873261250000005 0.2640187921875 0.48377847812499997 0.263039453125 0.46145281875000005 0.2581713765625 0.47201089375 0.23433951875 0.47394298749999997 0.22699123437500002 0.46320123124999996 0.213045096875 0.448338828125 0.2101070859375 0.4163613578125 0.20696878437500002 0.4200886546875 0.22543964375 0.430766296875 0.23846366562500002 0.450454603125 0.240536790625 0.439255384375 0.2551475265625 0.421302496875 0.2604656046875 0.4204005640625 0.2650618609375 0.40180653125 0.2611588171875 0.39119300468749996 0.24905690468750002 0.38083593437499996 0.24064344375000002 0.36475102812500004 0.237691125 0.35728343906250004 0.253266890625 0.354064725 0.2596787578125 0.34672969375 0.2595929203125 0.33875351875000004 0.25028595781249996 0.3179709359375 0.25004275 0.3115976203125 0.263788596875 0.2810349984375 0.2634309390625 0.2578074015625 0.26315911718749996 0.2397262859375 0.266632971875 0.21997386406250002 0.263637734375 0.20408130156249998 0.263451753125 0.19610079375 0.27165061874999996 0.177827334375 0.27235813593749997 0.1652132671875 0.2841882265625 0.14037415 0.2958752546875 0.1297562921875 0.301279171875 0.10923016562500001 0.30472441250000004 0.09520125 0.3137738609375 0.084326934375 0.3154893296875 0.078663209375 0.32187258281250003 0.0731918296875 0.3310221765625 0.052601587500000005 0.333545303125 0.039859293750000004 0.3435311703125 0.03676880625 0.3517872625 0.0216499453125 0.3451608 0 0.33996660156249997 0 0.509375
0 0.5479913484375001 0.3639858078125 0.5411026062500001 0.3545073015625 0.535634471875 0.3505275203125 0.5295631890625 0.3528059453125 0.5238733859375 0.3605709390625 0.5243638609375 0.3676250984375 0.530816625 0.37083324218749997 0.5390751625 0.370146728125 0.5479913484375001 0.3639858078125
0 0.797346996875 0.0677376328125 0.7883255 0.057451009374999994 0.7739448624999999 0.044752196875 0.7711507765625 0.064298440625 0.769998971875 0.0775986421875 0.7755216015624999 0.08236221875000001 0.7915445171875 0.0888149890625 0.8007331890625 0.0865730453125 0.8002972109375 0.08030268125 0.797346996875 0.0677376328125
0 0.767263065625 0.08304873125 0.7648541421875 0.093201590625 0.7703767703125 0.09796516562499999 0.77978343125 0.0988584046875 0.792198484375 0.098220534375 0.796191509375 0.09591778749999999 0.79914540625 0.0936028828125 0.7924201546875 0.0864757625 0.767263065625 0.08304873125
0 0.785084390625 0.11536675156250001 0.7903890312499999 0.11699514375 0.8007258265624999 0.116332953125 0.8060341484375 0.10308139218750001 0.79537036875 0.0990408109375 0.7852515640625001 0.102838184375 0.7843759265625 0.1051774109375 0.785084390625 0.11536675156250001
1 1 0.509375 1 0.168216321875 0.9780788937499999 0.15834946562500002 0.9673569375 0.16840504375 0.9659871421874999 0.1785700640625 0.9526456359375001 0.1658834125 0.933832315625 0.164096934375 0.9338831328125 0.1797606828125 0.9258425828124999 0.183582378125 0.9153422984375 0.1818931828125 0.9013431421875 0.17468093906249998 0.886137684375 0.1799851015625 0.8738316265625 0.18219056250000001 0.8718115453124999 0.1680700828125 0.8539283609374999 0.1647281765625 0.8522897609375001 0.156094265625 0.8358853640625 0.1441549265625 0.8240697812500001 0.1534145484375 0.8239571046874999 0.1667269109375 0.8056887578125 0.1727783890625 0.8101140796875 0.1916259609375 0.812846303125 0.20105582812499997 0.800758234375 0.206396471875 0.7972667281250001 0.1711135140625 0.7749000421875 0.1630201921875 0.7571803484374999 0.16202966875 0.7144781015625 0.115323640625 0.7553635328125 0.2105641875 0.73714968125 0.217399459375 0.7128645468749999 0.22651315625000001 0.6807060375 0.22691998125 0.681904978125 0.24416348124999998 0.6786749140625 0.2574393625 0.6812436484375001 0.26451784218749996 0.6713973281250001 0.27223419375 0.662535640625 0.279178909375 0.64897614375 0.263357075 0.6310892765625 0.27489512031249996 0.6442672921875 0.2852303875 0.6425705140625 0.290692634375 0.62977398125 0.2858439359375 0.61861604375 0.28962915 0.6013905078125 0.280812834375 0.5928013062499999 0.2916765265625 0.595860515625 0.3058091671875 0.614564840625 0.30602805312500003 0.62347734375 0.31474708749999997 0.628342325 0.3249850703125 0.6114982687499999 0.321655321875 0.585352865625 0.333879878125 0.56943158125 0.358754609375 0.5752266968749999 0.3674371609375 0.6093581515625 0.3506071125 0.6003837859375001 0.3708641921875 0.582060940625 0.3761318734375 0.57478335625 0.3909267046875 0.5514320375 0.383605015625 0.539180475 0.38659427343749997 0.539612771875 0.40774459218750003 0.5670116125 0.4135473296875 0.5253374484375 0.4114933234375 0.5284511546874999 0.426409759375 0.545949178125 0.439145053125 0.5478565828125 0.4665778953125 0.5378467703124999 0.471942859375 0.5434747125 0.49315397968749997 0.5333000546875 0.509375 1 0.509375
1 0.0759226859375 0.509375 0.06121682656250001 0.51296308125 0.0635130734375 0.5161225828125 0.06384005781249999 0.5208253578125001 0.028233496875000003 0.5313728796875 0.0131370328125 0.538244634375 0.0064081015625 0.545997465625 0 0.545922475 0 1 0.5 1 0.5 0.5556895 0.49195393125000003 0.5555953421875001 0.48046901406250003 0.55467778125 0.47740980468750005 0.54054514375 0.47937906874999997 0.539001871875 0.45515579375000004 0.51913945625 0.44109846093750005 0.5260233703125 0.427584021875 0.509375 0.0759226859375 0.509375
0 0.545454234375 0.509375 0.544156346875 0.513192078125 0.541839565625 0.5150076921875 0.5582450437500001 0.522570571875 0.5781256953125 0.527410034375 0.5827592593750001 0.5237788109375 0.5821822296875 0.5154798015625001 0.5819898859375 0.5127134640625 0.5817577625 0.509375 0.545454234375 0.509375
0 0.627666184375 0.80071294375 0.6191727640625 0.8015349140625 0.6180784859375 0.80336483125 0.615308575 0.816231484375 0.62675991875 0.8228150281250001 0.6365399609375 0.8229294796875 0.6411094078125 0.8183761421875 0.6421395703125 0.8156241125000001 0.6416266546875 0.8082472140625001 0.6413060828124999 0.8036366515625 0.63011119375 0.80074155625 0.627666184375 0.80071294375
0 0.71491716875 0.7906776531249999 0.7284886203125 0.810185075 0.739880184375 0.7983406765625001 0.7456721359375 0.7938016484375 0.7411711328124999 0.78177126875 0.7372471609375 0.7780399 0.7224488734375 0.7760239999999999 0.71807176875 0.7833436734375001 0.71491716875 0.7906776531249999
0 0.8548424375 0.8706308984375 0.8373426828125 0.8648979359375 0.8369536656250001 0.8768710890625 0.8372742375 0.8814816499999999 0.8400398203125 0.8861208250000001 0.84615234375 0.8861923562499999 0.8568984328125 0.882632665625 0.8568343171875 0.8817105515625 0.8548424375 0.8706308984375
0 0.554632128125 0.82197095625 0.5552091578125 0.8302699640625001 0.5537899765625001 0.8449951515624999 0.5579062921875 0.8514928562499999 0.574508446875 0.8443162453124999 0.5788855515625 0.8369965718750001 0.5778597203125 0.8222427765625 0.5701400046875 0.8166242640625001 0.5567565640625001 0.8173890046875 0.554632128125 0.82197095625