0 0.4878975078125 0.06674826406249999 0.49924370937500007 0.059911984375000005 0.48759690468750005 0.052173653125 0.4795656078125 0.0466979625 0.4679188015625 0.038959628125 0.4598306265625 0.04154074375 0.46537574531250003 0.0562504140625 0.4878975078125 0.06674826406249999
0 0.3863789390625 0.043678346875 0.40317683750000005 0.036207623437499996 0.4068492234375 0.030413459375 0.40667048437500003 0.02715455625 0.3974245359375 0.022267453125 0.3887432546875 0.023128659375 0.381841284375 0.0291495875 0.37894074375 0.039922562499999995 0.3863789390625 0.043678346875
0 0.30026488125 0.0104673875 0.2973927796875 0.0172119625 0.30077266406250003 0.024272503125 0.311647621875 0.027032023437500004 0.3218076140625 0.016755926562500002 0.3142191203125 0.0057128375 0.30026488125 0.0104673875
0 0.0729144296875 0.007557015625000001 0.06201103125 0.008825896875 0.0565024515625 0.0175171421875 0.0478211703125 0.0183783484375 0.058253325 0.02670526875 0.068949540625 0.026205884375 0.0812747703125 0.023578915625 0.083346584375 0.0158839328125 0.0801738796875 0.00805389375 0.0729144296875 0.007557015625000001
0 0.9668514296874999 0.10840225 0.9655149218750001 0.097675128125 0.9506100953125 0.0941919640625 0.9403566796875001 0.0891239484375 0.9227869343750001 0.0916158609375 0.9217510265625 0.09546335156249999 0.9347627796874999 0.1099004015625 0.9411650671875 0.1175036765625 0.9539046578124999 0.11333771249999999 0.9668514296874999 0.10840225
0 0.8746356875 0.0821626296875 0.8681196421875 0.0906729640625 0.87046361875 0.101580996875 0.880331109375 0.1041596078125 0.886197171875 0.10198616875 0.8918844937499999 0.0965538265625 0.8866968546875 0.08836196562500001 0.8746356875 0.0821626296875
0 0.8377860015625 0.015042884375000001 0.8166007484375001 0.015272154687500001 0.814114571875 0.024506134375 0.815065159375 0.032743850000000005 0.8293768828125 0.03450710625 0.8362504093750001 0.0325145796875 0.8457888593749999 0.024546978125 0.8377860015625 0.015042884375000001
0 0.7067745828125 0.0544398859375 0.6966999109375 0.052630775 0.6883761125 0.060009790625000003 0.690155425 0.0651695140625 0.6953430625 0.07336137499999999 0.6999375953125 0.0798333296875 0.7082045140625001 0.08051111875 0.7185432484375001 0.073493928125 0.71699955625 0.0635363046875 0.7067745828125 0.0544398859375
0 0.6345172078125 0.08744662187499999 0.62699369375 0.09577604687499999 0.634196265625 0.10432973125 0.6428491078125 0.10749692656250001 0.6481220656250001 0.10360358125 0.6542521890625 0.092603840625 0.6530659796875 0.08916402500000001 0.642191021875 0.08640450625 0.6345172078125 0.08744662187499999
0 0.51875 0.1650670359375 0.5386046046875 0.1847752453125 0.5434916390625 0.17839249375 0.52689281875 0.1576643984375 0.523541375 0.14657545624999999 0.521197396875 0.1356674234375 0.51875 0.136068778125 0.51875 0.1650670359375
0 0.44448007343749996 0.5427550390625 0.43606285156249996 0.53478994375 0.42821029531250004 0.53257315625 0.41404887500000004 0.53809720625 0.414142296875 0.5534413171875 0.4149141421875 0.5584201296875 0.42617502187499995 0.5636690546875001 0.435656590625 0.5637582578125 0.4407223671875 0.5606344109375 0.4442160109375 0.55158134375 0.44448007343749996 0.5427550390625
0 0.3693505953125 0.58250635 0.354059846875 0.5765337796875001 0.349973096875 0.5838669390625 0.3483156453125 0.5900229265625 0.34867312968749997 0.596540734375 0.3569116078125 0.6012469265625 0.3692368359375 0.5986199578125 0.3715158328125 0.590155478125 0.3693505953125 0.58250635
0 0.2127908796875 0.6971791234375 0.22070031562499998 0.6913391046875 0.223158053125 0.686133528125 0.220371271875 0.6807928953125 0.214769271875 0.674140028125 0.203094028125 0.6704301 0.2058808078125 0.675770734375 0.198592915625 0.67930225625 0.19530645156249998 0.6875858265625 0.19628548125 0.6917951406249999 0.2047027 0.6997602374999999 0.21015440000000002 0.699125796875 0.2127908796875 0.6971791234375
0 0.20015694687500002 0.657802159375 0.1979917109375 0.65015303125 0.191589425 0.64254975625 0.176684596875 0.6390665921875 0.17419841875 0.648300571875 0.171090696875 0.6598430453125 0.1780860875 0.669166228125 0.1814375328125 0.6802551703124999 0.1891113484375 0.6792130546875 0.1966633015625 0.666855228125 0.20015694687500002 0.657802159375
0 0.29829563124999997 0.6738115375 0.2923077078125 0.664669265625 0.2810183859375 0.66344874375 0.275123884375 0.6696505828125 0.275660109375 0.6794272953125 0.2860922640625 0.6877542140624999 0.288493121875 0.6906054421875 0.2922873703125 0.6961269859375 0.30553474375 0.7057661359375 0.325627209375 0.7174411624999999 0.31468726875 0.6953091312499999 0.306119746875 0.6800567281250001 0.29829563124999997 0.6738115375
0 0.23955365624999997 0.821376796875 0.24343322343749998 0.814813134375 0.247991215625 0.7978841734375 0.24784091406250003 0.790596865625 0.235158203125 0.786706025 0.22259735468750003 0.79413089375 0.2211755234375 0.7954889796875 0.22194736874999998 0.8004677906250001 0.22191892968750002 0.80449619375 0.220618959375 0.8171699875 0.22358448281249999 0.8257695265624999 0.2318229609375 0.83047571875 0.23955365624999997 0.821376796875
0 0.009830959375 0.6115247593750001 0.0209131 0.6135147812499999 0.0304231078125 0.6095755828125 0.0338883109375 0.6045509171875001 0.033530828125 0.598033109375 0.02712854375 0.5904298359375 0.013824287499999999 0.5888474890625 0.0047286421875 0.5912476921875001 0.0006134531250000001 0.6026092546874999 0.009830959375 0.6115247593750001
1 0.51875 0.4390625 0 0.4390625 0 0.5588102734375 0.0043346171875 0.5613289671875 0.017403253125 0.5677092140625 0.026470457812499997 0.5693374140625 0.03669543125 0.5784338296875 0.0481919328125 0.57888485625 0.059481253125 0.5801053781250001 0.08262456093750001 0.5882947359374999 0.0922198890625 0.5722703296875 0.1018801984375 0.5756184359375001 0.12300857031250001 0.583445971875 0.137527475 0.5844397296875 0.1475168265625 0.5983340484374999 0.16962422500000002 0.610370896875 0.1859224421875 0.616524378125 0.193624696875 0.6114538578125 0.21664614062499998 0.60832750625 0.2205825890625 0.593707040625 0.2355727359375 0.585104996875 0.2509203671875 0.5830207625 0.275721125 0.5850541328125 0.3043730109375 0.5845522453124999 0.3364901 0.5790256890625 0.35752505 0.5715091140624999 0.3745016921875 0.567297296875 0.3892358796875 0.5949508734375 0.398904290625 0.6257282984375 0.41565341250000004 0.6537437015625001 0.4075774703125 0.5974377750000001 0.4049613296875 0.5679267265625001 0.396808171875 0.551135328125 0.4051604109375 0.5397279109374999 0.4185499859375 0.52922505 0.43051773125 0.5200802734375001 0.4310458546875 0.50242766875 0.4446426109375 0.49115530781250005 0.46902900625 0.49472767500000003 0.4805823875 0.487121896875 0.48022490624999997 0.4806040875 0.49320011875 0.4716402234375 0.50371759375 0.4678819359375 0.51875 0.4587590421875 0.51875 0.4390625
0 0.48049706875 0.499207103125 0.4929726 0.503867440625 0.5029254109375 0.49436084375 0.49993144687499996 0.48978970781250003 0.48967803437499996 0.48472169374999996 0.480196465625 0.484632490625 0.47430196406249997 0.49083432968749996 0.48049706875 0.499207103125
1 0.51875 0.4390625 0.51875 0.8171725421874999 0.52414856875 0.81711411875 0.5498064953124999 0.8120410937500001 0.55131364375 0.7985978015625 0.5321433250000001 0.79918889375 0.5322570875 0.783075284375 0.5512202234375 0.7832536890625 0.5794861859375 0.7802623953125 0.6046728671875 0.7847851718750001 0.6343322171875 0.7844641937500001 0.6642271921875 0.779345315625 0.688105803125 0.7691125703124999 0.7052896265624999 0.764131253125 0.7232818359375 0.7875296625 0.72773416875 0.8141436296875 0.7371304171874999 0.8263180406250001 0.7616386734375 0.8412061156250001 0.746876046875 0.8175809390625 0.745417675 0.795538109375 0.7369354734375 0.7682004984375 0.7370776734375 0.7480584875 0.7377560984375 0.7376931875 0.749695403125 0.7325768140625 0.7661358203124999 0.718588284375 0.768829178125 0.70858480625 0.7713722359374999 0.691294021875 0.7824828171875 0.6892556421875 0.798395109375 0.6929197171875 0.8143642859375 0.6885269890625001 0.8241383546875 0.6757614859375 0.8336483625 0.6718222875000001 0.851096246875 0.6580146671875 0.8626496296875 0.6504088875 0.87989033125 0.6373707671875 0.8877063484375001 0.6161866390624999 0.8969157515624999 0.5976728265625 0.9112193749999999 0.5720067640625001 0.9234146390625 0.5306347703125 0.926579240625 0.5110354906250001 0.9299225859375 0.4946951171875 0.938124521875 0.47600039375 0.9572948406249999 0.4754093015625 0.9690554046875001 0.4670340234375 0.9755998890625002 0.4544952859375 0.9499988453124999 0.45151150781249993 0.9346227765624999 0.45762414375000005 0.9289923359374999 0.45499968125 0.9329287828125 0.44037921406249997 0.9321780109375 0.4390625 0.51875 0.4390625
0 0.51875 0.8831009515625 0.519042115625 0.8831534062500002 0.5233076062500001 0.8790791500000001 0.5304451984375 0.8682603203125 0.5316882859375001 0.8636433312499999 0.5270937531250001 0.8571713765624999 0.51875 0.8568108046875 0.51875 0.8831009515625
0 0.5331182171875 0.8897145640625 0.5429003890625 0.9043783796875001 0.5458943515625 0.9089495156249999 0.5539825281249999 0.9063684015625 0.5580692765624999 0.8990352406250001 0.5581545984375 0.8869500328125 0.5473080796875001 0.8801621125000001 0.537026225 0.8791225 0.5331182171875 0.8897145640625
0 0.616522715625 0.8780703625000001 0.616673015625 0.88535766875 0.6256833421875 0.8950426734375 0.6394953812499999 0.9104301343750001 0.6641823796875 0.9285771140625 0.6573941718749999 0.9184844328124999 0.6534780609374999 0.9016471796874999 0.6466898515625 0.8915545 0.6376795265624999 0.8818694953125 0.624818075 0.8747197515625 0.616522715625 0.8780703625000001
0 0.6764386609375 0.79283195625 0.6866920750000001 0.7978999734375 0.6957592796875 0.799528171875 0.7056552109374999 0.798078378125 0.7073126625 0.79192239375 0.7063336343750001 0.7877130796875 0.7041399578125 0.784092353125 0.6948940140625 0.7792052500000001 0.684819340625 0.7773961390624999 0.6775030078125 0.7849560640625001 0.6764386609375 0.79283195625
0 0.754025875 0.747875071875 0.75476928125 0.7568822859375001 0.759985359375 0.7610457453125 0.7740898984375 0.7635785 0.7749470640625 0.7564721046875 0.7761901531250001 0.751855115625 0.77621859375 0.7478267125 0.7724243453125 0.74230516875 0.76741545 0.7373722109375 0.75873416875 0.738233415625 0.754025875 0.747875071875
0 0.8150792499999999 0.7015626046875 0.8295697140625 0.7065847656249999 0.83140590625 0.7036876828125 0.8354926562500001 0.6963545234375 0.8343064468750001 0.6929147078125 0.824467396875 0.686307696875 0.8123493500000001 0.688165165625 0.80968443125 0.694140240625 0.8150792499999999 0.7015626046875
0 0.8414724796874999 0.6780674765625 0.8503040625 0.6844935765625 0.86704508125 0.685079659375 0.8679022484375001 0.6779732640624999 0.8677235078125 0.674714359375 0.8661513750000001 0.6687851390625 0.86274305 0.6657529984374999 0.8530827421874999 0.6624048921875 0.8439586562500001 0.668833496875 0.8414724796874999 0.6780674765625
0 0.9396354671874999 0.7763648078125 0.9299467171875001 0.777045103125 0.9292682937500001 0.787410403125 0.9308404234375001 0.793339625 0.9418941234375 0.7993580484375 0.9509897687500001 0.7969578453125 0.9561124265625001 0.78577719375 0.9537400078125 0.7788975640625 0.9396354671874999 0.7763648078125
0 0.9903380421874999 0.595894540625 0.9871653390624999 0.5880645015625 0.9821564437500001 0.58313154375 0.9642292156250001 0.5791056453125 0.955698234375 0.5872541578125 0.9580422109375 0.598162190625 0.9755835156250001 0.5996986828125 0.9903380421874999 0.595894540625
0 1 0.4855036390625 0.9935920984374998 0.4778936984375 0.9814740531249999 0.4797511671875 0.9681413593750001 0.482197225 0.9636402453125001 0.49106938125 0.9639977296875 0.497587190625 0.9724149484375001 0.5055522859375 0.9774238437499999 0.51048524375 0.9826683640624999 0.5106203015624999 0.9889487875 0.5069078671875 0.9944289281250001 0.5022450234375 0.9966510421875 0.501837346875 1 0.5033195593750001 1 0.4855036390625