0 0.24000523281250002 0.565861578125 0.229329009375 0.5658590218749999 0.2130438953125 0.5735533921875 0.212127015625 0.578583725 0.2217140046875 0.60053751875 0.23414087343749998 0.603360653125 0.24011896406250002 0.597188225 0.24710317499999998 0.5819457984375 0.2453464078125 0.5702836453125 0.24000523281250002 0.565861578125
0 0.304127325 0.5264709390625 0.3128621796875 0.5140490921875001 0.31193917656250003 0.510237846875 0.3044781578125 0.5014707031250001 0.29362345625 0.5095474765625 0.295195621875 0.5204473828125 0.304127325 0.5264709390625
1 0.5 0 0 0 0 0.4525398046875 0.010937553125 0.44873206718749997 0.0529040484375 0.4456932953125 0.0738995421875 0.461857065625 0.107768096875 0.4606456453125 0.113389234375 0.47063187656250005 0.138332209375 0.4722384796875 0.1503960015625 0.48237869218749996 0.1675271265625 0.5002183859375 0.1825322828125 0.5048714296875 0.1938576703125 0.5119626453125 0.20757062187500003 0.51127994375 0.2272555390625 0.4955832375 0.25173395468750004 0.49086342812500006 0.2642439390625 0.48080531875 0.2821843359375 0.47112961249999996 0.2897407171875 0.48469866875 0.309157921875 0.48112095468750005 0.3227816328125 0.48447791875 0.3230615953125 0.4900420796875 0.3389897546875 0.4985063671875 0.3669572125 0.4817445578125 0.36989245312499996 0.467415809375 0.37624586875 0.47160945625000006 0.3760735125 0.4885303625 0.395586078125 0.48975456250000005 0.405613140625 0.48266845937499997 0.4108467046875 0.46460545625 0.4251965734375 0.4533282609375 0.43265759375 0.462095403125 0.43938633281249995 0.476655125 0.44537667187499996 0.4881658546875 0.4865094 0.4772761734375 0.49221977656250004 0.48322273750000005 0.4993054703125 0.4816238046875 0.5 0.4761298375 0.5 0.43417636562500006 0.4958628046875 0.42773509687500005 0.5 0.42538381875000003 0.5 0
0 0.5406471171875 0.2724987671875 0.5611019359375 0.2584252921875 0.53738945625 0.2590473125 0.517691159375 0.27105853125 0.5248508078125 0.2902498734375 0.5406471171875 0.2724987671875
0 0.5759358890625 0.10186299843749999 0.5647764734375 0.09208617031250001 0.5524405921875 0.10338178281249999 0.5587315265624999 0.1189860703125 0.5689100453125 0.11952653437500001 0.5775683203125 0.113789653125 0.5759358890625 0.10186299843749999
0 0.64403590625 0.2482226359375 0.659517259375 0.24472916718749999 0.663082675 0.2335211265625 0.6615624328124999 0.22724378125000003 0.6525747890625 0.2264345890625 0.640561071875 0.2338744203125 0.6387258703125 0.24185471249999999 0.64121980625 0.24696656562500002 0.64403590625 0.2482226359375
0 0.765110771875 0.1206495640625 0.75114245625 0.12001852187499999 0.7405367890625 0.1280863875 0.749209475 0.14315321875 0.7675069265625 0.1409158203125 0.77248039375 0.1303358140625 0.765110771875 0.1206495640625
0 0.731639725 0.1017209359375 0.7190794625000001 0.101717928125 0.7072829203125 0.110054521875 0.7150868953125 0.12153429843750001 0.7308976125 0.1245869046875 0.73468020625 0.11427562656250001 0.731639725 0.1017209359375
0 0.6245084953125 0.0379390921875 0.6134684703125 0.0442134296875 0.6174826515625 0.055602628125 0.636970975 0.053096500000000005 0.639457709375 0.0478064984375 0.6370687593750001 0.0379420984375 0.6245084953125 0.0379390921875
0 0.9594608234375 0.42010810000000004 0.9647564531249999 0.40567231093749995 0.9590120609374999 0.3975108609375 0.9502415937500001 0.39759843125 0.9435307093749999 0.401004328125 0.9398531015625 0.406563059375 0.9413733421875001 0.41284040468749994 0.9499338390624998 0.422257925 0.9594608234375 0.42010810000000004
0 0.015176625 0.939914809375 0.0099308140625 0.9402946546875001 0.0135335890625 0.9595793 0.025222053124999998 0.9593534390624999 0.032301626562500005 0.9489129265624999 0.028157296874999998 0.9450246906249999 0.015176625 0.939914809375
0 0.080984615625 0.9427507234375 0.086790353125 0.9534992015625001 0.120729778125 0.9217233859375 0.0842890578125 0.9299464734375 0.06488410156249999 0.9512073421875 0.080984615625 0.9427507234375
0 0.1100509453125 0.785057496875 0.11981028906249999 0.7900903875 0.13333863906250001 0.7886454359374999 0.13056962968750002 0.7772117 0.12218560468749999 0.7646333140625 0.106906609375 0.7632576859375 0.084089603125 0.7748377375000001 0.10755577499999999 0.770346346875 0.1100509453125 0.785057496875
0 0.030355042187499997 0.6631618593749999 0.0244600671875 0.6564530453125 0.0127716 0.6566789078124999 0.0037567828125 0.66353659375 0.005233587499999999 0.6696345859375 0.013337648437499999 0.6766488109375001 0.0287951203125 0.669945109375 0.030355042187499997 0.6631618593749999
0 0.22516920312500002 0.8901168890625 0.2190003875 0.8866854906249999 0.206025840625 0.8904171875 0.20069078906249999 0.8948366984374999 0.2039243625 0.9125968453125001 0.2159820296875 0.9138954828125 0.2224185625 0.9052078874999999 0.2248061234375 0.8974339703125 0.22516920312500002 0.8901168890625
0 0.20526033593749998 0.7153385484375 0.19743011562499999 0.705046909375 0.1837171640625 0.7057296109375 0.1721240609375 0.7107573859375 0.1693672953125 0.71700680625 0.17627451249999998 0.7234872 0.1911843078125 0.7233383296875 0.20526033593749998 0.7153385484375
0 0.17368035937499998 0.609375 0.1642326078125 0.6120499671874999 0.159266759375 0.6179939765625 0.163048009375 0.6291992937499999 0.163697175 0.6362879546875 0.174188796875 0.6355282609375 0.18624034218750002 0.62798531875 0.19102159218749998 0.6212790609375001 0.1886217828125 0.611369821875 0.18229523281249999 0.609375 0.17368035937499998 0.609375
0 0.269086703125 0.7805223453125001 0.2726833546875 0.7909654140625 0.289986834375 0.7918842015625 0.2961495265625 0.7864740234375 0.2976140859375 0.7748888609375 0.2895100265625 0.7678746359375 0.2728557109375 0.7740445078125 0.269086703125 0.7805223453125001
0 0.33700841718749996 0.7788617578125 0.32550455 0.7798498703125001 0.3182342546875 0.7806865546874999 0.310416278125 0.78807806875 0.3100532015625 0.7953951484375 0.3209201484375 0.8050015328125 0.3328824546875 0.801498253125 0.339045146875 0.796088075 0.338669821875 0.7857219984375 0.33700841718749996 0.7788617578125
1 0.5 0.609375 0.23456638437500002 0.609375 0.240901421875 0.6156506875 0.23466173750000002 0.6427836859375 0.2561156703125 0.6564322890625001 0.257050921875 0.677926690625 0.26488114218750003 0.6882183312500001 0.2695915203125 0.7120764703125 0.2561585328125 0.7183233343750001 0.26224423125 0.7346359765624999 0.2830428796875 0.7323543406249999 0.2683238078125 0.7421070390625 0.28241820781250004 0.7606319906250001 0.29760183906250004 0.7572057046875 0.31498843593750003 0.7452432515625 0.3375499734375 0.7634653499999999 0.34335570937500004 0.774213828125 0.32899971875 0.7766494453125 0.30976711562500003 0.7809894078124999 0.312083809375 0.8037798875 0.344475559375 0.796470478125 0.3578254328125 0.80310485625 0.37466434843749996 0.797697234375 0.3863589390625 0.8063129484375 0.37606416249999997 0.825518046875 0.36419721875 0.8338232375000001 0.37139052031249997 0.8547093734375 0.3946659703125 0.84061415625 0.41491081249999995 0.836045775 0.4070989625 0.852278865625 0.421461075 0.8586848265625001 0.431940453125 0.840241978125 0.44953001875 0.8555665078124999 0.4598431640625 0.86288614375 0.4680425875 0.8747022812499999 0.465839625 0.8832384484375 0.48011250156249996 0.893684071875 0.492253284375 0.8821014640625 0.5 0.88499583125 0.5 0.609375
0 0.5 0.758690775 0.5107620015625 0.7549441531250001 0.5094636734375 0.74076683125 0.5 0.742902371875 0.5 0.758690775
0 0.5707458859375001 0.7205068546875 0.563577075 0.7349870296875001 0.5801482734375 0.7416984015625 0.5913783 0.743987703125 0.5998393171874999 0.734843271875 0.5996485921875 0.7252394453125 0.58344659375 0.7200525718749999 0.5707458859375001 0.7205068546875
0 0.6663734625 0.7230450265625 0.6785142453125 0.7114624203125001 0.668290340625 0.70010311875 0.6502545796875 0.7049769109375 0.6529282265624999 0.7116087359375001 0.6573525218749999 0.721061134375 0.6663734625 0.7230450265625
0 0.72908961875 0.6469919984375 0.7309233781250001 0.6369313328125 0.7228193171875 0.6299171078125 0.7009191921875 0.6364668265625 0.706724928125 0.6472153031250001 0.71602583125 0.654763359375 0.72908961875 0.6469919984375
0 0.8280522546875 0.680933809375 0.8341318296875 0.6884048703125 0.8462787359374999 0.6856638421875 0.8546505140624999 0.680559075 0.8540905875 0.6694307484375 0.8360487078125001 0.6654629640625 0.826021646875 0.67254906875 0.8280522546875 0.680933809375
0 0.9140280953125 0.700924159375 0.912551290625 0.6948261687499999 0.9021489062499999 0.691546196875 0.8920264828125 0.6938303875 0.8896389203125 0.7016043046875 0.893140209375 0.7072454593749999 0.9033579953124999 0.7097631828125 0.9144926578125 0.707250571875 0.9140280953125 0.700924159375