0 0.1808481140625 0.0227804625 0.1755214703125 0.016440039062500002 0.1697593140625 0.0132333640625 0.1641911828125 0.014214134375000001 0.1595917859375 0.0193914640625 0.1585755890625 0.026703540625 0.1625468390625 0.0372131765625 0.172521734375 0.0436082953125 0.1804139921875 0.042654873437500004 0.1826892640625 0.03745019375 0.1808481140625 0.0227804625
0 0.3524034828125 0.09490064375 0.3485787953125 0.10008709062500001 0.3474662796875 0.11367577656250001 0.3580218609375 0.11589256562500001 0.3648002125 0.11178716562499999 0.36920558593749997 0.10242238906250001 0.369107878125 0.0919583359375 0.36383008906250003 0.090849940625 0.356857709375 0.0907678953125 0.3524034828125 0.09490064375
0 0.42634417343750003 0.14913153125 0.413077809375 0.15525316718749999 0.4124985171875 0.176172159375 0.41976123593750003 0.174165040625 0.4275083234375 0.1742562015625 0.43554575 0.172258196875 0.443534325 0.1650281671875 0.44556671875 0.150404015625 0.43486596874999994 0.149231809375 0.42634417343750003 0.14913153125
0 0.38790325625 0.196808553125 0.3698434703125 0.203920075 0.36713268593750004 0.2122585 0.3729436953125 0.220697203125 0.38780833124999997 0.21982582812499998 0.4116777359375 0.20441234375 0.406254775 0.20434853125000002 0.395069659375 0.20107804375 0.38790325625 0.196808553125
0 0.352462075 0.21731732187500002 0.3486359953125 0.2057631046875 0.34088890781250003 0.2056719421875 0.33532077656250003 0.2066527125 0.3277202515625 0.222257634375 0.3328054078125 0.23591924843749998 0.3413272015625 0.23601952499999998 0.3540128828125 0.23407621875 0.352462075 0.21731732187500002
1 0 0 0 0.4296875 0.2395165875 0.4296875 0.23753154531249998 0.418945275 0.24062898906250002 0.40224107499999995 0.232252365625 0.4010962171875 0.2186468046875 0.40407498906250006 0.2078008859375 0.40394736406250004 0.2154502640625 0.39357447031250004 0.244114484375 0.393911765625 0.2377688609375 0.361402090625 0.2229042265625 0.362273465625 0.22764740312499998 0.3393108875 0.2406722796875 0.34051044531249997 0.24986968437499998 0.3134151203125 0.2335519484375 0.307991653125 0.23355055781249998 0.2912509890625 0.244734284375 0.2777808125 0.248849315625 0.2705052 0.2576600609375 0.25177565 0.25262236875 0.2266053984375 0.23281774687499998 0.212770578125 0.218292309375 0.21678481718749998 0.20894695156249998 0.21144339687499997 0.2115111734375 0.1874088890625 0.20376408750000002 0.1873177265625 0.2096211703125 0.167507128125 0.203228084375 0.146506090625 0.1948975328125 0.117111928125 0.19010271875 0.1013611515625 0.1778525515625 0.1001707109375 0.1666674359375 0.096900221875 0.16245330468750002 0.076971115625 0.1651626984375 0.051892024999999994 0.1592539796875 0.0329892671875 0.1478748390625 0.0255313328125 0.1399195546875 0 0 0
1 0.6952458640625 0 0.689072015625 0.0010874609375 0.669876315625 0.0144018125 0.6526167734375 0.0203533671875 0.6427635578124999 0.038701371875 0.6315998671874999 0.0533411671875 0.6296875 0.0533186640625 0.6296875 0.4296875 1 0.4296875 1 0.23355881093750003 0.9927643078124999 0.22007380156249998 0.9866093453125 0.1855353375 0.9744751218750001 0.17431417968750001 0.96797858125 0.14223355625 0.959148465625 0.133513140625 0.971906734375 0.1139683875 0.974126996875 0.09799242500000001 0.96956825 0.0782439015625 0.9704780375000001 0.058559726562500004 0.9614196546875 0.04491290625 0.944785796875 0.0397934515625 0.9354416765625 0.015064898437499998 0.928206140625 0.0014395265625000001 0.9109465968749999 0.0073910828125 0.90445333125 0.0147002546875 0.8866814203125 0.0243385703125 0.8760859374999999 0.0217520296875 0.865148871875 0.0216233328125 0.8588822328125 0.0141640125 0.8553059109374999 0 0.8101391578125 0 0.8096079734374999 0.007429545312499999 0.7878400203125 0 0.738999815625 0 0.723535259375 0.0027239234375000003 0.7087823453125 0 0.6952458640625 0
0 0.348012453125 0.564340659375 0.3348912625 0.5694177125 0.324433390625 0.577664978125 0.32298168125000004 0.5881107984375 0.33135830624999996 0.589255659375 0.3413806640625 0.5841421421875 0.3467547703125 0.5789739265625 0.351063825 0.5758857609375 0.348012453125 0.564340659375
0 0.5813923890625 0.554531390625 0.5752435734375 0.5596904875 0.5651737515625 0.57631264375 0.547113965625 0.583424165625 0.5208715796875001 0.5935782703125 0.55297383125 0.59709489375 0.5789258734375 0.5890299531250001 0.5903036234375 0.579747221875 0.593255896875 0.5640876046875001 0.5813923890625 0.554531390625
0 0.3378044171875 0.66571071875 0.328847109375 0.6687441890625 0.3254593234375 0.6875375531250001 0.326137715625 0.6938232796875 0.3391625921875 0.695022834375 0.3494752921875 0.6878201515625 0.35354146875 0.6753125140625 0.3378044171875 0.66571071875
0 0.31896853125 0.656072459375 0.31238420312500004 0.6643653046875 0.31112651874999997 0.678998571875 0.3131603015625 0.6811150859375 0.328654475 0.6812974078125 0.33538397343750004 0.67195998125 0.3355766078125 0.6594067625 0.31896853125 0.656072459375
0 0.228643 0.95424866875 0.21406870625000002 0.9530308812499999 0.204918765625 0.9686175703125001 0.2084056484375 0.9770289250000002 0.2100039203125 0.9822791843750001 0.21470102500000002 0.987565909375 0.22399753125 0.9876753015624999 0.2317920796875 0.976257825 0.23459918124999998 0.9616427906249999 0.228643 0.95424866875
0 0.1929100859375 0.9601059375000001 0.190926546875 0.9799621171874999 0.19542962656250001 0.9810613968750002 0.209325528125 0.9759934593749999 0.2124718265625 0.9645212859375001 0.2066608171875 0.9560825843749999 0.20356198124999997 0.95604611875 0.1929100859375 0.9601059375000001
1 0 0.4296875 0 1 0.174481596875 1 0.180855334375 0.9798436078125 0.1871953921875 0.9453906249999999 0.187533196875 0.9317928234374999 0.20893330625 0.9173965765624998 0.21590568437500002 0.9174786203124998 0.21575912343749998 0.9017825390624999 0.2278613359375 0.8705362328125 0.22326054687500002 0.8589728984375 0.21038084218750003 0.8567287593749999 0.22969831406250002 0.8349839703124999 0.222628228125 0.824437871875 0.21134679374999998 0.8274439921875001 0.2105706953125 0.8106942109374999 0.2285802359375 0.7816099968750001 0.2164738484375 0.7626343109375 0.22625332812500001 0.7481013203125 0.23753615312499998 0.7618358656249999 0.24315174687500002 0.7493464578125 0.24353840624999998 0.740980684375 0.232933971875 0.7335318671875 0.2576744046875 0.711850890625 0.249829609375 0.7012956734375 0.23419026718749997 0.702157934375 0.22963833125000002 0.695826628125 0.240530325 0.6677049515625 0.236219878125 0.654052453125 0.22702108124999998 0.6644071140625 0.21801491875 0.6622085578125001 0.21336527656249998 0.645413196875 0.20421394375 0.6442592203124999 0.2006279609375 0.6086431453125 0.192541678125 0.605409121875 0.185227321875 0.5687028859375001 0.1676030484375 0.5726806609375 0.1582563 0.550598575 0.1643562625 0.5402074484374999 0.16372533281249999 0.5224130859375 0.15045896875 0.5285347218750001 0.1515714828125 0.5149460375 0.1651756515625 0.4952265984375 0.1650779421875 0.48476254531249996 0.1503096265625 0.4793573109375 0.139996925 0.48655999375 0.1291998578125 0.4916643953125 0.124794484375 0.5010291718750001 0.1202900125 0.483189228125 0.1235814828125 0.4706724734375 0.12624341249999999 0.4571020203125 0.11128106874999999 0.44750934062500003 0.10309707812499999 0.4338112625 0.08992703125 0.433656290625 0.086400875 0.4296875 0 0.4296875
0 1 0.456000828125 0.9952124375 0.462492975 0.9901286718750001 0.465572025 0.9858684703125 0.4738922171875 0.9772503578125 0.48006855000000004 0.9714895921875 0.493602540625 0.9723620093750001 0.5040757109375 0.9739602812499999 0.5093259703124999 0.98015795 0.5093988984375 0.9847573468749999 0.50422156875 0.9897434046875 0.4906784625 1 0.47975326406249996 1 0.456000828125
0 0.9557608875 0.58444473125 0.9620074109375001 0.5897496859375 0.9775015828125 0.589932009375 0.9833600562499999 0.586862075 0.988491284375 0.5722743890624999 0.9853435953125 0.567005896875 0.970284934375 0.563689828125 0.96098843125 0.5635804359375001 0.9561475453125 0.5760789578125001 0.9557608875 0.58444473125
0 0.9290466546874999 0.7431665375 0.92299415625 0.7420490265625 0.9144248968750001 0.7534573859375 0.9151521421875 0.7649751390625 0.9182035140625 0.7765202421875 0.9282747265625 0.77663875 0.9410078687500001 0.7631868078125 0.9427499203125 0.75065181875 0.9357286890625 0.7453377484375 0.9290466546874999 0.7431665375
0 0.9140479765624999 0.8790078109374999 0.91961610625 0.878027040625 0.9271203140625 0.8686987296875 0.928426853125 0.8592974906249999 0.928038803125 0.8509226 0.92285733125 0.8435375953124999 0.9178698828125 0.840340034375 0.9092517703125 0.8465163687499999 0.9039265171875 0.8569166093749999 0.9036361750000002 0.859005775 0.8973910437499999 0.8704414828125 0.8962296765625 0.8787981406250001 0.900152075 0.8840757484375 0.9040256171875001 0.8841213281249999 0.9095937484375 0.8831405593749999 0.9140479765624999 0.8790078109374999
0 0.8882295593749999 0.4296875 0.8878643484375001 0.43088736875 0.8908668671875001 0.43720044375 0.899824175 0.434166975 0.9096050437500001 0.43637464687499994 0.90982561875 0.4296875 0.8882295593749999 0.4296875
1 0.6296875 0.4296875 0.6296875 0.9722520015625001 0.768053984375 0.9735597468750001 0.7749465718749999 0.9642130953125001 0.7810465328125 0.9538219703124999 0.7847260515625 0.9496801062500001 0.7956682875000001 0.943531121875 0.7937308203125 0.9351379999999999 0.8031724953125 0.9342028093749999 0.8228291625 0.915600884375 0.8304785406249999 0.905227990625 0.8390477984375 0.8938196312500001 0.8582689546875001 0.8783514499999999 0.8768131078125 0.8733382109375001 0.8834937515625001 0.8587687546874999 0.8631098390625 0.865852928125 0.8505693296875 0.8667516531250001 0.8544903359375 0.8552885968750001 0.8559420453125 0.8448427734374999 0.856813071875 0.8385752796875 0.858119609375 0.829174040625 0.864268425 0.8240149421874999 0.86901299375 0.8177930281249999 0.8709490703125 0.8094454859375 0.8697863109374999 0.8010614796875 0.874821221875 0.792750403125 0.8900725156250001 0.7835132515625001 0.892104909375 0.7688891 0.8877944624999999 0.755236603125 0.8999957734375 0.751195015625 0.9083221531250001 0.7303671828125 0.907014225 0.723027759375 0.8993634546875 0.7166599890625001 0.920569540625 0.69807629375 0.906915125 0.6958230390625 0.8968439125 0.6957045296875 0.897860109375 0.6883924546875 0.8994569890624999 0.67690205 0.9002791609375 0.665402528125 0.9007621374999999 0.6507601453125 0.8948059562499999 0.643366025 0.8970812265625 0.6381613453125 0.913738159375 0.6467276734375 0.9159157234374999 0.6310589390625 0.927583815625 0.6196870453125001 0.9348451437499999 0.6009392609375 0.9358124875 0.5883951578125 0.930631015625 0.581010153125 0.9187688968749999 0.588194603125 0.9078266578124999 0.5943435875 0.9007077203125 0.5785654593749999 0.9124246656249999 0.57242559375 0.91726694375 0.5766677328125 0.9239964421875 0.5673303046875 0.92806261875 0.5548226671875 0.9329523578125001 0.5475561734375 0.9248172234375 0.5390901203125 0.9121315421875 0.5410334296875 0.8986222984375001 0.537735590625 0.8975083937499999 0.5345836125 0.896247928125 0.5157355515625001 0.8977470999999999 0.4937810921875 0.896051121875 0.478066778125 0.892031015625 0.462325115625 0.8850572484375 0.44550240468749996 0.8779383078125 0.42972427812499997 0.8779333859375 0.4296875 0.6296875 0.4296875