0 0.323118415625 0.0637069921875 0.3185937765625 0.046203376562499995 0.3107812765625 0.0466128125 0.3056035328125 0.05523275 0.30536792031250004 0.07089869374999999 0.313289546875 0.0736142578125 0.320284421875 0.07220410000000001 0.323118415625 0.0637069921875
0 0.13146749062500002 0.335687825 0.14191474843750002 0.3434888921875 0.1512897484375 0.34299756875 0.152561240625 0.3345823484375 0.152270234375 0.3262490140625 0.1478547234375 0.3118704 0.140224103125 0.31748816875 0.1356457296875 0.3208588296875 0.131140109375 0.326312825 0.13146749062500002 0.335687825
0 0.014318026562499999 0.3877445828125 0.01996865625 0.392666309375 0.03172378125 0.3930938234375 0.0488385296875 0.39010973125000004 0.052526525000000004 0.3836550140625 0.0441683875 0.36843945 0.0324496375 0.369053603125 0.018459889062500002 0.3718739203125 0.01004801875 0.3775326328125 0.011828773437499999 0.3837007453125 0.014318026562499999 0.3877445828125
0 0.10329207656249999 0.447783178125 0.1215518328125 0.455174809375 0.130744953125 0.449475153125 0.1253663140625 0.42992914843749996 0.1175901890625 0.43138025 0.09980331875000001 0.4375302859375 0.10329207656249999 0.447783178125
0 0.152129709375 0.4567030109375 0.1559632078125 0.4544149578125 0.157016446875 0.4397497375 0.1518924375 0.4274954 0.1407366828125 0.421818609375 0.1323248125 0.427477321875 0.12949081875 0.43597443125 0.13294319999999998 0.44518565624999995 0.14104670625 0.453109553125 0.152129709375 0.4567030109375
1 0.46875 0.4890625 0.46875 0.15208348437500002 0.4639649890625 0.15233425625000002 0.444251859375 0.1481495109375 0.42359461875 0.1617549875 0.4185797375 0.15262565 0.4105489828125 0.1467850859375 0.4063517265625 0.1386564703125 0.3938517265625 0.13931156718749999 0.3885648546875 0.14480650625 0.3852042421875 0.1606362234375 0.3881300046875 0.177180059375 0.3830250125 0.1878833328125 0.377175146875 0.1996692140625 0.3759764046875 0.21016776718750002 0.365802796875 0.23261597812499998 0.349942184375 0.24910079375 0.34069366875 0.230801171875 0.3290476703125 0.233498659375 0.3242700609375 0.25357693124999997 0.32850369375 0.2627472140625 0.3377885828125 0.2820885 0.3272512171875 0.29412004375 0.3324843546875 0.3094993828125 0.317404990625 0.32594325468749996 0.304087365625 0.32559762812500004 0.3000182546875 0.343551621875 0.286120275 0.37141288437500003 0.2794164078125 0.3811563765625 0.2654456765625 0.40693430468749997 0.2692618171875 0.42656219531249995 0.2729688296875 0.44306508906250003 0.26028695 0.43851185312499996 0.2464427046875 0.4454988375 0.2387757078125 0.45007493906249996 0.22965533906250002 0.45785792968749994 0.22547709999999999 0.4726869234375 0.23183271562500002 0.4890625 0.46875 0.4890625
0 0.8037276906249999 0.024164603125 0.796732815625 0.025574762499999997 0.7940807015625 0.0392802015625 0.7913922109375 0.05194397656250001 0.785360465625 0.058521525 0.798641715625 0.057825484375 0.8030208515625 0.0711624328125 0.8098892390625 0.0885432171875 0.8169204890625 0.088174725 0.8137037203125 0.06329755625 0.8134854656249999 0.05704755625 0.8191360953124999 0.06196928593749999 0.8163922109375001 0.050633781249999996 0.8138302062499999 0.0445066125 0.8063260703124999 0.0313334390625 0.8037276906249999 0.024164603125
0 0.7874355453125 0.16277007968749999 0.796102046875 0.1644030328125 0.7990087921875 0.1579892578125 0.7994990359375 0.14961498125 0.796827903125 0.1403628125 0.7936301515624999 0.13844325468750002 0.7896875265625 0.1376063046875 0.784327903125 0.141017909375 0.782238784375 0.1484324078125 0.7810400421875 0.1589309609375 0.7874355453125 0.16277007968749999
0 1 0.1635187265625 0.999481678125 0.1610493703125 0.9968105453125 0.15179720000000002 0.9911599171875001 0.146875471875 0.9827480453125 0.152534184375 0.9806953015625 0.16099034843749999 0.9810590609375 0.171407015625 0.981277315625 0.177657015625 0.988344940625 0.178330190625 1 0.175104328125 1 0.1635187265625
0 0.89410635625 0.23649125 0.8922892265625 0.22928147031249999 0.88629385625 0.23690068593750002 0.8816063562500001 0.2371463484375 0.8777728578125 0.23943439843749997 0.8755382359375 0.24268222968750003 0.8733763640625 0.2480133921875 0.87355824375 0.25322172656249997 0.8776827484374999 0.25926700937499997 0.8809168765625 0.262228234375 0.8879481265625 0.2618597421875 0.894125375 0.259448859375 0.8955787468749999 0.25624197187500003 0.8967774890625 0.24574342031250002 0.89410635625 0.23649125
0 0.7884053124999999 0.347431684375 0.7993428124999999 0.3468584734375 0.8070825609375 0.34436570624999996 0.8084631812499999 0.339075484375 0.8081358 0.329700484375 0.7976157921875 0.31981608437500003 0.7890584171875 0.3213081296875 0.7838806734375 0.32992806875 0.7859524359375 0.344429515625 0.7884053124999999 0.347431684375
0 0.8493221359375 0.276406921875 0.8488318921874999 0.2847811984375 0.8514666484375001 0.2929917 0.86169565 0.2945427671875 0.8656019 0.29433805 0.8679092734375 0.29317355156249997 0.869108015625 0.2826749984375 0.8689625124999999 0.2785083328125 0.8664005078125001 0.2723811625 0.8600050046875 0.26854204375 0.8539005078125002 0.273036259375 0.8493221359375 0.276406921875
0 0.7456201015625 0.39976546874999996 0.749890109375 0.40997741718749997 0.759265109375 0.40948609375 0.7645519796875 0.4039911546875 0.7697297234375 0.3953712171875 0.766240965625 0.385118325 0.7568659656250001 0.385609646875 0.7490534656250001 0.38601908281249997 0.745401846875 0.39351546875 0.7456201015625 0.39976546874999996
0 0.6540700078125 0.445262753125 0.6509813828125 0.4464681953125 0.6497098890624999 0.454883415625 0.650037271875 0.464258415625 0.6535260296875001 0.47451130781249995 0.6567601578125 0.47747253437500004 0.66840615625 0.4747750453125 0.6720941500000001 0.468320328125 0.6717667687500001 0.458945328125 0.6659342609375 0.44881526718750003 0.6603200078125 0.44493520468750003 0.6540700078125 0.445262753125
0 0.46875 0.4817900796875 0.469078278125 0.48209065781250005 0.48563003125000004 0.4853975109375 0.49496865625 0.4838645203125 0.503416903125 0.47924747500000003 0.5031258953125 0.470914140625 0.4990377671875 0.46591052499999996 0.496621265625 0.4639500234375 0.4910797640625 0.46215329374999997 0.4823768859375 0.4594786734375 0.4776893859375 0.45972433593749995 0.46875 0.46260347656249995 0.46875 0.4817900796875
0 0.33923697812500003 0.554713771875 0.3310970953125 0.5457482078125 0.324102221875 0.5471583671875 0.3182523546875 0.5589442484375 0.3202149890625 0.5703206953125 0.3258292421875 0.57420075625 0.335131490625 0.5716261 0.3381837390625 0.56937899375 0.33923697812500003 0.554713771875
0 0.46875 0.4890625 0.45578963593750005 0.4890625 0.45099044375 0.505026953125 0.4622917015625 0.5148704109375 0.46875 0.5145319453125 0.46875 0.4890625
0 0.280410934375 0.6631975921875 0.2727976703125 0.6468994171875 0.2642039203125 0.647349796875 0.2549744234375 0.6520077875 0.2547751875 0.6687153968749999 0.25740994375000004 0.6769259 0.27303494375000004 0.676107028125 0.280410934375 0.6631975921875
0 0.094807453125 0.8618113781249999 0.10218344374999999 0.8489019421874999 0.1049083109375 0.8372798359375 0.095060425 0.8242294906250001 0.08494055 0.8258034249999999 0.0807986875 0.8416740859375 0.0905010703125 0.8505577640624999 0.094807453125 0.8618113781249999
0 0.122948153125 0.7935479125 0.1288170359375 0.804719640625 0.12761829375 0.8152181953125 0.1386285453125 0.8167283187500001 0.1452596625 0.8049014937500001 0.1355572796875 0.7960178156250001 0.12463713750000001 0.7746750828125 0.122948153125 0.7935479125
1 0.46875 1 0.46875 0.5479262828125 0.458768228125 0.5484494046874999 0.43636660781250003 0.5569284359375 0.4177984875 0.5631194140625 0.3944337390625 0.56643105625 0.38345986249999997 0.5659625984375001 0.3660714671875 0.5386974140625 0.3766104921875 0.5715394234375 0.37882775625 0.5902075375 0.3652555 0.5825702453125 0.369889265625 0.6031988593750001 0.35326476093750003 0.597808675 0.3496495171875 0.6063467265625 0.33878476874999996 0.6090032703125 0.3314261375 0.5999967625 0.31378476875 0.6103134640625 0.3090799109375 0.6324750703124999 0.31491241875 0.6426051312500001 0.3286665546875 0.6554507562499999 0.31656668906249996 0.6675641875 0.2967270734375 0.6821703875 0.27209083125 0.6938972484375 0.2504514453125 0.6793777249999999 0.2356076953125 0.680155653125 0.228848434375 0.6658998687500001 0.21155180625 0.663675628125 0.1714898015625 0.65951375 0.20811844218750003 0.6774220109375 0.2216369640625 0.70593358125 0.21642284531249997 0.713511853125 0.2199843546875 0.7258480781250001 0.24376659531249997 0.712078828125 0.24360373281249997 0.7298281046875 0.23428412656250003 0.7543187031249999 0.2205680265625 0.7873882984374999 0.2201331765625 0.819761853125 0.2182259359375 0.8323846843750001 0.22104257187499998 0.84580351875 0.2061260703125 0.8444981140625 0.18466856250000002 0.8351869234375 0.17647494531250002 0.8470956375 0.1864319578125 0.8632709796875 0.1885037203125 0.8777724265625 0.171388971875 0.8807565187499999 0.1736789875 0.9015079640625 0.19095825625 0.9256481484375 0.1898686421875 0.9392717031250001 0.2014782640625 0.9355325499999999 0.210435771875 0.9454988375 0.1996437765625 0.9502387140625 0.20970991562500002 0.9695390578125 0.2048595546875 0.9875339953125 0.1992453015625 0.9836539343750001 0.1942494375 0.99748220625 0.1948840140625 1 0.46875 1
0 0.8264790281250001 0.512267321875 0.8165410328125 0.5190495890625 0.8113632890625 0.527669528125 0.81548779375 0.5337148109375 0.82876904375 0.5330187703125 0.8371445390625001 0.526318390625 0.83440065625 0.5149828875 0.8264790281250001 0.512267321875
0 0.9251381015625 0.603105540625 0.916871734375 0.6129309203125001 0.91890711875 0.6263906984375 0.9229952484374999 0.6313943140625 0.93609461875 0.6254899390624999 0.9388194859375 0.6138678328125 0.9345131015625 0.6026142171875 0.9251381015625 0.603105540625
0 0.6548545765625 0.90947095 0.6575794421875 0.8978488437500001 0.6674083109375 0.8879415765625 0.6624661796875 0.8808955703125001 0.6523099296874999 0.8814278375000001 0.6377208109375 0.8894974328125 0.6548545765625 0.90947095
0 0.64589706875 0.8995046640624998 0.6330333109375 0.8897430937500002 0.6026373125 0.8934232265625 0.63323420625 0.9179090375000001 0.6510574531250001 0.9128006687500001 0.64589706875 0.8995046640624998
0 0.683578946875 0.9027477046874999 0.6719329484375001 0.9054451921875 0.6683177046875001 0.9139832437500001 0.6701348359375 0.921193021875 0.6834160859375 0.92049698125 0.687249584375 0.91820893125 0.6899016984375 0.9045034890625001 0.683578946875 0.9027477046874999
1 1 1 1 0.6135083781249999 0.9982672375 0.6128394531250001 0.99645010625 0.605629675 0.9782994781250001 0.6013630421875 0.9667989828125 0.6082271968749999 0.948121734375 0.6112931765624999 0.94156336875 0.625203334375 0.953682253125 0.636047515625 0.9572801390624999 0.64942540625 0.9389666484374999 0.662908053125 0.9255225375 0.681353371875 0.9228150296875001 0.6710595343750001 0.9214881421874999 0.655475478125 0.9139476312500001 0.6412606375000001 0.8975777562499999 0.6431621187500001 0.8985235281249999 0.670245453125 0.888949290625 0.687444384375 0.8881870578125 0.7104429390625 0.8749785593750001 0.7132223124999999 0.8599165546875 0.707750240625 0.865802796875 0.6970060265625 0.8598247859375 0.6827092968749999 0.8441997859375 0.68352816875 0.8335896671875 0.6934763796875 0.8499058078124999 0.7124491749999999 0.8454365625 0.7189448359374999 0.8504878203124999 0.7291158421875 0.8461277031249999 0.7387365031249999 0.83475369375 0.7268097140625001 0.8274868296874999 0.7428441484375 0.8380432140625 0.753770215625 0.83431884375 0.759183265625 0.826197978125 0.7731753125 0.8152968546875 0.774790190625 0.8029787328125 0.7806536203125 0.795583725 0.7706054453125001 0.78024973125 0.7797576515625 0.79276875 0.8020601624999999 0.78137738125 0.8120493171875001 0.7744379 0.8374587515625 0.7743114156249999 0.8562496953125001 0.774148553125 0.8739989734375 0.7414261640625 0.85588599375 0.7310152828125001 0.8491265921875 0.7265460375 0.8556222546875001 0.716789921875 0.8676128546874999 0.7281275546874999 0.878497978125 0.7527100640625 0.88764539375 0.7609590734375 0.8997359578124999 0.7698802046875001 0.908660578125 0.7613592062500001 0.911194290625 0.75062094375 0.895059890625 0.738521078125 0.9071733218750001 0.7358325875 0.919837096875 0.726076471875 0.9318276953125 0.7162839796875 0.9427766296875 0.7208813703125 0.9623635765625 0.7374694984375 0.966712096875 0.7424480046874999 0.9747997671874999 0.7537856390625001 0.9856848906250001 0.7447016453125 0.9945095484375 0.7456850890625001 1 1 1
0 0.5848276015625 0.7868541703125 0.5769960843749999 0.7643059953125 0.560589834375 0.7651658109375 0.5538495906249999 0.7738676359375 0.5567026015625001 0.7883281390625 0.5780509828125 0.794514328125 0.5848276015625 0.7868541703125