0 0.2629083 0.1675400671875 0.266527725 0.17806184375 0.281662021875 0.17744821718749998 0.2959952359375 0.1718022125 0.29095693906250003 0.166618346875 0.2830954484375 0.1599863890625 0.27300915 0.15770126874999998 0.2629083 0.1675400671875
0 0.2833272484375 0.134975996875 0.280711603125 0.12872403593749998 0.2788776375 0.14366967656250001 0.2808803421875 0.15625061875 0.29398767812500004 0.1632625765625 0.3034755890625 0.1597527609375 0.3045036234375 0.1438160515625 0.299677721875 0.129787015625 0.2954550609375 0.1175116109375 0.2833272484375 0.134975996875
0 0.5706896968749999 0.280928003125 0.5606034 0.2786428828125 0.5480896000000001 0.2814671640625 0.53839899375 0.2857395390625 0.5408070921875 0.2967953609375 0.551284228125 0.3096792796875 0.5520853109375 0.3147116578125 0.558334934375 0.319361475 0.5672196078125 0.3140980296875 0.5686433328125 0.3047188140625 0.56946381875 0.293585965625 0.5706896968749999 0.280928003125
1 0 0.4796875 0.5890625 0.4796875 0.5890625 0.36410984687500003 0.573010478125 0.36472732812499997 0.565974325 0.3429212171875 0.5371391578125 0.3266866421875 0.5153595484375 0.3160929578125 0.4925664546875 0.309312065625 0.4518401296875 0.281490178125 0.4314599890625 0.2817238046875 0.406249096875 0.2719697015625 0.3971568765625 0.2820370109375 0.39997036874999997 0.2915677171875 0.3878668125 0.2888255734375 0.3753675640625 0.2795259375 0.359639734375 0.270303325 0.3489356453125 0.2783884921875 0.3398676796875 0.2682492734375 0.343511359375 0.258564521875 0.321722046875 0.2560534484375 0.325573275 0.24156483125 0.3072249453125 0.23013156562499998 0.294088503125 0.24736743906249997 0.278553665625 0.245464878125 0.270460371875 0.2638433109375 0.277708925 0.2768042515625 0.26983288125 0.2822962109375 0.25833256250000003 0.281307696875 0.2621983421875 0.25469516406250003 0.25232929375 0.2395235671875 0.23658690937500002 0.242424871875 0.22066123124999998 0.22992351093750002 0.206588925 0.18631128749999998 0.21939169375 0.2789532265625 0.1846831890625 0.28079155 0.16592461875 0.27492470625 0.13525548437499998 0.273635771875 0.1305983234375 0.28713331875 0.1382571171875 0.2945278375 0.1293627421875 0.30787389374999996 0.11361550625000001 0.314816503125 0.10593245625 0.32762851249999997 0.10088930781250001 0.326485953125 0.0934429125 0.310246265625 0.0744719421875 0.313224590625 0.078496759375 0.32222125 0.07667249375 0.32908427812499996 0.06739698125 0.32374892499999997 0.0546853375 0.3232944578125 0.037948875 0.3138433328125 0.0258259125 0.3272664125 0.032876618749999996 0.33694860625 0.0455834140625 0.3414443796875 0.0536378984375 0.355396390625 0.0489904390625 0.360811325 0.0177326203125 0.3456448453125 0.0027816171875 0.3616611375 0 0.36264337812499997 0 0.3923201703125 0.0031482015625 0.3924664640625 0.0152760125 0.37500207812499997 0.030202764062499998 0.3791923171875 0.002935803125 0.4013116359375 0 0.402150559375 0 0.4796875
0 0.19099206875000002 0.0679734203125 0.19445245625000002 0.042886003125 0.1952729421875 0.0317531578125 0.1791251671875 0.036179578125 0.16741245 0.0440362359375 0.1706167796875 0.064165740625 0.19099206875000002 0.0679734203125
0 0.6614533781249999 0.2867058328125 0.6850524015625 0.2944777953125 0.686876665625 0.2876147671875 0.67135153125 0.27762959375 0.659252825 0.2708461453125 0.6626986593749999 0.257882646875 0.6550253125000001 0.2626120453125 0.642110971875 0.2629201375 0.6281880015625 0.26299971875 0.62535510625 0.2696342359375 0.6318074250000001 0.2735214953125 0.643095346875 0.283355178125 0.6485390359375 0.2870139265625 0.6590258765625 0.291815234375 0.6554015984375 0.2853347625 0.6614533781249999 0.2867058328125
0 0.761554071875 0.272194203125 0.7510623843750001 0.27143420156250003 0.7433938875 0.27212229374999997 0.738949125 0.27677466875 0.7389442749999999 0.280815975 0.74015075 0.2843232328125 0.748620328125 0.2886675171875 0.7568920625000001 0.28973305312500003 0.763754625 0.288053890625 0.7639670234375 0.2792087203125 0.761554071875 0.272194203125
0 0.7373442031249999 0.4796875 0.738108190625 0.47304501875 0.7320564125 0.4716739484375 0.7219701140625 0.46938882812499994 0.7132929890625 0.46984840937500005 0.7060201828125 0.477093996875 0.7074706281250001 0.4796875 0.7373442031249999 0.4796875
0 0.8342665359375001 0.38083453125 0.8292233875000001 0.379691971875 0.8235721500000001 0.3808370890625 0.8199381734375001 0.3824392296875 0.8169074343750001 0.385795 0.8156912578125001 0.3903703515625 0.8070092796875 0.3948712390625 0.8136642953125 0.39799593906249997 0.8221338734374999 0.40234022343750003 0.8326255625 0.4031002234375 0.83605684375 0.4022606421875 0.8396956734375 0.39661719687499997 0.8415199390625 0.3897541671875 0.8393048343749999 0.386018396875 0.8342665359375001 0.38083453125
0 0.9182922187500001 0.31012973593750004 0.9150539328124999 0.3182893703125 0.922505178125 0.330487753125 0.9315828453125 0.33254435937500004 0.9370313890624999 0.332161803125 0.9410756078125001 0.3249932390625 0.943913353125 0.31431741562500004 0.9414955546874999 0.3113442046875 0.9277801296874999 0.3066199203125 0.9182922187500001 0.31012973593750004
0 0.8702057703125 0.36229693749999997 0.8619340359375001 0.3612314015625 0.8576919703125 0.36512121875000003 0.85203588125 0.370307640625 0.8544488328125001 0.3773221578125 0.8598925218750001 0.38098090625 0.863927040625 0.3818949546875 0.8744187296874999 0.38265495625 0.8760354484375 0.38059579062500004 0.8770489296875 0.376782996875 0.8776667187499999 0.366412709375 0.8702057703125 0.36229693749999997
0 1 0.2809408125 0.9978294812499999 0.2804490671875 0.9897555921875 0.282662278125 0.9877286312500001 0.290287865625 0.9852962765625 0.2994385703125 0.994571790625 0.3047739234375 1 0.30276589375 1 0.2809408125
0 0 0.9191110890624999 0.0038494390625 0.9244685234375 0.0175697140625 0.9251515015624999 0.02423443125 0.9201935921875 0.027274873437500003 0.9087552109375 0.0190128421875 0.8996070609375 0.0038833953125000003 0.8961793828125 0 0.9025095890625 0 0.9191110890624999
0 0.06765886875 0.885565240625 0.0692707375 0.8875473812500001 0.0761235984375 0.8939508296875001 0.0886325453125 0.89516785625 0.09590050156249999 0.8919635734375 0.0991436390625 0.8797626328125 0.09511397187500001 0.8748072812500001 0.086441696875 0.8712255546875 0.075544615625 0.871990671875 0.07029391874999999 0.8756519765625 0.06765886875 0.885565240625
0 0.152702884375 0.8070063453125 0.162581634375 0.8140953296875001 0.176108915625 0.8074582546875 0.1745018984375 0.80143480625 0.1739035140625 0.795639871875 0.17108517031249998 0.7901504734375 0.15978754687500002 0.7883994015625 0.15292498593749998 0.7900785640625 0.1502899359375 0.799991828125 0.152702884375 0.8070063453125
0 0.23342721875 0.7969981578125 0.2437162125 0.7985207187500001 0.2483636703125 0.793105784375 0.2433350734375 0.7798393078125001 0.22922396093750003 0.7685575296875 0.21751609374999997 0.7723728796875 0.210638978125 0.7861759609375 0.23342721875 0.7969981578125
0 0.2281872703125 0.6236045703124999 0.22638240625 0.614302378125 0.22134410937500001 0.6091185125 0.214891790625 0.6052312515625 0.20782653125 0.6076729750000001 0.20175049843749998 0.62650843125 0.2063737015625 0.6413000265625 0.19908634375 0.6606695296874999 0.21160984374999997 0.6497626375000001 0.21986702500000002 0.6629520921875 0.2227193234375 0.6401523515624999 0.22595761093750003 0.6319927171875 0.2281872703125 0.6236045703124999
0 0.41452181093749996 0.8841097796875002 0.42722860625000003 0.8886055546874999 0.4397472578125 0.88173996875 0.4353218984375 0.8702271203125 0.42625393437500003 0.8600879015625 0.418990828125 0.859250878125 0.4121282671875 0.860930040625 0.40727811249999996 0.8671075328125 0.4084797359375 0.8746560984375 0.41452181093749996 0.8841097796875002
0 0.533945509375 0.90954906875 0.5365805609375001 0.8996358046874999 0.5339649125 0.8933838453125 0.52388831875 0.883016115625 0.5109739765625 0.8833242078125 0.5065243640625 0.8920178890624999 0.504502253125 0.8956021703125 0.5026779890624999 0.9024652 0.5077162859375 0.9076490640625 0.5173923421875 0.91550060625 0.528289421875 0.9147354906250001 0.533945509375 0.90954906875
0 0.6693159078125 0.6047010046875 0.6646733015625 0.606074634375 0.661029621875 0.615759384375 0.6684857203125001 0.6239164625 0.6745374984375 0.6252875343750001 0.6838178609375001 0.62658158125 0.6904825796875 0.621623671875 0.6908928234375 0.6160572484375 0.68928580625 0.6100338 0.68182485625 0.6059180296875 0.6693159078125 0.6047010046875
0 0.7527141 0.5524491078125 0.7496833578125 0.5558048765625 0.7478639453125 0.5586266015625 0.7418024640625 0.565338140625 0.7518742078125 0.579747178125 0.7629691359375 0.5822608078125 0.7672063515625 0.5824122968750001 0.7732726828125001 0.5716594515625 0.77590773125 0.5617461875 0.7710721296875 0.5557997640625001 0.761391225 0.5519895265625 0.7527141 0.5524491078125
1 1 1 1 0.49523221093750003 0.99673561875 0.49535498906250003 0.9725382078125 0.4817880921875 0.955579646875 0.489264746875 0.9581952906250001 0.49551670625 0.9495084640625 0.5040588984375 0.9632190375 0.5128244875 0.9502901421875001 0.525256496875 0.9385919796875001 0.5209892375 0.8895551109375 0.5244322593749999 0.8851054984375001 0.533125940625 0.8748165046875 0.5316033796874999 0.8558552374999999 0.5264990953125 0.8511980781249999 0.539996640625 0.8552180421875001 0.55303460625 0.8523851468749999 0.5596691218750001 0.8283564765625 0.57362880625 0.8199063015625001 0.5531193 0.7948787015625 0.5587678609375 0.8043520578125 0.5673819625000001 0.7984884234375 0.5773722484375 0.7827605921874999 0.568149634375 0.7716511140625 0.577759921875 0.7728478859375001 0.5893497906249999 0.7797007468749999 0.5957532390625 0.7742425046875 0.604218409375 0.7619411015625 0.5981975187499999 0.7508413234375 0.5997251921875 0.7326762890625 0.603694590625 0.7249932390625 0.6165065999999999 0.7132805203125 0.6243632578125 0.7142745984375 0.6367156875 0.717701028125 0.639917409375 0.707600178125 0.6497562078125 0.699116046875 0.6575358421875 0.6876351328125 0.64038210625 0.67391970625 0.635657821875 0.66381400625 0.6495379234375 0.6696485359375 0.6637954718750001 0.682345628125 0.67637385625 0.6559234093749999 0.6671538 0.6571153328125 0.682784975 0.6629547125 0.693001215625 0.6599094203125 0.708480903125 0.6532398515625 0.7174801203125 0.6453686578125 0.718930771875 0.6439400843749999 0.7323512953125 0.6421109656249999 0.7432556296875 0.625137853125 0.7628562015625 0.6200752984375 0.7778788656250001 0.6230963390625 0.7826057078125 0.610973378125 0.7960287875000001 0.6153938859375 0.8115829390625 0.607705984375 0.8284362546875 0.6135453640625 0.8386524968749999 0.6117162484375 0.8495568312499999 0.6258225109375 0.8648799140625 0.634678078125 0.8838643046874999 0.6255664546874999 0.9100968375 0.6303826515625001 0.9322084828125 0.6426598 0.9584359015625001 0.654941796875 0.9806220140625002 0.684587746875 0.993806353125 0.6849044140625 1 1 1
0 0.6020277328125 0.5158846453125 0.6133253546875 0.51763571875 0.62139924375 0.5154225078125 0.622214878125 0.508330965625 0.621413796875 0.503298590625 0.6175868234374999 0.497580678125 0.6072978328125 0.49605811875 0.5988137 0.5038377515625 0.59840345625 0.509404175 0.6020277328125 0.5158846453125