0 0.32797776875 0.411215434375 0.31748614375 0.42146490312499996 0.3179039546875 0.43179901249999997 0.3209221265625 0.43464669687499996 0.3232676625 0.43444192656249997 0.331158925 0.43167888593750003 0.33535938125000003 0.4230157078125 0.3341597265625 0.41274985312499995 0.32797776875 0.411215434375
0 0.5087297109375 0.391287190625 0.5168567656249999 0.40405944531250004 0.5230751265625 0.40455362812500006 0.5263845265625 0.39907941875 0.5313668296875 0.390347984375 0.5320584953124999 0.370583484375 0.5228947703125 0.3651611453125 0.5147850859374999 0.37416560468750004 0.5087297109375 0.391287190625
0 0.626498825 0.3447086578125 0.618716771875 0.3443509859375 0.6099344546875 0.35030299375 0.6080067265625 0.360841875 0.610806478125 0.3699309796875 0.6104788453125 0.379293109375 0.6136600015625 0.3997565625 0.6158963296875 0.4026725015625 0.623333378125 0.3906155875 0.62362460625 0.38229369375 0.6249161015625 0.36766212187499997 0.631607709375 0.35463322656249996 0.6287351515624999 0.34762459687499997 0.626498825 0.3447086578125
0 0.43805833125 0.29478813593750003 0.4351857734375 0.2877795046875 0.42594924062499995 0.28443763906249997 0.41943965156249996 0.29226535 0.41613025 0.2977395609375 0.417366309375 0.306965178125 0.42191176874999997 0.310716584375 0.42894837968750005 0.31010227343749996 0.43371226093750004 0.3076122609375 0.43805833125 0.29478813593750003
0 0.40709476718750004 0.2663795578125 0.4049312484375 0.26138314375 0.39967674999999997 0.2556195203125 0.3930943546875 0.26552770468750003 0.3912758390625 0.2729458734375 0.3918392625 0.2791190390625 0.393257340625 0.283143471875 0.3986210484375 0.2857863859375 0.40594888593749995 0.27685018281249996 0.40709476718750004 0.2663795578125
0 0.3470937078125 0.24361718593749998 0.34976687812499996 0.234050284375 0.3494218734375 0.2216357 0.340748765625 0.224466996875 0.33371215468750004 0.22508130781250002 0.32240228125 0.2364392703125 0.3229293015625 0.243652671875 0.32669291562499997 0.2474723328125 0.33905683125 0.2505411734375 0.3470937078125 0.24361718593749998
0 0.2962944390625 0.1806432515625 0.28958546093750004 0.17189543125 0.28162139062499997 0.1767389453125 0.2751118015625 0.1845666546875 0.274820571875 0.1928885484375 0.2808569171875 0.198583915625 0.2933664453125 0.197491809375 0.29838515 0.1877201390625 0.2962944390625 0.1806432515625
0 0.19343748593750001 0.1574740515625 0.1899286984375 0.14637273125 0.18296489375 0.14490656562499998 0.174146171875 0.151898809375 0.1668547359375 0.1597947796875 0.16478139687499999 0.17449460625 0.1701451046875 0.17713752031250002 0.17889102031249998 0.17222575 0.19343748593750001 0.1574740515625
0 0.0504151828125 0.1461078375 0.06697955312500001 0.1405134984375 0.0711800078125 0.1318503234375 0.06905289375 0.125813671875 0.0588889015625 0.126701009375 0.0502886 0.1274518328125 0.044852084375000004 0.1268893921875 0.039451971875000005 0.125286715625 0.0305604421875 0.134359434375 0.032687557812500004 0.140396084375 0.0395785546875 0.14394272187499998 0.0504151828125 0.1461078375
0 0.1555481859375 0.0819654046875 0.1578209140625 0.08384110781250001 0.1679121 0.0850342453125 0.1759125734375 0.07915049375 0.1755675703125 0.066735909375 0.167112884375 0.0633257859375 0.1568396796875 0.06733383281250001 0.149511840625 0.0762700375 0.14858438125 0.0804992421875 0.1555481859375 0.0819654046875
0 0.18695025 0.0532974734375 0.19647801250000002 0.048317446874999996 0.2015331203125 0.037505537500000005 0.198806178125 0.026335960937500003 0.1919151796875 0.0227893234375 0.18647866562499998 0.022226884375 0.1823510171875 0.0288095890625 0.17353229375 0.035801832812500003 0.1647863796875 0.040713603125 0.1661680515625 0.045778275 0.173059046875 0.0493249109375 0.18695025 0.0532974734375
1 0.659375 0 0.2448055328125 0 0.24082645 0.006074567187499999 0.23458905468750002 0.0283973359375 0.241861459375 0.043318321874999996 0.2471523609375 0.048041709375000005 0.25280729687500003 0.0423627265625 0.2548806359375 0.0276629 0.26508103437499997 0.025735324999999996 0.2709717625 0.035591640625 0.2729168609375 0.046829474999999995 0.27862557187500003 0.061886971874999995 0.28138891875 0.0720163140625 0.280770059375 0.0897003390625 0.2785511046875 0.1085611125 0.2816958578125 0.1300648015625 0.28885905156249997 0.148106496875 0.30164077499999997 0.16150944843749998 0.30764071406250004 0.168245053125 0.31104029375 0.182467084375 0.29925717343749997 0.2073481234375 0.2722375828125 0.22215169218750003 0.25178135468749996 0.24986402968750002 0.2849465 0.23763511718750002 0.30336579218750004 0.223582371875 0.336567340625 0.21031322343749997 0.348295025 0.2092893734375 0.361040346875 0.223732559375 0.37322224375 0.232002584375 0.381331928125 0.222998125 0.39242337968749996 0.21788158281249997 0.4085873125 0.22372985 0.39776805625 0.2433414484375 0.4051860734375 0.25410148593750004 0.41900446875 0.2601545234375 0.4271315234375 0.2729267765625 0.4361496359375 0.28251006562500003 0.44109553281249997 0.2748188671875 0.4510047015625 0.2812131875 0.45180391875000003 0.302921646875 0.4665133703125 0.3057857171875 0.4724405046875 0.3146017953125 0.48365853750000004 0.3281412578125 0.499023253125 0.3122810671875 0.5146965671875 0.30987569531250003 0.5342063031250001 0.3092095140625 0.5597887859374999 0.31319846562500003 0.5855532875 0.3119862296875 0.6090086546875 0.309938528125 0.623827315625 0.3096818890625 0.62988103125 0.33715397343750003 0.6414995046875 0.3392508328125 0.65251815 0.33621476562499997 0.6532826234375 0.3143697921875 0.6468284703125 0.2983403140625 0.65717448125 0.29225179375 0.659375 0.29274057343750004 0.659375 0
0 0.8288802328125 0.4837932421875 0.8292442671875 0.4733908734375 0.8208623859375 0.46790027656250005 0.816062103125 0.47143052656249995 0.8087706671875001 0.4793264953125 0.803079328125 0.4860457125 0.8035699453125 0.49429935 0.81187901875 0.5018704203125 0.821406778125 0.49689039375000005 0.8288802328125 0.4837932421875
0 0.7864992453124999 0.425269665625 0.777299115625 0.42088756250000003 0.769934875 0.4308640046875 0.7680435515624999 0.44036264999999997 0.7725890109375 0.44411405625 0.784207484375 0.44621091562500004 0.7874076734375001 0.443857415625 0.7885899578125001 0.4323465546875 0.7864992453124999 0.425269665625
0 0.7235007078125 0.33224899375 0.717864803125 0.3151110203125 0.7052460640625 0.3193238375 0.6952086515625 0.3388671796875 0.6778798078125 0.366306490625 0.68480720625 0.368812890625 0.7027722828125 0.3454662703125 0.7131546984375 0.3383375140625 0.7235007078125 0.33224899375
0 0.72655694375 0.2894627703125 0.7223755187500001 0.275308996875 0.7113568734375 0.2783450640625 0.701719903125 0.2864458 0.6995737546874999 0.303226103125 0.706355540625 0.30989345 0.7205015671874999 0.30658435625 0.72655694375 0.2894627703125
0 0.7413458453125 0.1118716953125 0.7490013156249999 0.093573359375 0.7438924328125001 0.08364878906249999 0.7306738640625 0.08272868125 0.7137090546875 0.099765621875 0.7297637765625 0.1087345984375 0.7413458453125 0.1118716953125
0 0.6956563140625 0 0.691929909375 0.009368762499999999 0.6977478328125 0.02130555 0.7052386562499999 0.029985114062500002 0.7159487015625 0.0134942265625 0.7164209375 0 0.6956563140625 0
0 0.7263675187499999 0.0053252328125 0.7185490625 0.0060078 0.7152396624999999 0.011482009375000001 0.7140937828125 0.021952634375 0.720166528125 0.0266077640625 0.7307673640625 0.0132375859375 0.7263675187499999 0.0053252328125
0 0.7210976796875 0 0.7210038109375 0.00268231875 0.727785596875 0.0093496640625 0.7340039578125 0.0098438484375 0.7412225859375 0.0040283546875 0.740239103125 0 0.7210976796875 0
1 1 0.509375 1 0 0.77506196875 0 0.775186946875 0.013507903125000002 0.7783681046875 0.033971353125 0.7819497015625 0.0429922 0.77027579375 0.0647525296875 0.768911490625 0.081464575 0.758674690625 0.084432384375 0.755746696875 0.10128094375 0.7559096828125 0.1188967125 0.7407997921875 0.127475246875 0.7401809312500001 0.145159271875 0.746307453125 0.17055088125 0.757998734375 0.17056726875 0.7603616421874999 0.1921392140625 0.7459243859375 0.20377019999999998 0.7307416890625 0.21442920937499999 0.7277772921875 0.23231800625000001 0.7285401046875 0.2550667 0.7235942078125001 0.26275789843749997 0.72553930625 0.2739957328125 0.7457580796875 0.27534176875 0.754630578125 0.2890860046875 0.7411935875 0.2944073140625 0.73532023125 0.30632771718749996 0.74906581875 0.31446122656250003 0.76484834375 0.3089351453125 0.7782853328125 0.303613834375 0.7785939328125 0.31706865624999997 0.7628478109375 0.3215545 0.769192753125 0.3407046890625 0.7765379640625 0.3535451984375 0.7760647171875 0.367068278125 0.7822640468750001 0.3903794125 0.793118046875 0.4143212453125 0.8081360984374999 0.4306401375 0.796044378125 0.4420663546875 0.7729704171874999 0.4554884046875 0.7326768234375 0.49322905156249996 0.7623505515625 0.491675534375 0.7837880125 0.480470471875 0.7998617671874999 0.466622496875 0.8207358046875001 0.44924427031249997 0.8318272578125001 0.44412773281250006 0.8452452140625001 0.461623371875 0.8551179796875001 0.4690579296875 0.8642817031250001 0.4744802703125 0.8521899843749999 0.4859064875 0.8515711250000001 0.5035905125 0.8508626765624999 0.509375 1 0.509375
0 0.3908399890625 0.9386762203125001 0.392803603125 0.9224623000000001 0.3761572328125 0.9265567984375 0.375404559375 0.9480645546875 0.367674521875 0.967501146875 0.3700466 0.9860558562499999 0.3817234171875 0.9689549281249998 0.38545963437499997 0.9485268484375 0.3908399890625 0.9386762203125001
0 0.383089359375 0.8044086453125001 0.36812738125 0.8106668062499999 0.365354315625 0.8323509109374999 0.38060157656250004 0.828339503125 0.383089359375 0.8044086453125001
0 0.4461983140625 0.7381848484375 0.43955024375 0.7267040781249999 0.4268696796875 0.7402983375 0.4294234 0.7570709203125 0.4413577390625 0.76138958125 0.4461983140625 0.7381848484375
0 0.44974402968750005 0.7807593453124999 0.4642163015625 0.7701150140624999 0.4810853046875 0.7485404140625 0.48886238437499996 0.7277595578125 0.47616778593750003 0.73431984375 0.460692903125 0.7556812125000001 0.44974402968750005 0.7807593453124999
0 0.5589880468749999 0.76720175 0.5635216421875 0.7815473578125001 0.572331234375 0.7888190046875 0.5785336921875001 0.7842570953125 0.5751984625000001 0.764446365625 0.5661893703125 0.7515808609375 0.5589880468749999 0.76720175
0 0.2700969265625 0.6476888453124999 0.262319846875 0.668469703125 0.258724678125 0.6848650468749999 0.2795874984375 0.6642819375 0.28561543125 0.64042708125 0.2735509734375 0.6353261390625 0.2700969265625 0.6476888453124999
0 0.3236852203125 0.641670321875 0.334351840625 0.624657571875 0.31727235625 0.6234684328125 0.3057365890625 0.6365366390625 0.3092599875 0.650970465625 0.3236852203125 0.641670321875
0 0.346499078125 0.5941143453125 0.3509162765625 0.5830076609375 0.3472517515625 0.5726065765625 0.33599831406249997 0.57760939375 0.32941959375 0.59292515625 0.337234221875 0.6041018859375 0.346499078125 0.5941143453125
0 0.3380264859375 0.617430096875 0.3411880828125 0.6307613875 0.354461990625 0.62558218125 0.3669608359375 0.6137700015625 0.37142507812500003 0.601319103125 0.36266245 0.5927032515625 0.3494356609375 0.5965381890625 0.3380264859375 0.617430096875
0 0.3605455578125 0.653193765625 0.373866509375 0.6466702921875 0.3863183125 0.6362023265625 0.38065914843750004 0.622081540625 0.3633657421875 0.6301653921875 0.3605455578125 0.653193765625
0 0.38081205625000003 0.85110334375 0.39641092499999997 0.8658230359375001 0.407899571875 0.8540990531249999 0.4071645859375 0.8358002750000001 0.3913845953125 0.8367790484375 0.38081205625000003 0.85110334375
0 0.7835915359375 0.9321227437499999 0.775736678125 0.9338455484375 0.7732455265625 0.9382112640625 0.7728450875 0.9496538687499999 0.7797724875 0.9521602703125 0.7828998687500001 0.9518872421874999 0.7868090984375 0.951545959375 0.7908275359375 0.948083965625 0.7919006093750001 0.9396938140625 0.7890280515625 0.9326851843749999 0.7835915359375 0.9321227437499999
0 0.7932715546875 0.744607096875 0.784598446875 0.74743839375 0.777270609375 0.7563746 0.7754520921875 0.7637927687499999 0.776760959375 0.7709379140625 0.78119720625 0.7778100312499999 0.7905429500000001 0.7780311875000001 0.7929248906249999 0.77678618125 0.7953796390625 0.7734607 0.7995072875 0.766877996875 0.7997621125000001 0.7595963390625 0.79856245625 0.7493304843749999 0.7932715546875 0.744607096875
0 0.8654164468750001 0.8212733968749999 0.8621434515624999 0.8257073703125 0.8595794937499999 0.8321535624999999 0.8601429171875001 0.8383267249999999 0.8638337234375 0.8442268625 0.869906471875 0.8488819921874999 0.8777249265625 0.8481994265624999 0.8801796749999999 0.8448739453125 0.8803980953125 0.8386325250000001 0.8798346718750001 0.832459359375 0.8776711531250001 0.8274629484375 0.8747621921875 0.8214945531250001 0.8654164468750001 0.8212733968749999
0 0.9730893937499999 0.9072827296874999 0.9759255484375 0.915331596875 0.9831077734375 0.9105563390625001 0.9849990953125 0.9010576953125 0.98536313125 0.890655328125 0.981708728125 0.883714953125 0.973890271875 0.8843975203125 0.9719625453124999 0.8949364015625001 0.9730893937499999 0.9072827296874999
0 0.753726721875 0.694132390625 0.747471959375 0.6946784421875 0.7386168328125 0.7027109250000001 0.7344527796875 0.710333865625 0.7372525296875 0.71942296875 0.7457436203125 0.7217928578125 0.7473073125 0.72165634375 0.7568714765625 0.715636078125 0.75958105 0.705028940625 0.753726721875 0.694132390625