0 0 0.21726810156249998 0.010154007812500001 0.21391693125 0.01430285 0.20705182500000002 0.0146679453125 0.19585240625 0.006797484375 0.19339026406249998 0 0.19856081718750002 0 0.21726810156249998
1 0.559375 0.4890625 0.559375 0 0.1395031046875 0 0.1335392875 0.004045687500000001 0.1295691625 0.014690175 0.1176664546875 0.027865453125000002 0.1099670578125 0.047940878125 0.102391909375 0.0580304359375 0.08561782031250001 0.08171146875 0.0712521890625 0.0932569984375 0.06673825156249999 0.11132151875 0.056941025 0.11856778125 0.053810034375 0.134343934375 0.052660275 0.15417693906250002 0.04544256875 0.17182526250000002 0.0408665046875 0.19488271875000002 0.0348453671875 0.22522147656249997 0.019881450000000002 0.23042179062499998 0.0157870765625 0.251052146875 0.0233545671875 0.259720775 0.02190949375 0.267002078125 0.0148781625 0.2696716 0 0.27503979218749997 0 0.29652934375 0.0036282062499999996 0.30295734687500003 0.0134177765625 0.3144692703125 0.01341011875 0.33322745781249996 0.0086629921875 0.33374734375 0 0.350430265625 0 0.40657362656249996 0.0064026296875 0.42469497343749996 0 0.428007215625 0 0.449132428125 0.0070477265624999995 0.463563628125 0.02128145 0.48076215156249996 0.0232010703125 0.4890625 0.559375 0.4890625
1 1 0.4890625 1 0.000923484375 0.9887209703125001 0.0026908546875 0.9879286515625001 0.0300826234375 0.9823347359374999 0.0442290296875 0.9659180890624999 0.07546883125 0.9601999218749999 0.09960110625 0.9492061265625 0.0941569296875 0.8868560343749999 0.043288625 0.9234271328125001 0.0976924515625 0.9417399171875 0.13177699062499998 0.9210110203124999 0.128586140625 0.9071815484375 0.1514698203125 0.89768729375 0.1525095953125 0.8851786421875 0.1780978421875 0.9019995421875 0.1869402453125 0.906498165625 0.20639209374999998 0.9007255328125 0.2167591171875 0.8974626328124999 0.261279325 0.8854433296875 0.265682284375 0.871248759375 0.2997653828125 0.872258953125 0.32743461875 0.8742869984375 0.3640149046875 0.8867105515624999 0.3996941515625 0.8816527953125 0.4251787078125 0.8868118328125 0.44598283906249997 0.906748409375 0.4765654578125 0.8806664453125 0.48630746406250003 0.8857396734374999 0.4890625 1 0.4890625
0 0.8335211140624998 0.4290252984375 0.8456570124999999 0.433394653125 0.8621281296875001 0.4159201078125 0.8541410734374999 0.40468564375 0.8456723265624999 0.395878284375 0.8269246640624999 0.39674428125 0.8242132390625001 0.4150862703125 0.8335211140624998 0.4290252984375
0 0.8230225859375 0.09349255 0.800553303125 0.0850313 0.788534 0.0894342609375 0.800786490625 0.10257593437500001 0.8148414953125 0.11599507656250001 0.8256565703125001 0.11765986718749999 0.8230225859375 0.09349255
0 0.835632515625 0.11419299218750001 0.8439302 0.10046278281250001 0.8388877593749999 0.08843096875 0.8251901953124999 0.0825705984375 0.8196584046875 0.09172406875 0.8235587453125 0.10483070000000001 0.835632515625 0.11419299218750001
0 0.8700513187500001 0.1420024 0.8741380359375001 0.1401302296875 0.879972796875 0.124770271875 0.867899025 0.1154079828125 0.8606889734375001 0.11429812187499999 0.8522746968749999 0.1192560109375 0.8495088015625001 0.1238327484375 0.8507674968749999 0.13153024687499998 0.8583971125 0.13520594375 0.8700513187500001 0.1420024
0 0.17457821093749998 0.5519239703125 0.17672450312500002 0.5490652640625 0.179233934375 0.5324430546875 0.17111751875 0.5216263984375 0.1659069546875 0.5240134171874999 0.1583981890625 0.526046665625 0.1571698765625 0.5322357734375001 0.16104651406249998 0.54452585 0.16538539531250002 0.5505088984375 0.17457821093749998 0.5519239703125
0 0.2260696859375 0.5311483531250001 0.21457866874999998 0.5293795125 0.2116663078125 0.5321202984375 0.2069577796875 0.55584520625 0.21160048437499998 0.568253209375 0.22079330000000003 0.56966828125 0.23121442499999997 0.5648942453125 0.237197565625 0.5466806953125001 0.22928587031249997 0.5348325203125001 0.2260696859375 0.5311483531250001
0 0.22131056875000002 0.9290522609374999 0.2031759578125 0.9368910609375 0.20925169375000002 0.9420784359375001 0.21609349843749998 0.9473837343749999 0.2235494578125 0.9495944796875001 0.229374175 0.9441129109374999 0.2335676546875 0.9309390234375 0.23111754062499998 0.9273727796875001 0.22131056875000002 0.9290522609374999
1 0.559375 0.4890625 0.3901930375 0.4890625 0.38686435937499997 0.50062228125 0.37659514375 0.5086087921875 0.3665306484375 0.5155637843750001 0.34681109375 0.5274107328125 0.33500974375000003 0.5351613984375 0.32320839375 0.5429120625 0.3110967109375 0.5601822328125 0.302306825 0.5726485828125 0.2986218890625 0.5912159031249999 0.2951879703125 0.62045216875 0.29149652656249997 0.6549639468749999 0.2924079984375 0.674238803125 0.28826081875 0.699113153125 0.274881034375 0.694927509375 0.26543069375 0.698787946875 0.2685875625 0.7226605671874999 0.279920159375 0.7371613890625 0.2725104984375 0.7466511078125 0.26066285 0.7427013078125 0.2545277984375 0.757702384375 0.25380152031250003 0.785229384375 0.24256151875 0.7941294875 0.23887658437499998 0.812696809375 0.2206956734375 0.8088351453125 0.214765340625 0.822804703125 0.22062985 0.8449680546874999 0.2218979515625 0.8664238703125001 0.236862678125 0.866601365625 0.25014335781249997 0.8633305406249999 0.25963999531250004 0.8711705656250001 0.2679611296875 0.8809557015625 0.2684631625 0.9022935953125 0.2655971015625 0.9167348437499999 0.26977756406250003 0.9354498734375 0.266092628125 0.9540171921875 0.2782441 0.9643919453125 0.289787925 0.9619167921875 0.2928984953125 0.9740889453125 0.2960090640625 0.9862611015624999 0.38379376249999997 0.999972496875 0.559375 0.9897460546874999 0.559375 0.4890625
0 0.2870361984375 0.4890625 0.282368796875 0.49410429687499996 0.2770526203125 0.5049793031250001 0.28287083125 0.515442190625 0.290835334375 0.52304636875 0.2943618484375 0.5172110296875 0.3031517328125 0.5047446796874999 0.3014213890625 0.4895958953125 0.29795626249999996 0.4890625 0.2870361984375 0.4890625
0 0.8665686812500001 0.7369691109375001 0.8645253234375 0.7379051984375 0.8609747671875001 0.7511155203125 0.8678197203125 0.7634247984375 0.8815794109375 0.7642922359375 0.8850678437500001 0.7560748484375 0.8818900375000001 0.739327565625 0.8665686812500001 0.7369691109375001
0 0.8472389171875001 0.839046075 0.8337821984375001 0.83197215 0.8229049968750001 0.8353002937499999 0.81977400625 0.8510764468750001 0.8201935703125001 0.85364228125 0.826618959375 0.863385728125 0.8394773921875001 0.8641144328125 0.8445896171874999 0.8523951265624999 0.8472389171875001 0.839046075
0 0.8828160046875 0.9733368421874999 0.8840747015625 0.98103434375 0.8919451625000001 0.9834964875000001 0.903723621875 0.9803070765624999 0.9092554093749999 0.9711536046875 0.905355071875 0.9580469734375001 0.901089634375 0.956139759375 0.8936387374999999 0.95624345 0.8820390015624999 0.9632122421875 0.8828160046875 0.9733368421874999
0 0.5791921671875 0.6827275421875 0.5859205265625 0.6862645046875 0.5947543703125 0.6838724468749999 0.6030520546875 0.6701422359375 0.60576348125 0.65180025 0.5998197828125 0.639629703125 0.5930914234375 0.636092740625 0.5819733765625 0.640634434375 0.5764960546875 0.6635531593749999 0.5791921671875 0.6827275421875