0 0 0.10392545625 0.0006917953125 0.1047543953125 0.0109402078125 0.10336235468749999 0.0191827546875 0.0966804703125 0.0180615875 0.0904758421875 0.0159155796875 0.08441041875000001 0.004642328124999999 0.0859416609375 0 0.08921256718750001 0 0.10392545625
1 0.0823857828125 0 0.08557002968750001 0.0050231953125 0.095634475 0.0084238328125 0.1360497734375 0.057762635937499994 0.138896509375 0.0677059515625 0.1280875171875 0.06599567656250001 0.12184214374999999 0.0604870671875 0.11042874531249999 0.0612427328125 0.1008810640625 0.0665126625 0.06189328281249999 0.077370665625 0.042938065625 0.08868610625 0.026312821874999996 0.1012742984375 0.013366506249999998 0.1109789359375 0.0074977515625 0.11336531875 0 0.10649310781250002 0 0.46875 0.3796875 0.46875 0.3796875 0.026247814062500003 0.3641688984375 0.0243934359375 0.3548928234375 0.013734184375 0.33984431718749997 0.0118051453125 0.32927179687499997 0.017214281249999998 0.3186905859375 0.0051430749999999996 0.29236883125 0.0047452796875 0.2824007109375 0.0076884765625 0.26660765625 0.0074497999999999995 0.2657754671875 0.0202766671875 0.26908646406250003 0.026978465624999996 0.2438858734375 0.0327852984375 0.228697221875 0.0300806828125 0.22059482031250002 0.0375381453125 0.204521475 0.0357483109375 0.217371465625 0.0196998390625 0.1913738203125 0.015284946875 0.1761326640625 0.00066824375 0.1594549140625 0.0013443484375 0.13746899375 0.007509146875 0.13999161875 0.0214695625 0.155740853125 0.027276493750000002 0.15975257812500002 0.037856184375000004 0.15155385 0.038969815625 0.14325879375 0.0337396140625 0.133378315625 0.025546303124999996 0.10178579843749999 0 0.0823857828125 0
0 0.3814152421875 0.0013292734375 0.38906666875 0.0136372484375 0.40051000937500003 0.02440339375 0.4138463109375 0.016318940625 0.4042911796875 0.00027550937500000003 0.3814152421875 0.0013292734375
1 0.45504565937499997 0 0.4457753875 0.012094765625 0.43199952656249996 0.033473446875 0.433991409375 0.0444966859375 0.4249021046875 0.046757978125 0.4221398609375 0.0615071328125 0.40185586406249996 0.06939585312499999 0.38360975 0.05852703124999999 0.3796875 0.05804411875 0.3796875 0.376528590625 0.3823791734375 0.3821078296875 0.3929846609375 0.4032550421875 0.4119551 0.4181323359375 0.41804430625 0.436812671875 0.43755799374999993 0.4546963375 0.46004700468750004 0.46875 0.9968936765624999 0.46875 0.9988457453125001 0.4678128234375 1 0.3686164046875 1 0.0017009546875 0.9996858953124999 0 0.45504565937499997 0
0 0.19824185625 0.8007213156249999 0.190884003125 0.8064884187500001 0.18911461093749998 0.8083179828125001 0.18786198437499999 0.818818115625 0.19485190624999998 0.8226363640625 0.1982067203125 0.8237699078125 0.2052404640625 0.8220199031250001 0.21040848906249998 0.8157556312500001 0.20942746875 0.81032658125 0.204066790625 0.8039031890625001 0.19824185625 0.8007213156249999
0 0.306901459375 0.7454367703125 0.302565621875 0.7388741765625 0.295015115625 0.7319536140625 0.28579154687499997 0.7332064484374999 0.2784336953125 0.7389735515625 0.2788103109375 0.746868540625 0.2801154453125 0.74828049375 0.285055684375 0.7523771484375 0.2901360703125 0.7572493828125 0.30140932343750004 0.755718140625 0.304948103125 0.7520590109375 0.306901459375 0.7454367703125
0 0.314626853125 0.823054271875 0.324875265625 0.8216622328125001 0.3286943390625 0.819554259375 0.332417084375 0.8111024546875001 0.33087548125 0.802571090625 0.3266797890625 0.796784075 0.32215998749999997 0.7950141546875 0.307996178125 0.7921703328125 0.299613484375 0.7980766390625 0.29737983749999997 0.803147721875 0.2980367453125 0.8125938671874999 0.298597328125 0.8156961828125 0.2991579125 0.818798496875 0.307172675 0.8224775421875 0.314626853125 0.823054271875
0 0.1752145 0.586124734375 0.1735414359375 0.5942981328125 0.18757378593750001 0.6138467140625 0.1909372875 0.6324606 0.20291126718750002 0.6348072499999999 0.2065901953125 0.6319236984375001 0.2008967203125 0.6120370640624999 0.1940382578125 0.5915140546875 0.1799620875 0.5775337265625 0.1752145 0.586124734375
0 0.5474297453125 0.6165807625 0.5485838875 0.6229678796875 0.5630006812499999 0.6275535359375001 0.5689158328125 0.61927135625 0.5614550125 0.605327309375 0.5490683015625 0.605140109375 0.5474297453125 0.6165807625
0 0.6356517203125 0.578422059375 0.6474406921875 0.5889736937500001 0.6632796093750001 0.5877571375 0.6671131265625 0.581627390625 0.665299475 0.571590490625 0.65932255 0.56585845 0.6505529265625001 0.5651799453125 0.6443080203125 0.571637234375 0.6356517203125 0.578422059375
0 0.7822928046875 0.63796529375 0.771936178125 0.642176553125 0.767226721875 0.6502949640625 0.77095713125 0.6572669875 0.7847144125 0.6582028609374999 0.7894754234375 0.6435335656250001 0.7822928046875 0.63796529375
0 0.9754618328125 0.579007778125 0.9741428109375001 0.5717082140625 0.960272203125 0.563309009375 0.955779178125 0.5657889765624999 0.9545219312500001 0.57250363125 0.9560058281250001 0.580715640625 0.9594064828125 0.5858627750000001 0.9714634375 0.5842250828125 0.9754618328125 0.579007778125
0 0.9652287484375 0.6112474750000001 0.96911381875 0.5985668390625 0.96592959375 0.5877812640625 0.9579843593749999 0.591664984375 0.9538210843750001 0.5959698421875 0.9597464578124999 0.6082527718749999 0.9652287484375 0.6112474750000001
0 0.9600762125 0.6100776609375 0.9713705515625 0.6178919609375 0.9827164406249999 0.619155371875 0.984303446875 0.6142656093750001 0.9818302843750001 0.600578928125 0.9754720500000001 0.599572884375 0.9680730000000001 0.599643053125 0.9658264875 0.6008830390625001 0.9600762125 0.6100776609375
1 1 1 1 0.660864509375 0.997864734375 0.661970134375 0.9748432000000001 0.65761841875 0.957139075 0.6553489609375001 0.9602513078125 0.6315552109375 0.951801221875 0.612136490625 0.9390847578125001 0.610124403125 0.9167227296875 0.6094224671874999 0.9093854531249999 0.62350685625 0.9107044734375 0.6308064203125 0.9259972046874999 0.633403415625 0.9332931500000001 0.64643501875 0.916083659375 0.646902896875 0.9092410140624999 0.6637246234375 0.9099005234374999 0.6673744046875 0.887868253125 0.668497359375 0.873554565625 0.65080993125 0.8498219640624999 0.6493593203125 0.8510894328124999 0.6632097703125 0.8414438703125 0.6645199234375 0.825656503125 0.65918559375 0.8036242328124998 0.6603085484375 0.7942568718749999 0.66999448125 0.788784796875 0.6875648812499999 0.7528303656249999 0.68683951875 0.7337041171875001 0.690372271875 0.705973121875 0.694138965625 0.6832297890625 0.6981630265625001 0.6630111671875 0.7093228828125 0.64186505625 0.7290222828124999 0.6200078796875 0.751622790625 0.592008903125 0.7675788109375 0.5678434421875 0.7774050828125001 0.5477896984375 0.789477384375 0.5349701296875 0.80056706875 0.51430843125 0.8024387015624999 0.499840084375 0.8044039328125001 0.4756746234375 0.8142302046874998 0.4540854328125 0.8246413828125 0.4532712640625 0.8406442625 0.45333303437500005 0.8546584796874999 0.4374425640625 0.862425921875 0.41070083437499993 0.8716672890625 0.41021642187499996 0.8894950578125 0.428909809375 0.8972391859375 0.433134853125 0.9069485468749999 0.4346187515625 0.9151605546875 0.45078742343750006 0.915768890625 0.449808378125 0.9308593234375 0.4428524078125 0.9402177171874999 0.4208819078125 0.9553548921874999 0.427250359375 0.9769260421875 0.4166773015625 0.9867757421875 0.4219761875 1 1 1