0 0.025739890625 0 0.02077996875 0.0111357984375 0.0224365140625 0.018558215625 0.032262484375 0.0222193875 0.04840760625 0.016782459375 0.040425334375 0.0016917015625 0.033880904687500005 0 0.025739890625 0
0 0.1958727578125 0.2645141421875 0.1829372875 0.269072240625 0.1728240140625 0.276922628125 0.1718553765625 0.2873504203125 0.180318678125 0.2888440609375 0.1901413625 0.2841220125 0.1952948625 0.2791540375 0.1994764390625 0.2762306375 0.1958727578125 0.2645141421875
0 0.190367959375 0.3658686671875 0.1815172 0.36854614531249996 0.17899545625 0.387275184375 0.17997066875 0.393613834375 0.19310315312499998 0.395353396875 0.2031195640625 0.388545790625 0.20661652031250002 0.3761554 0.190367959375 0.3658686671875
0 0.1710066109375 0.35541798281250003 0.164784321875 0.36347330625 0.1642064265625 0.3781132015625 0.16634728906250001 0.380321725 0.1819112296875 0.3811414703125 0.18823038281249999 0.37204336875 0.187836353125 0.35944804218750004 0.1710066109375 0.35541798281250003
0 0.094277165625 0.6510706500000001 0.0795882875 0.6492491125 0.0711315578125 0.664521915625 0.075025828125 0.6731100734375 0.0768761015625 0.67844693125 0.08183916249999999 0.6839477390625001 0.0911775265625 0.6844395859375 0.098468603125 0.6732969125 0.10060289375 0.6587389906250001 0.094277165625 0.6510706500000001
0 0.0586771171875 0.6554828968749999 0.057614903125000005 0.6753366890625 0.062187221875 0.67662539375 0.075900890625 0.67210828125 0.078522784375 0.660719684375 0.072293921875 0.6520085640625 0.069181134375 0.651844615625 0.0586771171875 0.6554828968749999
0 0.8439436859375 0.045132310937499996 0.829067653125 0.062162775 0.8297555609374999 0.080012984375 0.831118228125 0.0821805171875 0.8612708968749999 0.077481359375 0.8757594734375 0.0646220125 0.8708867046875 0.041311984375 0.8523068390624999 0.039285509375 0.8439436859375 0.045132310937499996
0 0.891152696875 0.1262098671875 0.900394196875 0.1277444953125 0.9114793953125 0.1178495375 0.9136169734374999 0.11167483593750001 0.9065130484375 0.1039655078125 0.8911461234375 0.10944342343749999 0.891152696875 0.1262098671875
0 1 0.48363688125 0.9932345609375 0.48367450312500004 0.9810772875 0.48827358906249996 0.9773866046874999 0.5027495359375 0.976321103125 0.5142201078124999 0.9869252687500001 0.51792226875 0.9973324218750002 0.515326765625 1 0.5130032703125 1 0.48363688125
0 0.59670691875 0.12222822343749999 0.5988444953125001 0.1160535234375 0.599906709375 0.0961997296875 0.5906652078125 0.09466510312500001 0.586092890625 0.0933764 0.578411071875 0.10030696875 0.574914115625 0.11269735781250001 0.5759894765625 0.12637645 0.5854247046875 0.12582551875 0.59670691875 0.12222822343749999
0 0.4835039046875 0.1791387296875 0.48252540625 0.164416859375 0.4762965421875 0.15570573906250001 0.465401784375 0.1551319171875 0.4588889046875 0.166315578125 0.45870175 0.1851675796875 0.46609626562499995 0.1897485703125 0.47776922187500004 0.1903633796875 0.4835039046875 0.1791387296875
0 0.9628307453125 0.5921006546875 0.955339365625 0.58856244375 0.9489266375 0.607086546875 0.9506833328125002 0.6218494031249999 0.961578090625 0.6224232265625 0.9680942578125 0.6196227875 0.9701349703125001 0.614490865625 0.97197866875 0.60306128125 0.9681812609375001 0.5934303453124999 0.9628307453125 0.5921006546875
1 0.3796875 0.75 0.9595284875000001 0.75 0.9610429265625001 0.7460450015625 0.9600677140624999 0.7397063515625 0.9541327296875 0.736250115625 0.945281971875 0.7389275921875 0.9332215609375 0.7424839000000001 0.9288429703125001 0.7391096390625 0.9247516843749999 0.7242238171875 0.9244578062500001 0.718968934375 0.921632321875 0.7072934265625 0.9297984593749999 0.6951489609375 0.9390366734375 0.6883003671875 0.94369928125 0.671779846875 0.9335794328125001 0.6628637921875 0.9248255375 0.6644984890625001 0.9221002046875 0.6601634234375 0.9296818734375 0.6458924125000001 0.9365789218749999 0.6221544125 0.935503559375 0.6084753203125 0.929562 0.5882526421875001 0.9272208359375 0.5713632359374999 0.9268300937500001 0.5671511312499999 0.9201103374999999 0.546887465625 0.9211758390625 0.53541689375 0.9331328109375001 0.5161369234375 0.9641605421874999 0.5104359734374999 0.9636696484375001 0.498883428125 0.9265132062500001 0.5032137 0.9341884515625001 0.4795166875 0.94984268125 0.46252721093750004 0.9456545312500001 0.44868416875 0.9332033781250001 0.4480283734375 0.9104353640625 0.43215885624999995 0.9036286046875001 0.43808763281249996 0.8908704265625002 0.3986440671875 0.8813251874999999 0.3667048921875 0.865754671875 0.3491187046875 0.8667167359375 0.32192446874999997 0.84988699375 0.31789441093750004 0.8629160406249999 0.3039103109375 0.8649501796875001 0.28201194687500003 0.8584307250000001 0.27642916562500003 0.8685439984375 0.26857877812500003 0.866493425 0.24856103593749998 0.8510263484374999 0.2466985109375 0.8411068015625001 0.2524633375 0.839069375 0.2659784828125 0.8434479671874999 0.26935274374999996 0.8366412078125001 0.27528152031249997 0.8275901484375 0.2632781125 0.8300150281249999 0.245591853125 0.8280646062500001 0.232914553125 0.8266986515625 0.222363796875 0.8263013359375 0.2013852515625 0.8244510625 0.19604839375 0.8056774703125 0.196107475 0.7986769859375 0.2041218125 0.7951800296875 0.2165122015625 0.790123390625 0.22043739375000002 0.7856413640625 0.20133946875 0.77581539375 0.1976782953125 0.7759188296875 0.213401959375 0.7667741937500001 0.210824553125 0.7581138765625 0.20303325 0.7540258765625 0.1965306515625 0.7416715875 0.19483207656249998 0.741177409375 0.1748963078125 0.7263916640625 0.17411755 0.7073241937500001 0.16892175 0.697504796875 0.18202701875 0.6951734937499999 0.190287278125 0.676981084375 0.18408968750000002 0.6665706453125 0.17830196874999998 0.6603483546875 0.186357290625 0.6558696140625 0.1756425875 0.6400150828125 0.17795117968750002 0.634083384375 0.182878165625 0.6230917625 0.1833471203125 0.6112217921875001 0.1764346484375 0.59702380625 0.18616565624999998 0.5868103796874999 0.18667560156250002 0.5573390453125 0.192458525 0.5395439515625 0.20723947968749998 0.5289463578125 0.2203037640625 0.520389478125 0.22823612343750002 0.5061882046875 0.22958391250000001 0.4894586109375 0.2328942953125 0.4745792921875 0.2415415375 0.4671880625 0.24534376875000002 0.4588249109375 0.251190571875 0.439860878125 0.261718434375 0.4184686765625 0.2815493375 0.4285852375 0.282082171875 0.4098182203125 0.2989076984375 0.395717096875 0.307595928125 0.3796875 0.3105222484375 0.3796875 0.75
0 0.6030392203125 0.1466630078125 0.5926386406249999 0.1660249515625 0.59702051875 0.1777824359375 0.605386959375 0.1803188546875 0.6195849453125 0.17058784531249999 0.618800175 0.1537804171875 0.6159779765625 0.1504881296875 0.6061520078125 0.1468269578125 0.6030392203125 0.1466630078125
0 0.88224780625 0.2389120015625 0.8927583968749999 0.2520401625 0.9031655484375001 0.2494446609375 0.9090972453124999 0.24451767656249998 0.9093845515625001 0.2330061140625 0.906462203125 0.22237338593749997 0.8926483843749999 0.21955005625 0.8846726859375 0.22122574374999998 0.88224780625 0.2389120015625
0 0.250788653125 0.8157235374999999 0.25118268125 0.8283188640624999 0.255464409375 0.8327359046874999 0.266068575 0.8364380625000001 0.2742347140625 0.8242935984375 0.27189683593749997 0.8157874156249999 0.2659585640625 0.8039479593750001 0.255938865625 0.8023723437499999 0.2532168203125 0.8064204984375 0.250788653125 0.8157235374999999
1 0 0.75 0 1 0.2493840765625 1 0.2612648328125 0.989175684375 0.27166541093749996 0.9698137375 0.26261435 0.9578103312499999 0.24812248593750003 0.96228645625 0.23576491093750002 0.952204659375 0.2258453625 0.9579694859375 0.22506059218750002 0.9411620562499999 0.2482062015625 0.9277107906250001 0.25257493124999997 0.9059353890624999 0.23603577968749997 0.8987769921875 0.2281569453125 0.8994098984375001 0.22542832499999998 0.8866916109374999 0.2273721734375 0.88260246875 0.24021078125 0.8790871484375 0.25032076875 0.862853540625 0.251773725 0.8472118515625 0.23727857343749997 0.8433047546875001 0.2299842078125 0.8460642078125 0.2353248640625 0.8222442328125 0.23551201718749998 0.8033922312499999 0.2418278828125 0.7859109078125 0.246490490625 0.7693903890625 0.2482916640625 0.75 0 0.75
0 0.6212267828125 0.75 0.6186146812500001 0.7592551765625 0.6257186046875 0.7669645046875 0.636222621875 0.763326221875 0.643302359375 0.75 0.6212267828125 0.75
1 0.3796875 1 0.6018930046875 1 0.60139265625 0.9951692125000001 0.5947730515625 0.9822459890624999 0.5940785703125 0.9476293359374999 0.6031164812500001 0.9260998578124999 0.6041754078125 0.8978628437499999 0.587348953125 0.90221600625 0.58258619375 0.9113960828125001 0.5732478296875 0.910904234375 0.567018965625 0.902193115625 0.5596211640625001 0.889228903125 0.5581517734375 0.8629544859375 0.5580450484374999 0.8388476015625 0.5419902140625 0.826475309375 0.5314894859375 0.8384968125000001 0.5292550453125 0.8457142921875 0.520307421875 0.8494345484375 0.5217603796875 0.833792859375 0.51174068125 0.8322172453125001 0.5088281953125 0.8467341812499999 0.49812716406249996 0.8440747984374999 0.4929703765625 0.84065955 0.49150427187499995 0.8227683546875 0.4805093625 0.8148540890625 0.4658204828125 0.813032553125 0.4600825125 0.8158739781250001 0.44159622499999995 0.8044215031249999 0.4239915703125 0.8087336781250001 0.40843091718749996 0.8162971546875 0.40288667499999997 0.8170530203125 0.38858525 0.8110603671875 0.3796875 0.8105917265624999 0.3796875 1
0 0.8446382890624999 0.9105279218750001 0.8535924843749999 0.9235741093750001 0.8594306062499999 0.9280731234375 0.866818546875 0.915887671875 0.8692467140625 0.9065846328125 0.8668086859375 0.8907380078125 0.8591235796875001 0.8892853546874999 0.8476476375 0.8949682078125001 0.8446382890624999 0.9105279218750001