0 0.34678900625 0.603698159375 0.345190384375 0.6057539046875 0.34253793906249996 0.6234186390625001 0.35550811250000003 0.6413560640625 0.3632103453125 0.6477414593749999 0.38197566875 0.6470271828125 0.3894057984375 0.6242367203125 0.37636290625 0.6104653250000001 0.34678900625 0.603698159375
0 0.43236859531249994 0.5801881484375 0.4309154109375 0.57391183125 0.42094250468750005 0.5633194984375 0.41155075312499995 0.564197390625 0.40969761718750003 0.58083425 0.424430028125 0.5873423578125 0.43236859531249994 0.5801881484375
0 0.1075718734375 0.7 0.10787081093749999 0.682873853125 0.0931202203125 0.6774072546875 0.0977342875 0.6816550953125 0.09201185625 0.6961407640624999 0.0981358546875 0.7 0.10206491875000001 0.7 0.1036924625 0.6984283 0.1055882890625 0.7 0.1075718734375 0.7
0 0.5877081375000001 0.3203596234375 0.5931760546875 0.3204550671875 0.6009328265625 0.3237159375 0.6019866515625 0.3081069515625 0.5967187093749999 0.296554921875 0.5825492734375 0.30255854531250004 0.57935203125 0.3066700375 0.5830577109374999 0.3181948 0.5877081375000001 0.3203596234375
0 0.6244588375 0.2293204796875 0.6330512781250001 0.2294704609375 0.640063278125 0.23063468125000003 0.6403177921875 0.2160535703125 0.6358491609375 0.20347366562500002 0.6272749 0.20228217499999998 0.6208440562499999 0.212588178125 0.6244588375 0.2293204796875
0 0.5695802828125001 0.195024159375 0.5603703265625 0.18548697187500002 0.5502701625 0.182185196875 0.5392797890625001 0.185118834375 0.5390798140624999 0.196575421875 0.5411686921875 0.2111974390625 0.552794759375 0.21660949999999998 0.57074259375 0.21796460624999997 0.5748664031249999 0.20553468281249998 0.5748845828125 0.204493175 0.5695802828125001 0.195024159375
0 0.0944661 0.55553718125 0.0965913390625 0.5680761828125 0.1034942609375 0.5754894515625 0.1081992265625 0.5745297500000001 0.117590978125 0.5736518578124999 0.118717521875 0.5538768421875 0.1172643359375 0.547600525 0.10640122031249999 0.54324360625 0.097045828125 0.54203848125 0.0944661 0.55553718125
0 0 0.5059643046875 0.000785509375 0.505978015625 0.007961125 0.49776866406250003 0.010559032812499999 0.48322845625 0.0060722218750000004 0.471690059375 0 0.4715840671875 0 0.5059643046875
0 0.5441495546875 0.0851886046875 0.542678190625 0.07995379531249999 0.53648368125 0.07672019375 0.525547846875 0.0765293078125 0.5221688078125 0.09105588125 0.5265283609375 0.10988483281250001 0.5343942109375 0.10689665625 0.5398803078125 0.10595059062500001 0.544730709375 0.0966588265625 0.5441495546875 0.0851886046875
1 0 0 0 0.4150949171875 0.0015678234374999999 0.41639469218749997 0.008525284375 0.42068343593749996 0.022422025 0.43030243281249997 0.038753057812500005 0.4347547921875 0.05277705781249999 0.437083234375 0.06044293125 0.44555164375 0.06958016875 0.459254865625 0.08571122656249999 0.4751638140625 0.114485815625 0.482958853125 0.1246223390625 0.4841776125 0.1377197703125 0.4948244828125 0.1503269453125 0.488793590625 0.16124460000000002 0.4900259828125 0.16662161874999998 0.49532896718749997 0.1821897 0.498726184375 0.1878394125 0.488406546875 0.19316189374999998 0.496834053125 0.204188625 0.49181739999999996 0.2230266671875 0.48693709218750003 0.22444349218749998 0.495296425 0.23279960000000002 0.5089860109375001 0.25240059375 0.505160846875 0.2672420828125 0.50541990625 0.2699308875 0.48567215625 0.28244716406250003 0.48484880468749997 0.2872430265625 0.47868156562499997 0.29674385625 0.471554625 0.3061537875 0.46963522500000005 0.30431883125 0.4852305765625 0.3145280734375 0.482283303125 0.3211043546875 0.4636452359375 0.325718421875 0.467893075 0.327843659375 0.48043207656250003 0.333947271875 0.48887321874999995 0.3526762359375 0.4902419578125 0.3551105265625 0.48507532343750004 0.3578175125 0.4642860671875 0.3603427 0.453911890625 0.36368537968750003 0.44146833281250003 0.3632133015625 0.42374906250000005 0.37356798125 0.41246972499999995 0.37970795156250003 0.41882785 0.3749666265625 0.421870565625 0.37551142187500003 0.4354238046875 0.3847759171875 0.44183647031250006 0.40041671718750005 0.4410676546875 0.40466778437500006 0.4213471765625 0.3954396484375 0.41285149531250004 0.4025607265625 0.40776666875 0.402942496875 0.385895 0.39148004687500004 0.37110936875 0.4087194671875 0.3682848078125 0.4107543984375 0.3412328671875 0.4282301546875 0.324868703125 0.44127363906249994 0.2938416171875 0.458350034375 0.25559215 0.46449000468749996 0.261950275 0.48895958124999994 0.24779183906250002 0.5014576765625 0.24800999375 0.507161928125 0.23456583125 0.49341062343750003 0.216614771875 0.4883608375 0.19256464375 0.5249649171875 0.19945452187499998 0.5267271546875001 0.18802520312499998 0.4963903015625 0.18020289375 0.48658101093750006 0.1602369921875 0.48678098593749997 0.14878040312500002 0.49571884062500005 0.12914173281250002 0.49657268906249996 0.124989334375 0.5007692171875 0.1083933796875 0.508925940625 0.088741075 0.5115056671875 0.075242375 0.5072370125 0.051205882812500006 0.501242478125 0.0365156921875 0.5044397203125001 0.0324042 0.512995803125 0.034637196875 0.5240770734375 0.02649601875 0.5212434234375001 0.0097773515625 0.5127782390625 0.0023368125 0.5115169546875 0 0 0
0 0.132324571875 0.4905630078125 0.123695771875 0.49249604218750004 0.11802787968749999 0.5038571875 0.1262749078125 0.5237958203125 0.1293994328125 0.523850359375 0.13960867500000002 0.5209030859375 0.1427877375 0.5178331015625 0.145422003125 0.501209878125 0.132324571875 0.4905630078125
0 0.44248871406249995 0.4480529765625 0.4371116953125 0.44274999375 0.42701153124999996 0.43944821875000006 0.41507641093750003 0.4517417953125 0.41554848906249997 0.469461065625 0.42332343906250003 0.4716804296875 0.43742015624999997 0.4698428375 0.4415076078125 0.45949593125000004 0.44248871406249995 0.4480529765625
0 0.7187527421875 0.7 0.7179616421875 0.694015834375 0.7220672734375 0.6826274203125 0.7143832203125 0.6752005171875 0.7067718859375 0.6636075828125 0.696526284375 0.6686378703125 0.70853353125 0.6969767421874999 0.7129012875 0.7 0.7187527421875 0.7
0 0.7197796015625 0.5898650328125 0.724430028125 0.5920298578125001 0.730660896875 0.5931804421875 0.7371826390625 0.5776669 0.7286629171875 0.5733508875 0.722450228125 0.5711587921875 0.712259165625 0.5730645578125 0.7136214515625 0.584548415625 0.7197796015625 0.5898650328125
0 0.8662551921875 0.2559121890625 0.860478221875 0.27352238125 0.8672538859374999 0.2882262078125 0.874992478125 0.29252858437499996 0.8806421906249999 0.2822089484375 0.8739392453124999 0.26333909218749996 0.8662551921875 0.2559121890625
0 0.8948849359375 0.2272408125 0.8978822031250001 0.23458590781250002 0.9063473875 0.24202644687500002 0.9198447703125 0.229760140625 0.9169020421875 0.21929052031250001 0.911525021875 0.2139875375 0.9022241687499999 0.2096578890625 0.89274151875 0.21574332031250001 0.8948849359375 0.2272408125
0 0.8531875531249999 0 0.852743178125 0.000429128125 0.8525613828124999 0.01084420625 0.8578475031250001 0.021354729687499997 0.8640420125 0.02458833125 0.8726162734375 0.025779821874999997 0.88066391875 0.012376564062500001 0.87732659375 0 0.8531875531249999 0
0 0.7354045874999999 0.41094380937499997 0.7449417765625 0.4017338546875 0.7451053921875 0.3923602828125 0.72966456875 0.3816725078125 0.7194916859375 0.382536765625 0.7162035453125 0.3918557984375 0.7167119828125 0.40749205312500003 0.724396034375 0.4149189546875 0.7354045874999999 0.41094380937499997
0 0.7794757484375 0.348161728125 0.7858884125000001 0.33889723437499997 0.7774595875 0.32937367968750003 0.7689398656249999 0.325057665625 0.7633265109374999 0.3332942890625 0.7607831421875 0.344709971875 0.763780409375 0.3520550671875 0.77471624375 0.352245953125 0.7794757484375 0.348161728125
1 0.65 0 0.65 0.4439173375 0.6559286078125 0.44289496249999993 0.662722453125 0.45655727968750004 0.6777639171875001 0.4453597484375 0.676510709375 0.42762684375 0.6829415531249999 0.41732084062499997 0.68395901875 0.403794871875 0.6795812859375 0.3860074265625 0.6897359890625 0.386184678125 0.69682070625 0.383182865625 0.7102817296875 0.3729995765625 0.726721840625 0.3712028875 0.736803825 0.375546171875 0.7530621390625 0.3841645640625 0.7570586921875 0.37902519843750004 0.7734079046875 0.38243605 0.7887760109374999 0.39728985625 0.809739290625 0.40494854843750006 0.8068874609375 0.389271390625 0.7884130109375 0.37332153749999997 0.778440103125 0.36272920625 0.7660692640625 0.3552204953125 0.7560236390625 0.348794196875 0.7546977109374999 0.33522732187500004 0.7635264875 0.3218376984375 0.7692670984375 0.306310521875 0.78140219375 0.2825603578125 0.78810573125 0.25663173437500003 0.7845091296875 0.23885792499999997 0.791702925 0.229607065625 0.8041283031249999 0.233991253125 0.8236747578125 0.2332906125 0.8499423390625 0.2504183203125 0.8457100421874999 0.2242988109375 0.8250376359375 0.199975990625 0.828325775 0.1906569578125 0.85090585625 0.19521839531250001 0.8678362249999999 0.210099471875 0.8719782140625 0.196628040625 0.8939407812500001 0.191802271875 0.866074578125 0.176730309375 0.85074283125 0.1597934890625 0.8281809296875 0.15419054062499998 0.833085871875 0.141774253125 0.8311606093750001 0.11777866562499999 0.809434378125 0.1090648296875 0.806691625 0.08713862343749999 0.8108699734375 0.0715841765625 0.820225365625 0.0727893 0.8289450640625 0.06564872656250001 0.825312103125 0.0499579328125 0.8286184234375 0.039597390625 0.8290183734375001 0.0166842140625 0.816720253125 0.005009471875 0.8196543296875 0 0.65 0
0 0.5585338984375 0.76623325 0.55003235625 0.7608757296875 0.5414762734375 0.7586427312499999 0.53302926875 0.7501606859375001 0.5190779890624999 0.7436662125 0.5089232859374999 0.7434889609375 0.5018022078125 0.7485737890624999 0.5001126890625 0.7558370765625 0.505544246875 0.758015534375 0.5118478343749999 0.7550000875 0.517297571875 0.7561370390625 0.5265802453124999 0.7615081953125 0.5358265609374999 0.76896236875 0.5404951671875 0.7700856843749999 0.5522121328125 0.7702902046875 0.5585338984375 0.76623325
0 0.3571588953125 0.7 0.36036354843749996 0.7044319546875 0.3642146640625 0.707624653125 0.3696280421875 0.7108446203125001 0.3774757125 0.70889795 0.37866009843750004 0.7 0.3571588953125 0.7
0 0.348046065625 0.783395678125 0.343232021875 0.7906044265625 0.3446124875 0.8010467765625 0.3538769828125 0.807459440625 0.3592540015625 0.8127624234375 0.36621146250000003 0.81705116875 0.37167937968750003 0.8171466109375001 0.377347271875 0.8057854640625 0.3726968453125 0.803620640625 0.36434073906250003 0.7899310546875 0.355857375 0.783532025 0.348046065625 0.783395678125
0 0.221738584375 0.8124457328125001 0.223936540625 0.8208187015625 0.22933173906249998 0.8250801765624999 0.23565350624999998 0.8210232218750001 0.2396682390625 0.8148423484375 0.24130321875 0.8107035843749999 0.2420661703125 0.8117587281249999 0.23525414687500001 0.79913791875 0.22984076718750002 0.795917953125 0.22273787031249997 0.799961271875 0.221738584375 0.8124457328125001
0 0.1676763375 0.865676990625 0.1606461578125 0.8655542781250001 0.15813914843750002 0.874886946875 0.159574153125 0.8822047734374999 0.1671854875 0.8937977078125 0.17886609375 0.89608524375 0.183643778125 0.8909595124999999 0.18386193281250002 0.8784614156250001 0.179375121875 0.8669230203125 0.1676763375 0.865676990625
0 0.0972648765625 0.915497396875 0.0918514984375 0.9122774296875 0.081714975 0.9110586703125 0.07461207812500001 0.915101990625 0.075956184375 0.92762735625 0.079716403125 0.9360275937499999 0.0875095328125 0.9372054484374999 0.0946306109375 0.9321206203125 0.09866352187500001 0.9248982375000001 0.097955109375 0.9207185703124999 0.0972648765625 0.915497396875
0 0.06696379218750001 0.9503905500000001 0.06231336562499999 0.9482257265625 0.0546111328125 0.9418403312500001 0.044983046875 0.9562578265624999 0.0487250859375 0.965699571875 0.052521662499999996 0.9720167937499999 0.062603646875 0.976360078125 0.067490409375 0.9649852984375 0.06696379218750001 0.9503905500000001
1 0 0.7 0 0.9557495156249999 0.004364234375 0.955548821875 0.01671689375 0.9640990421875 0.0269261359375 0.9611517703124999 0.040314440624999996 0.9551345109374999 0.046672565625 0.948994540625 0.04854388125 0.9313161734375001 0.0557013171875 0.9241483296874999 0.0589530984375 0.9169123125 0.068308490625 0.9181174375 0.0731952515625 0.90674265625 0.0833499546875 0.9069199078124999 0.094340328125 0.90398626875 0.10298730781250001 0.9010117265625001 0.10996294843750001 0.9042589624999999 0.1232421765625 0.904490753125 0.1256764671875 0.8993241171875 0.1220616859375 0.8825918140625 0.11130764687500001 0.8719858500000001 0.1192825734375 0.862748625 0.129491815625 0.8598013515625 0.140464009375 0.8579092203125 0.14658580000000002 0.8653088546875001 0.159065715625 0.86656851875 0.16320770625 0.8530970874999999 0.16947493281249998 0.8521646562499999 0.1765051125 0.8522873671875001 0.1814282328125 0.8388295734375 0.1884402328125 0.8399937921875 0.20558875625 0.8423767718749999 0.21550712500000002 0.8560936265624999 0.2325829296875 0.8626426374999999 0.26063092656250003 0.86729951875 0.23051222968750001 0.8469791140625 0.2128189109375 0.8310428953125 0.20611596406250002 0.8121730390625 0.2148902015625 0.8019079421875001 0.2237189765625 0.78851831875 0.232620471875 0.7709626640625 0.23992334375 0.75546275625 0.24718985781249997 0.7420458640625001 0.2476625265625 0.71496665625 0.24373368593750003 0.7 0 0.7
0 0.9278612984375 0.861988084375 0.9308040265624999 0.8724577015625 0.9369439968750001 0.878815828125 0.9517127671875001 0.88324091875 0.9527120531250001 0.8707564578125 0.948897296875 0.8654807453125001 0.9435929953125001 0.8560117296875 0.933456471875 0.8547929703125 0.9278612984375 0.861988084375
0 0.9662651578125001 0.76576866875 0.9568915859375 0.765605053125 0.9537488812499999 0.7665920203125001 0.9519684640625 0.7790628484375001 0.9518412078124999 0.7863534046875 0.9635218140624999 0.788640940625 0.9713513031250001 0.7877357796875 0.9730953609374999 0.77734796875 0.9724414875 0.770043778125 0.9662651578125001 0.76576866875
0 0.952295696875 0.7603157031250001 0.9429766640625001 0.7570275625 0.9327492421875 0.7610163453125 0.9318953921875 0.7651687421875 0.9316408781250001 0.7797498546874999 0.9338024765625 0.7902058390625 0.94003334375 0.7913564234375 0.9470998828124999 0.7893961203125001 0.9519684640625 0.7790628484375001 0.9537488812499999 0.7665920203125001 0.952295696875 0.7603157031250001
1 0.65 0.7 0.65 1 0.6852772515625001 1 0.686362784375 0.9994609578125001 0.6857634484374999 0.98903224375 0.6990972156249999 0.986139509375 0.7071993984375 0.9696117265625 0.7033846421875001 0.9643360140624999 0.7004419140625 0.9538663953125 0.707690246875 0.9414910109375001 0.723984921875 0.9480263875 0.72458425625 0.9584551031250002 0.729089246875 0.968951990625 0.7455475359375 0.9661137953125 0.745838409375 0.9494496671875 0.7397529781250001 0.9399670171875 0.73986205625 0.9337179703124999 0.73546614375 0.9169720328125 0.7386633859375 0.9128605390625001 0.7463110796875 0.9223704578125 0.755939165625 0.9079529624999999 0.7427871953125 0.9004306156249999 0.7453487437499999 0.8879734234375001 0.7642958640625 0.87684406875 0.7767394203125 0.8801867484375 0.78208008125 0.887572746875 0.7906907015625 0.8866812203125001 0.7909997546875001 0.868975584375 0.7911815499999999 0.8585605046874999 0.7991201171875 0.8514062953125 0.806422990625 0.8359063859375 0.8179951109375001 0.7996444921875 0.8226818968749999 0.7997263 0.8257700609375 0.8018638546875 0.8307840796875 0.78319851875 0.8409387828125 0.7833757703125 0.8533278015625001 0.7898429734375 0.860594315625 0.77642608125 0.8492227625 0.7564329078124999 0.8604131109375001 0.7420426828125 0.8729293874999999 0.7412193296875 0.8802504390625 0.7246779125 0.8742195468749999 0.7120707390625001 0.8571801015625 0.7034387125 0.8570418765625 0.7 0.65 0.7