0 0.0537119125 0.4296875 0.054399467187499995 0.42867540625 0.057026578125000005 0.42081500624999996 0.052545434375 0.41314975781249996 0.0438964515625 0.413616278125 0.0338816953125 0.41538016093749996 0.03183358125 0.4296875 0.0537119125 0.4296875
1 0.4796875 0 0 0 0 0.3677866796875 0.0088149703125 0.3754089734375 0.0121053 0.3853975828125 0 0.39241695625 0 0.4255092234375 0.0053781578125 0.4204004421875 0.0199445828125 0.42206213281249993 0.0388904296875 0.4028730359375 0.052757015625 0.4004307359375 0.0686186859375 0.4050347375 0.08234421875 0.4110717859375 0.093129340625 0.40917221875000004 0.086263859375 0.4294040609375 0.0863886328125 0.4296875 0.41450611249999997 0.4296875 0.41986075625 0.426659265625 0.43271149062500003 0.427566328125 0.43764969843749996 0.4192988765625 0.451341325 0.415830578125 0.4561751 0.40229745625 0.4641947734375 0.39348727499999997 0.4671012765625 0.39191854375 0.478027453125 0.3815396296875 0.4796875 0.37966529531250004 0.4796875 0
1 1 0.4296875 1 0 0.5202388953125 0 0.5198457421875 0.009272740625000001 0.5208955 0.0154287265625 0.5234832765624999 0.044563712500000005 0.530450475 0.0528479078125 0.5380497015625 0.046225401562500004 0.5429512890625 0.051702971875 0.544875846875 0.062988946875 0.539867109375 0.075496071875 0.5436823203125 0.08856267500000001 0.535662646875 0.09737285625 0.53401476875 0.11562891875 0.5381798953125 0.130747515625 0.5295648171875 0.14071938125 0.5397179125 0.15372651406249999 0.5500120625 0.1582543015625 0.5618835625 0.1487657015625 0.5731230375 0.1541838015625 0.5765178015625 0.1694380828125 0.5888070328125 0.18101217187500002 0.5946146125 0.22437544062499998 0.6031903546875 0.25139896093749997 0.6219558125 0.2776845953125 0.6350493187499999 0.29862834375 0.645027453125 0.31060948125 0.6292675015625 0.3345215171875 0.5919712140625 0.37173803125 0.6205452765625 0.36247807656250003 0.6434134796875 0.3383708875 0.663584046875 0.326363775 0.6745102234375 0.315984859375 0.679095796875 0.328915778125 0.6924714109375 0.33290083125000003 0.7014336921875 0.348231328125 0.71144845 0.3464674453125 0.7115189765625 0.34222777187500003 0.7285375515625001 0.335003065625 0.7419836906249999 0.33474844375 0.7428584890625001 0.33987843125 0.7403358125 0.3530045046875 0.7473030109375 0.3612887 0.742748628125 0.381113490625 0.7524473703125001 0.38680295937500003 0.760642003125 0.3790187734375 0.7799011484375 0.375626690625 0.7876048078125001 0.3742698578125 0.79933525625 0.37326060625 0.807177253125 0.386674790625 0.8093472984375 0.3947470875 0.8069290531250001 0.41313883125000006 0.8080127171875 0.4288001640625 0.8096853812500001 0.4296875 0.8237640703124999 0.4296875 0.8274468234375 0.42643407812499995 0.8275878765625 0.41795472968749997 0.8408929624999999 0.426179459375 0.8472308500000001 0.4261199890625 0.8589273921875 0.41560539218750003 0.8712532453125 0.413434459375 0.8903374312500001 0.409016378125 0.91575950625 0.4045388296875 0.9321460546874999 0.4122208234375 0.9551525968749999 0.402884653125 0.9632767031250001 0.399340140625 0.9780180890625001 0.40202782968750006 0.9907616734375001 0.42091958281249997 0.990091909375 0.4296875 1 0.4296875
0 0.4796875 0.18701899375 0.48116739218750004 0.1872888109375 0.48757580625 0.1829896671875 0.491918609375 0.17588389843750002 0.5120186484375 0.168116459375 0.5137709609375001 0.1551260703125 0.499904375 0.15756837031249998 0.48512637031250005 0.1686257015625 0.4796875 0.169583640625 0.4796875 0.18701899375
0 0.4796875 0.3336574390625 0.48475744687500005 0.3293262640625 0.48748899218749997 0.3267315359375 0.49799472187499993 0.3185403 0.49960597812499996 0.3140292578125 0.5054895140625 0.306652121875 0.5071712984375 0.2979014078125 0.5011494265625 0.2905075265625 0.4940411734375 0.29070267968749997 0.49081865625 0.299724759375 0.485285040625 0.309153890625 0.4796875 0.31739358125 0.4796875 0.31753746718750003 0.48959122343750006 0.3157931421875 0.4796875 0.332668821875 0.4796875 0.3336574390625
0 0.6299361515624999 0.30586979687500004 0.6209033406250001 0.294778975 0.612429315625 0.2962714921875 0.6103976109375 0.302970209375 0.60742058125 0.308778615625 0.6078749328125 0.3160962828125 0.6141422921874999 0.3202764890625 0.62272075 0.32404964375 0.6304949343749999 0.3184531359375 0.6299361515624999 0.30586979687500004
0 0.6980701234375 0.365732759375 0.6946048328125001 0.35471815 0.6845561703125 0.3469766875 0.6744003609375 0.35721991875 0.6748547125 0.364537584375 0.6771997171875 0.37363588124999997 0.6809810187500001 0.3771971375 0.6886141515624999 0.38007998125000003 0.69673825625 0.3765354671875 0.6980701234375 0.365732759375
0 0.7977212828125 0.4010220125 0.7927152625 0.390278771875 0.7813008265625 0.383834671875 0.774367534375 0.385055821875 0.7706201375 0.390999909375 0.7679225015625001 0.403099984375 0.768972259375 0.40925597031249994 0.77825055625 0.417133115625 0.7909968562499999 0.41277450625 0.7977212828125 0.4010220125
1 0.4796875 1 0.4796875 0.440709559375 0.031542975 0.43288716718750003 0 0.43844278125 0 0.9107209812499999 0.016962951562500002 0.922645940625 0.033453934375 0.93559360625 0.050924146875 0.9589369328124999 0.0620930953125 0.96859470625 0.071650784375 0.982763521875 0.0771948421875 1 0.4796875 1
0 0.86748428125 0.9250244671875001 0.86209171875 0.92597425 0.8591146890625 0.9317826562499999 0.85907806875 0.9455276749999999 0.8623683984374999 0.955516284375 0.868531325 0.95443081875 0.870842421875 0.95402376875 0.8772508359375 0.9497246265625 0.8813481515625 0.9458325343750001 0.8820846109375001 0.9361915046875 0.8797396062499999 0.9270932078125 0.86748428125 0.9250244671875001
0 0.777664771875 0.9566964296875 0.7775603390625 0.9514307578124999 0.7767560687499999 0.9420610953124999 0.7715045609375 0.93453153125 0.766253053125 0.9270019656249999 0.75917870625 0.9367024640625001 0.7587582609375 0.938890140625 0.7588626921875 0.9441558125 0.76043733125 0.9533897921874999 0.7645685515625 0.9590030453124999 0.7709064390625 0.9589435749999999 0.777664771875 0.9566964296875
0 0.692611228125 0.9558245765625 0.6813351328125 0.964151496875 0.6811235531250001 0.97687051875 0.6864794921875 0.98966575625 0.697439575 0.9887921875 0.7076659109375 0.9743092828125001 0.7037096500000001 0.969722025 0.6981082234375 0.9601404656250001 0.692611228125 0.9558245765625
0 0.6960114203125001 0.9245781281250001 0.6932093500000001 0.9314125296875 0.6928567156250001 0.9526109 0.7013646453125 0.9606237296875001 0.71008415625 0.9559175359375001 0.7129906609375001 0.9543488078125 0.71698354375 0.9451910421874998 0.7133432953125001 0.9331504359375 0.7082667468749999 0.9266468703124999 0.6996543828125 0.9133683671874999 0.6960114203125001 0.9245781281250001
0 1 0.8479876718749999 0.9951981984374999 0.8317239453124999 0.9901555578125001 0.8347257234375001 0.9818564921874999 0.8372442390625 0.9733119406250001 0.8429764265624999 0.9814333328124999 0.8626822828125 0.989695775 0.8739087874999999 0.9990446000000001 0.877546259375 1 0.8773779859375 1 0.8479876718749999
1 1 0.4296875 0.4796875 0.4296875 0.4796875 0.70501409375 0.4901081078125 0.708265228125 0.510871365625 0.7183467984374999 0.522460759375 0.72581689375 0.5278139859375 0.761862496875 0.5512382609375 0.7735890140625 0.5696537984375001 0.797822653125 0.58348105 0.8323757374999999 0.5743044703125 0.8530146296875 0.584457565625 0.8660217640625 0.598674071875 0.8656314593750001 0.6000764640625 0.8505890749999999 0.60725524375 0.84615425 0.6334422546875 0.8880417484375001 0.6397096140625 0.8922219531250001 0.6428955109375 0.8969448921875 0.6373958015625 0.9158793687500001 0.6517506453124999 0.9302600828124999 0.6640765 0.9280891499999999 0.669926128125 0.9112066671874999 0.667756084375 0.90313436875 0.6824269421875 0.9100617312499999 0.6851245796875001 0.8979616578125 0.6950688078124999 0.9004374500000001 0.699970396875 0.90591501875 0.714536821875 0.9075767093749999 0.7266510937499999 0.9181247984375001 0.74419455 0.9139780859375 0.7557134171875 0.9256878546875 0.7658692265625 0.9154446249999999 0.78698511875 0.9043278234375001 0.8047740624999999 0.896967434375 0.8175881734375 0.9116195140624999 0.8275690234375 0.9003502859375001 0.84066524375 0.89804366875 0.8321518843749999 0.936531571875 0.838348715625 0.9449514515625002 0.84507314375 0.9331989578125001 0.859430703125 0.9243293046875 0.86419395 0.9150358578125001 0.8773973187500002 0.894744546875 0.8872032093750001 0.882449321875 0.899915603125 0.8685853640625 0.9117871046874999 0.8590967640624999 0.9205432359374999 0.8406455515625 0.932485265625 0.8269172781249999 0.9529352234375 0.8212018328124999 0.9760828203125002 0.803386315625 0.9965693999999999 0.7839258515624999 1 0.7757661515625001 1 0.4296875
0 0.560785090625 0.8807592890624999 0.56827716875 0.8921214781250001 0.5766467609375 0.8853632906249999 0.5775581796875 0.876748259375 0.574933784375 0.8613582937500001 0.5702071546874999 0.8569067218749999 0.559771953125 0.860858284375 0.5512273999999999 0.8665904734375001 0.5570037875 0.8771980312500001 0.560785090625 0.8807592890624999