0 0.514484725 0.2390625 0.5149125359375 0.2365427 0.5024057125 0.2289507328125 0.49248565781250003 0.23282144374999997 0.488603559375 0.23827473124999998 0.4885635875 0.2390625 0.514484725 0.2390625
0 0.49421481875 0.2390625 0.49194636875000003 0.23483702812499999 0.4869869890625 0.22922328125 0.4839680125 0.2284319921875 0.4804097453125 0.22965628906250002 0.4755032578125 0.2359195484375 0.47526258749999994 0.2390625 0.49421481875 0.2390625
1 0 0 0 0.2390625 0.45259458124999996 0.2390625 0.475665821875 0.22625595 0.481382540625 0.201871109375 0.49518469375 0.19254711093750002 0.49928225 0.1893072296875 0.4983107515625 0.20199420468749998 0.4978785421875 0.2126655953125 0.5130276203124999 0.21340083906250001 0.5253202859375 0.2036811953125 0.518798525 0.18579479999999998 0.5157795484375 0.1850035109375 0.5214962640625 0.1606186703125 0.5304474171875 0.1392385265625 0.5202048265625 0.132240025 0.5314731015625 0.12333035156250001 0.5323375203125 0.101987571875 0.5180515625 0.09500775156249999 0.518214128125 0.085344153125 0.5211260265625001 0.0774796375 0.529158571875 0.080663471875 0.539887559375 0.07376938281249999 0.542476921875 0.05503565312499999 0.5362235109375 0.0512396703125 0.5309944875 0.046633715625 0.5309957828125 0.0315355125 0.541509315625 0.022428015625 0.545014690625 0.009326715624999999 0.5547192890625 0.003242596875 0.5563503703125 0 0 0
0 0.7089537609375001 0 0.7047890390625 0.00009294531250000001 0.7 0.0033994375 0.7 0.0148171953125 0.70047473125 0.016217625 0.7079138 0.0246382453125 0.7226861546875 0.0177254734375 0.7210695859375 0.008674023437500001 0.7162537390625 0 0.7089537609375001 0
0 0.8169130593749999 0.1394848640625 0.804782959375 0.1395409078125 0.7994984515625 0.153254359375 0.7983114984374999 0.1637279265625 0.8043494546875 0.165310503125 0.815185521875 0.1670722203125 0.82338063125 0.1605924578125 0.8266163609374999 0.14849895 0.8249456046875 0.14266869843750002 0.8169130593749999 0.1394848640625
0 0.8225807765625 0.057928406249999995 0.8298043890625 0.06413561875 0.8399940890625001 0.059257115625 0.848350465625 0.058211959375 0.8518558421875 0.045110657812499996 0.8478666625000001 0.041908140625 0.839564471875 0.039732096875 0.82872840625 0.0379703796875 0.8230129859374999 0.047257015624999996 0.8225807765625 0.057928406249999995
0 0.81248778125 0.19224835 0.8228400453125 0.1777062484375 0.857398321875 0.1662732546875 0.8248359328125 0.1642093015625 0.815455165625 0.166064428125 0.8016530109375001 0.175388428125 0.783861678125 0.181509909375 0.7862871796875 0.1875379828125 0.7955053828125 0.195346453125 0.81248778125 0.19224835
0 0.6022536281249999 0.24390706562500003 0.6009582984375 0.26082303281249997 0.6003106328125 0.2692810171875 0.6119014453125 0.2712405578125 0.623278096875 0.255888484375 0.61718725 0.24242890312499998 0.6022536281249999 0.24390706562500003
0 0.5762065125 0.33522053124999995 0.5819735265625 0.35290910625 0.59717679375 0.3504231484375 0.6009518140625 0.33631405625 0.59879595625 0.329278190625 0.5945371328125 0.3270834640625 0.5844558109375 0.3255195703125 0.5762065125 0.33522053124999995
0 0.5146889984375 0.3870399484375 0.5060087906249999 0.392314096875 0.5027188703125 0.40762880468749996 0.5102121265624999 0.412828225 0.5220725828125 0.4137799703125 0.5253083140625 0.4016864625 0.5271958234375 0.394631915625 0.5232066453125 0.391429396875 0.5146889984375 0.3870399484375
0 0.381101815625 0.321829025 0.3830951078125 0.3385284875 0.39700434218749997 0.3378602953125 0.40406798281249995 0.323534696875 0.40471564843749996 0.31507671249999997 0.3984622375 0.31128072968750004 0.39425760312499997 0.3058648046875 0.381101815625 0.321829025
0 0.546379190625 0.50103590625 0.5340865265625 0.5107555500000001 0.5307424203125 0.52929145625 0.5396909765625 0.538107721875 0.5528996546875 0.5340205078125 0.5622275296875 0.5202883765624999 0.56292938125 0.50860919375 0.556406325 0.5058210015625 0.546379190625 0.50103590625
0 0.5597968390625 0.5746531203125 0.55451233125 0.58836656875 0.558662778125 0.59700369375 0.564700734375 0.5985862703125 0.574405334375 0.5925021515625 0.5778565203125 0.58262205 0.572951328125 0.5737871046875 0.5597968390625 0.5746531203125
0 0.6717028109375 0.7420280390625 0.687606634375 0.7429611046875 0.696395221875 0.73124455625 0.695048296875 0.7211853140625 0.6817325390625 0.716616725 0.67067971875 0.7277398046875 0.6717028109375 0.7420280390625
0 0.565803671875 0.9385926000000001 0.58958006875 0.922176690625 0.58677784375 0.9085006046874999 0.56629006875 0.924700009375 0.5522195671875 0.9199335968749999 0.5407358343750001 0.9266298625000001 0.536691171875 0.9417467484375 0.5386315734375 0.9465692078124999 0.5588484078125 0.9464758 0.5771235421875 0.9566581359375 0.565803671875 0.9385926000000001
1 0.480647840625 1 0.489031296875 0.9659227625 0.4825082421875 0.963134571875 0.5018103609375 0.9423105296875001 0.5175542125 0.9227107859375 0.513943053125 0.9120580765625 0.530224896875 0.9055409515624999 0.543219415625 0.884142125 0.5365350906249999 0.8759193265625 0.5520092984375 0.8573273734375 0.5407965078125 0.8479176421875 0.531200284375 0.8475593609375001 0.5358926125 0.8239844937499999 0.5403681890625001 0.81329441875 0.5348695218749999 0.8096962578125 0.5378897968749999 0.7953893421875 0.5531459546875 0.8047803921875001 0.5601554078125 0.79367599375 0.56770415 0.7805560093749999 0.592827471875 0.7741993421875 0.59870545625 0.7552491078125 0.5932067875 0.751650946875 0.593638996875 0.74097955625 0.575901853125 0.7438798390625 0.563286653125 0.7427302703125 0.5802161625 0.7277551609375 0.61849526875 0.7054342734375 0.630840825 0.7075916343750001 0.63935976875 0.6968828796875 0.6767215656250001 0.68402776875 0.6456144765625 0.685580659375 0.6726807921875 0.653850040625 0.635911175 0.6765665734375 0.6157472312500001 0.6885369875 0.6025914453125 0.7045012093749999 0.57240036875 0.711686528125 0.5450670015625 0.7142285296875001 0.5424260453125 0.70598705 0.5571983984375 0.6990742796875 0.5569842406250001 0.6817626671875 0.5545587390625 0.6757345953125 0.5602212671875 0.65457095625 0.5595233046875 0.6209555250000001 0.5566681890625 0.595402434375 0.577100478125 0.5975224328125 0.5779107078125 0.5794008515625 0.5617914296875 0.576254378125 0.551547540625 0.5843540812500001 0.54583341875 0.5785425125 0.5622236390625 0.5655829890625 0.5881017046875 0.55942414375 0.605299559375 0.55853944375 0.664012253125 0.5232403515625 0.6205583125 0.537734084375 0.6067032671875 0.5351810796875001 0.592956596875 0.526185675 0.57430214375 0.538551734375 0.560069078125 0.54344891875 0.5427628453125 0.550776015625 0.535592125 0.55644580625 0.5208752546875 0.5450391734375 0.5035174296875 0.5253910609375 0.497696225 0.5109236875000001 0.49909863593750003 0.502663525 0.513655534375 0.49353734843749997 0.51630038125 0.456484215625 0.5030930015624999 0.4454732265625 0.49301038124999996 0.4590075359375 0.47780841093750004 0.44639528906250003 0.46988424375 0.43676905312500003 0.47419855 0.4206443734375 0.4554899078125 0.4362316328125 0.45090855156250004 0.42316769374999996 0.466976234375 0.39933895625 0.47899925468750004 0.39062710625 0.511241703125 0.3516254390625 0.46589895468750003 0.3882719234375 0.44821470156250004 0.40304920937500005 0.4313406796875 0.399704915625 0.4202362625 0.3838527859375 0.40886090781249995 0.38410665312500003 0.395707715625 0.36987446718749994 0.3746290578125 0.36111424843749995 0.3521492859375 0.3455159859375 0.33586744375 0.3520331109375 0.31117633125 0.3477183890625 0.2965678390625 0.3298693578125 0.2807182046875 0.3257150921875 0.2758156078125 0.2866837390625 0.2551678609375 0.2823503328125 0.25025748281250004 0.33390820468750004 0.22459357500000002 0.3573786609375 0.1976382296875 0.3524704703125 0.167016240625 0.355228978125 0.14739158593749999 0.36518380625 0.11143090156249999 0.3848769609375 0.102750690625 0.39015110937499997 0.0729363390625 0.40498444375 0.0536342203125 0.42580848437499996 0.027917421874999997 0.4374019359375 0.014383615625000002 0.460816346875 0 0.5141922875 0 0.9910369187499999 0.0338914875 1 0.480647840625 1
0 0.9418160343749999 0.44692995468749996 0.9462361234374999 0.4545592875000001 0.9590125921875 0.46114346249999993 0.9651589250000001 0.456283640625 0.9720058125 0.454842840625 0.9836508140625 0.45358117968750006 0.9727076671875 0.44316365781249994 0.9608485078125 0.42711370625 0.9451059531249999 0.43161524687499997 0.9418160343749999 0.44692995468749996
0 0.9310883437499999 0.4387258390625 0.9189582421875 0.438781884375 0.9107631328125001 0.445261646875 0.9094149109374999 0.450300609375 0.906933925 0.46259194062500003 0.918146715625 0.47200167187500003 0.92089605 0.47380075312500003 0.9273120265625 0.46793313750000004 0.93669279375 0.46607801093750006 0.9417605484375 0.465249359375 0.9452117359375001 0.45536925625 0.9446195562499999 0.44550783593749993 0.9310883437499999 0.4387258390625
1 0.7 1 1 1 1 0.4956127390624999 0.987043921875 0.49221688906250005 0.9757769421875 0.486028359375 0.96224573125 0.4792463609375 0.93863319375 0.47090047031250004 0.909142675 0.48150480937500006 0.8766873625 0.4880966640625 0.8626155656249999 0.4984284546875 0.8478445062500001 0.490243021875 0.8244461296875001 0.49920874062500004 0.795225253125 0.5088052890625001 0.7731751 0.5127320453124999 0.7610965937499999 0.5397633 0.7470247953125 0.5500950921875 0.729341840625 0.5497741749999999 0.719207625 0.5363332749999999 0.7103106609375 0.5544922203125 0.706588534375 0.5804783171875 0.7 0.5833448125 0.7 1