0 0.24851030624999998 0.1866390625 0.25169957656249997 0.18036458125 0.24756940468750002 0.17497034843749998 0.24499087187500002 0.1723905546875 0.23303910625 0.1711603 0.2293476890625 0.18071851249999998 0.23387142187499999 0.188399559375 0.240819903125 0.1915653140625 0.24851030624999998 0.1866390625
0 0.159197553125 0.25062066875 0.1581480609375 0.24452249843749999 0.1587813953125 0.24200103906249998 0.1461736984375 0.23695942812499998 0.13527142812499998 0.24182734374999998 0.1300283703125 0.24857111562499998 0.1309466765625 0.253907015625 0.13778656875 0.2626433140625 0.147422171875 0.2628183171875 0.1560082828125 0.25689514999999996 0.159197553125 0.25062066875
0 0.140663865625 0.20494403437500003 0.14083584375 0.1811373125 0.1379949375 0.1770329765625 0.1198818125 0.1772105953125 0.11000643437499999 0.1818438640625 0.1068171640625 0.188118346875 0.10981185468750002 0.1993177703125 0.1223109640625 0.20992992500000002 0.1302863390625 0.212861034375 0.140663865625 0.20494403437500003
0 0.0220827265625 0.1670755765625 0.03508398125 0.174404 0.040960373437499996 0.16513876875 0.03809686875 0.1547016171875 0.0248558375 0.15218146562499998 0.02142679375 0.1632642203125 0.0220827265625 0.1670755765625
0 0.3697559703125 0.21518395468749998 0.3534568546875 0.21970055624999998 0.3338372859375 0.22972936718749998 0.3457030609375 0.24286298125 0.35649674375 0.2435656109375 0.3744560859375 0.23629290468750003 0.3836529328125 0.22151546406249997 0.3787582390625 0.2178804171875 0.3697559703125 0.21518395468749998
1 1 0 0.5 0 0.5 0.36875 0.8755094124999999 0.36875 0.8759175796875001 0.36608084218750003 0.9085158078125 0.357047640625 0.9375945968749999 0.33376593125 0.9664110140624999 0.3089596765625 0.9870574765625001 0.298696221875 0.9758250374999999 0.283041146875 0.9879939765625 0.2731303140625 1 0.269896125 1 0
0 0.2744411890625 0.8344063937499999 0.27354175000000003 0.836476028125 0.28775698906249997 0.8388201765625001 0.297113196875 0.8348181671875 0.304643946875 0.8275050531249999 0.297060025 0.8199174234375001 0.27922045624999997 0.8184014359375 0.2744411890625 0.8344063937499999
0 0.20956507968750002 0.8660076109375 0.196994378125 0.8586274078125001 0.183114403125 0.8655272093749999 0.1776912015625 0.8704946374999999 0.178180796875 0.8806353796875002 0.18635548125 0.8843597953125 0.19512092812499998 0.8842209999999999 0.2050678984375 0.8763557765625001 0.20956507968750002 0.8660076109375
0 0.057822415625 0.82332023125 0.065534090625 0.824354278125 0.076098409375 0.8200762171874999 0.0769712578125 0.8105562124999999 0.0736290171875 0.80572758125 0.0657630046875 0.8037967437500001 0.052936803125 0.8095237031250001 0.05070150624999999 0.818422971875 0.057822415625 0.82332023125
1 0 0.36875 0 0.8012279703124999 0.014197515625 0.7960063046875 0.0272312265625 0.8060768765624999 0.0495679734375 0.7972447015624999 0.05375648125 0.78510295625 0.07036135 0.779444625 0.10177221875 0.7722672312500001 0.1212297359375 0.7612967906250001 0.14074042343749998 0.76522709375 0.152023253125 0.7505322375000001 0.176930559375 0.7420447421875 0.1877503796875 0.7246595156250001 0.22892729374999998 0.701269740625 0.25935896718749996 0.6738108625000001 0.29524042968750003 0.64883493125 0.3090938203125 0.6344847578125 0.333436946875 0.6373108453125 0.3609148109375 0.629168034375 0.38700364062500003 0.6129541109375 0.39376270468749996 0.60115705 0.3905216265625 0.582324465625 0.3996969125 0.5699752953124999 0.4351419484375 0.549759365625 0.4263233296875 0.5349974203125 0.406966978125 0.53196390625 0.41208150625 0.5252029 0.40372589999999997 0.5131313203125 0.4014108453125 0.49967947500000004 0.4130023484375 0.486778196875 0.43109741875 0.47518702187499995 0.42801067656249997 0.4572512265625 0.42978296406250005 0.445661590625 0.42746790625 0.4322097421875 0.4082658921875 0.43007301875000004 0.4045618015625 0.40855006562499996 0.40512597968749997 0.3972364828125 0.40101205 0.3879239015625 0.40625432968749997 0.37460931406250003 0.39995085625 0.36875 0 0.36875
0 0.91922549375 0.7623773390624999 0.9367052859375 0.7647211781250001 0.9534205578125 0.7688242078124999 0.9678196703124999 0.7718719859375 0.9752476999999999 0.76542119375 0.9880951703124999 0.76565453125 0.9999157484375001 0.7661225140625 0.9799660109375001 0.755628334375 0.9797036375000001 0.75410379375 0.9717282624999999 0.7511726859375 0.9520860953125 0.7548686796874999 0.9465806656249999 0.760087909375 0.9135662796874999 0.7605014796875 0.91922549375 0.7623773390624999
0 0.8812982218750001 0.7900576734375 0.881275621875 0.78372485625 0.8652162828125001 0.783433184375 0.859579665625 0.7878901421875 0.8580732234375 0.797741334375 0.865152890625 0.8016693593750001 0.8778691765625 0.8011404265625 0.8828724593749999 0.7992049265625 0.8812982218750001 0.7900576734375
0 0.6904905593749999 0.8162278468749999 0.6804839953124999 0.8200988453125 0.6794797 0.8266663062500001 0.6824517921875 0.831532915625 0.6867131515625 0.8376894187499999 0.700062771875 0.8346390265625001 0.69737565 0.8376297765625 0.7056993890625 0.8301820687500001 0.7063327203125 0.8276606093750001 0.707599390625 0.822617690625 0.7047584828125 0.818513353125 0.7011530546875 0.8161682046875001 0.6904905593749999 0.8162278468749999
0 0.7984235734375 0.6061792125000001 0.7959988250000001 0.61069450625 0.8041279843750001 0.6207207015625 0.8106829062500001 0.6215996421875 0.8195313921875 0.6172010171875 0.8265658625000001 0.6084634125 0.8235937703125 0.6035968046875 0.820119528125 0.6020139265625 0.8082989515625 0.60154594375 0.7984235734375 0.6061792125000001
0 0.8299183031249999 0.5039129625000001 0.819911740625 0.5077839609375 0.8140353484375 0.5170491921875 0.8245892578125 0.5225600953125 0.8280635000000001 0.524142971875 0.835382940625 0.523262725 0.8384636234375 0.5225587890625001 0.8443400140625 0.5132935562500001 0.8427883749999999 0.5104791171875 0.8299183031249999 0.5039129625000001
0 0.8051868640625 0.5214478171875 0.8058202 0.5189263578125 0.8011652796875 0.5104830390625 0.7834457125000001 0.512947471875 0.7766510156249999 0.516876803125 0.7747736109375 0.5307739984375 0.78558989375 0.53780944375 0.794067415625 0.537456821875 0.8025223406249999 0.5307713828125 0.8046847171875001 0.5247315484375 0.8051868640625 0.5214478171875
0 0.72919614375 0.7186518937499999 0.7232971546875 0.7215843093750001 0.7220530843749999 0.7329600453125 0.72863060625 0.7401717999999999 0.732236034375 0.7425169484375 0.739293103125 0.7401121578125001 0.7455630531249999 0.733133740625 0.747200684375 0.72404481875 0.743201696875 0.71941285625 0.72919614375 0.7186518937499999
0 0.7497522156249999 0.6830571734374999 0.73974565 0.686928171875 0.7320778453125 0.6981872375 0.7381306203125 0.702349909375 0.7435274609375 0.7027012234375001 0.7539275859375 0.7011170390625 0.763278215625 0.693434684375 0.7627534703125 0.6903855984374999 0.75951900625 0.683994446875 0.7497522156249999 0.6830571734374999
0 0.63729546875 0.8854247609375001 0.6306319578125 0.8901163656249999 0.6275738765625001 0.897153115625 0.6279900328125001 0.9057727453125001 0.6345449546874999 0.9066516859375 0.6436558124999999 0.9037776046874999 0.6503193234375 0.8990860015625 0.6520881390625 0.8907593515624999 0.650011753125 0.8848958265625001 0.63729546875 0.8854247609375001
1 0.5 0.36875 0.5 0.9485959765625 0.506861765625 0.9461265578125001 0.5132403046875 0.9335775953125001 0.526589925 0.930527203125 0.5506020390625 0.9274171671874999 0.5779346109375 0.9187949218749999 0.5886830984375 0.9068319203125 0.6081714828125 0.8960408375 0.62521251875 0.8834322328125002 0.639435246875 0.8730521093749999 0.6731507609375 0.889115525 0.6954618546875 0.9133305875 0.6657183265625 0.8583316937500001 0.6499847515624999 0.8413283875000002 0.6597289421875 0.835932846875 0.6606020515625 0.8286031140624999 0.666740815625 0.820862425 0.680461396875 0.8137660296875 0.6801538265625 0.7995758546875 0.6660170875 0.7980526203125 0.6617331296875 0.7855633 0.6665600296875 0.7701998984375 0.6781182343750001 0.7691433390625 0.6862247953125 0.77283671875 0.6944173484375 0.7646267390625 0.7115261796875 0.7710165796874999 0.720876809375 0.7633342265625 0.713380984375 0.7507865703125 0.7082239171875 0.7456269828125001 0.7068894546875001 0.7316714546875 0.7096851640625 0.723110159375 0.71337658125 0.713551946875 0.71977771875 0.7073358015625001 0.7251293625 0.6950214828125001 0.728056259375 0.6872224593749999 0.7424101750000001 0.67760460625 0.7599533578125 0.6617122703125 0.7481101828125001 0.6549114703125 0.743541253125 0.6345647921875 0.7394744703125 0.6109343828125 0.7381174093749999 0.5906460375 0.7384205749999999 0.5676015890625 0.7296354812500001 0.5537640359375 0.7333043015625 0.5378730093749999 0.756746475 0.51904825625 0.7612024125 0.50773085625 0.7476764109375 0.49735334531250003 0.7206062125 0.507500134375 0.7090028109375 0.49589106093749996 0.6943187281250001 0.484985925 0.677689446875 0.4689795359375 0.67467215625 0.45144729687499996 0.65906976875 0.43520626093750003 0.643313596875 0.4118701390625 0.6220745921875 0.40008606249999995 0.6028033859375 0.39973605624999997 0.5839031390625 0.395340046875 0.5824374890625 0.380622246875 0.58039428125 0.36875 0.5 0.36875