0 0.4 0.0277829109375 0.3912584109375 0.0261911203125 0.3841787609375 0.0308310625 0.38037810625 0.047024040625 0.388163125 0.05243734531250001 0.4 0.055585317187500004 0.4 0.0277829109375
0 0.4 0.140048721875 0.3816432625 0.1354176 0.36909573125 0.1324883046875 0.380933565625 0.14289308750000002 0.3806086125 0.1558521640625 0.381185728125 0.164077546875 0.389872815625 0.1647571578125 0.4 0.1576209859375 0.4 0.140048721875
0 0.051750624999999995 0.5348516375 0.052199493750000006 0.5412491578124999 0.0548372484375 0.5436628781249999 0.06867159843750001 0.547342071875 0.07111698125 0.547014 0.0855327765625 0.5413898421875001 0.0895899265625 0.528852590625 0.09190706093749999 0.5266966531249999 0.075499084375 0.5215176718750001 0.055615403125 0.5195725906249999 0.050981134375 0.5238844609375 0.051558251562500004 0.5321098421875 0.051750624999999995 0.5348516375
0 0 0.25306849531250003 0.0036219859375000002 0.2534778625 0.00606736875 0.25314978906249996 0.014562082812499998 0.25108760625 0.015656526562500002 0.24909570625000002 0.0184268609375 0.23580855937499998 0.0069737703125 0.2308873609375 0 0.2318229609375 0 0.25306849531250003
0 0.28166940625 0.029823146875 0.2652614265625 0.0246441640625 0.2461472375 0.0336662609375 0.24530929218750003 0.039313884375000004 0.25984900624999996 0.0530463234375 0.2623585125 0.05363218125 0.2765819359375 0.0452662296875 0.28108795625 0.039126496875 0.28166940625 0.029823146875
0 0.07911255 0.2212092390625 0.0785354328125 0.21298385625 0.07995482968749999 0.19803288125000001 0.0758378859375 0.1921274703125 0.059233203125 0.201735425 0.05485543281250001 0.209703021875 0.05588141875 0.224325921875 0.063602309375 0.2288252953125 0.076987790625 0.22610696875 0.07911255 0.2212092390625
0 0.9360901015625 0.2507667203125 0.9189127640624999 0.260128615625 0.919512325 0.26867387656249997 0.9265656328125 0.2794899171875 0.945218303125 0.276203325 0.9461485781250001 0.2745102109375 0.9526605140625 0.2626584140625 0.9360901015625 0.2507667203125
0 0.8973565703125 0.281840290625 0.8874505656250001 0.3051255953125 0.90303619375 0.317933559375 0.9477145109375 0.3566363125 0.9343783359375 0.3160811671875 0.9160092406250001 0.2785536984375 0.8973565703125 0.281840290625
0 0.8813746734375 0.3231921265625 0.8947218937500001 0.31904900468749997 0.8931375515625 0.3114200171875 0.88963815 0.3064004171875 0.8809968171874999 0.3028548125 0.8727915281249998 0.305523940625 0.8701097093750001 0.312156965625 0.8739361437500002 0.32183761718750004 0.8813746734375 0.3231921265625
0 0.778183225 0.45230693125 0.7648360046875 0.4564500546875 0.7657080921875 0.46887952187500004 0.770519309375 0.4776439 0.7852328515625 0.478022396875 0.790869015625 0.4686405546875 0.7934418234375 0.460453846875 0.778183225 0.45230693125
0 0.8186137921875 0.415516609375 0.7984312828125001 0.4119510578125 0.7925770984375 0.41822553281249997 0.7995213953125 0.427487890625 0.817679834375 0.4321091453125 0.8311868890625 0.44519597187500004 0.8383020671875 0.426990009375 0.8220041828125 0.4189825265625 0.8186137921875 0.415516609375
0 0.550859153125 0.45692759531249993 0.5615790625 0.4601943390625 0.5754713375 0.4638196328125 0.5585738921875001 0.447266890625 0.5549109734375 0.43991676562500004 0.5726607171875 0.445465540625 0.5631707703125001 0.438024478125 0.5497727250000001 0.4264913375 0.535386215625 0.430773890625 0.5337436859375 0.4372674859375 0.550859153125 0.45692759531249993
0 0.4409163828125 0.45991518124999997 0.44282775937499996 0.47220521875 0.46071366874999997 0.47294226562499997 0.46930417812499997 0.4608116046875 0.45185799375 0.45138986875000003 0.4409163828125 0.45991518124999997
0 0.45300997656249997 0.4379047 0.44163231718749996 0.440215278125 0.442286384375 0.44953737812499994 0.46935868281250004 0.461588446875 0.470837696875 0.4527643265625 0.464769171875 0.4410320125 0.45300997656249997 0.4379047
1 1 0 0.4 0 0.4 0.3680169453125 0.4175254125 0.380717121875 0.42994235625000005 0.3782671140625 0.44628738281249997 0.416850284375 0.45160019531250006 0.38790796875 0.48961778906250003 0.376534303125 0.5174568468749999 0.38456173437499996 0.52647971875 0.3935452296875 0.5424505703125 0.39689166249999996 0.55306515 0.3837053015625 0.5648206625000001 0.4017320390625 0.577510134375 0.40316623749999997 0.5879030109375 0.40177193281249995 0.593757196875 0.39549745625 0.6075404640625 0.39756906718749996 0.618482075 0.38904375468749997 0.6200701000000001 0.38177331875 0.635386884375 0.37579765 0.6566086796875 0.3792237734375 0.6603842906249999 0.373228159375 0.6672232593749999 0.36603741093750003 0.6714894203125 0.36703337187499996 0.6628952296875 0.39406345468750004 0.6782120125000001 0.3880877875 0.6917227515625 0.38627518906249997 0.7087837125 0.40515845625 0.7190130703125 0.401433625 0.73542365 0.39609536875 0.7332397453125 0.3799211234375 0.7315463921875001 0.370738453125 0.744344875 0.3737263359375 0.7538582968750001 0.38970140937500003 0.7703233812500001 0.3851399953125 0.76622441875 0.3715751359375 0.760155890625 0.359842821875 0.7581900109374999 0.34677594218749996 0.7491671375 0.33779244531249997 0.7553483578125 0.3361790203125 0.7705524484375 0.3435490921875 0.7838451640625 0.338629128125 0.8251441374999999 0.3291676953125 0.8514025343749999 0.314666715625 0.8734492765624999 0.29994661875 0.8872907296874999 0.287895646875 0.8980143203125 0.27626296875 0.904199221875 0.2597501203125 0.9085780765625 0.247400340625 0.9210532078125 0.23082775 0.9202356234375 0.2191751265625 0.9122520406250001 0.21005219687499999 0.9284409140625 0.216505996875 0.938670271875 0.212781165625 0.9511962281249999 0.2118848421875 0.9744965984375 0.2150321015625 0.9873532703125001 0.203897403125 0.9865356859375 0.19224477812500002 0.9708918687499999 0.19355939375 0.9791008390624999 0.17599084375000001 0.9830944718750001 0.17310259687500001 0.9825530984374999 0.15043475625 1 0.155200303125 1 0.1525509609375 0.9934402046875 0.14113260156250002 1 0.142664025 1 0
0 0.3674060953125 0.6414611921875 0.3603491046875 0.6455445734375 0.3600728953125 0.6565597875 0.3711743421875 0.6652644249999999 0.37626176875 0.6630135875 0.382279471875 0.6590696375 0.38824266875 0.65434884375 0.39086998125 0.646938978125 0.3852920046875 0.6421982374999999 0.3788927640625 0.640704296875 0.3674060953125 0.6414611921875
0 0.2582116734375 0.7149222546875 0.25383281874999997 0.7272720343750001 0.25918908906250004 0.7438048281249999 0.274778403125 0.7417133703125 0.2851749609375 0.725419640625 0.273964503125 0.7151613218749999 0.2582116734375 0.7149222546875
0 0.13253375625 0.8674418484374999 0.12996463281249998 0.8607291343749999 0.1146515296875 0.851805378125 0.10748552812500001 0.854335075 0.105294259375 0.8679596765625 0.1226314328125 0.8758277296875001 0.13253375625 0.8674418484374999
0 0.1059372796875 0.921980046875 0.09718325312500001 0.9317801796874999 0.09898561875 0.9425165328125 0.1096510203125 0.9450064375 0.11588674531250001 0.9441698531250001 0.1248042890625 0.93670024375 0.12420472656249999 0.9281549859375 0.11972054531250001 0.9240516578125 0.1059372796875 0.921980046875
1 0 0.56875 0 0.8260099578125001 0.001598259375 0.8254124109375001 0.0013183671875 0.8513270484375 0.022758184375 0.8578605359375 0.0445795390625 0.8698319171875 0.0620839109375 0.865131071875 0.0909077515625 0.8722422312500001 0.0937022609375 0.852263465625 0.07116865156249999 0.845092565625 0.05847917968750001 0.8436583656250001 0.0657033703125 0.8270060859375 0.0771318484375 0.8403717734375 0.10464387500000001 0.8437381531250001 0.09354611093750001 0.8201340937499999 0.08304790625 0.8050752937500001 0.0928412203125 0.795135728125 0.10082480468749999 0.80425865625 0.11335075937500001 0.80336233125 0.1203532453125 0.7985021078125 0.1449691125 0.7904947234374999 0.1703517390625 0.7784637 0.19447705625 0.763464740625 0.21011719218749997 0.777049546875 0.2277850796875 0.7746792265625 0.23467855312500002 0.7682653203124999 0.2433162046875 0.7867103484375 0.26283728125 0.810752646875 0.2818169828125 0.8121271046875 0.27749999999999997 0.795454878125 0.2696836125 0.7737630531249999 0.26312453593749996 0.7550391624999999 0.250384240625 0.7379286984375 0.2420191171875 0.7233678796875 0.2378656484375 0.709026178125 0.2484802296875 0.6958398156250001 0.2618311328125 0.6767972703125 0.273917359375 0.6845856343750001 0.2915852484375 0.6822153140625 0.3061352734375 0.680263284375 0.3200857375 0.6697659984375 0.3096420390625 0.6554840390625001 0.31249105625 0.636282115625 0.3156126015625 0.6209644015625 0.3431246265625 0.6243307796875001 0.33399274375 0.6137935999999999 0.3376048375 0.6054674609374999 0.37747561875 0.6205064124999999 0.4 0.6278911359375 0.4 0.61675115 0.384863325 0.606184659375 0.3523220609375 0.590946534375 0.345817490625 0.5729994875 0.35265264687500003 0.56875 0 0.56875
0 0.85040379375 0.67425615625 0.8379203859375 0.6722407890625 0.8233763390625001 0.6760370859375 0.8202853859375001 0.684754575 0.8222775656250001 0.6955577156249999 0.8325720875 0.701556878125 0.8435763093750002 0.7000805546875 0.8538110390625 0.68763705625 0.85040379375 0.67425615625
0 0.922935984375 0.6350041546874999 0.9148901390624999 0.6434638578125 0.9155955046875001 0.653517103125 0.9207427640624999 0.6565166859375 0.9304601703125 0.654290465625 0.9397928312499999 0.6465806578125 0.9393439609375 0.6401831375 0.9350987703125 0.6324498609375 0.922935984375 0.6350041546874999
0 1 0.8958903484375 0.995586903125 0.8964824078125 0.9747370265625002 0.8983570890625 0.9688159437500001 0.9019190640625 0.9824535859375001 0.9203851953125 0.9875367234375 0.9224708453125 1 0.924095484375 1 0.8958903484375
0 0.40916218437499996 0.647657346875 0.40420729531250005 0.6473995609375 0.4134030453125 0.6729193546875 0.42222271093749997 0.6578980953125 0.42042290312499997 0.6498367484375 0.40916218437499996 0.647657346875