0 0.15390991874999999 0.09890354999999999 0.1570684359375 0.0875626421875 0.1545373625 0.08097382656249999 0.15190378124999998 0.07860804375 0.1467515046875 0.0770619125 0.1444502140625 0.07684396875 0.13327605468749998 0.07790209218750001 0.12497763906249999 0.0951053390625 0.12576949531249998 0.109994921875 0.13563924375 0.115162375 0.1476830125 0.10995386874999999 0.15390991874999999 0.09890354999999999
0 0.09757955625 0.0914524203125 0.1020672453125 0.088702871875 0.1052257625 0.0773619640625 0.097210121875 0.0670791765625 0.0887720578125 0.0662800515625 0.07804508125000001 0.0726714484375 0.0745542703125 0.08186451875 0.078069840625 0.0874883859375 0.09374407031250001 0.09108918125 0.09757955625 0.0914524203125
0 0 0 0 0.008781384375 0.02810950625 0.023498534374999998 0.081843425 0.050809284375 0.0842472265625 0.0468041984375 0.08685605156250001 0.034353045312500004 0.0824584921875 0.02547109375 0.07258874374999999 0.020303642187500002 0.062284190625 0.017211378125 0.04102288125 0.01413964375 0.009864040625 0 0 0
0 0.2137221828125 0.026262368749999997 0.20265053437499997 0.0230974609375 0.1887526609375 0.0334213 0.203684553125 0.051766384374999995 0.2145264203125 0.048560420312500005 0.2173526453125 0.035071671875 0.2137221828125 0.026262368749999997
1 0.66875 0.4390625 0.66875 0 0.3312904953125 0 0.3298242 0.0023376890625 0.31942951875 0.010876928125000001 0.30930175625 0.0480124421875 0.2939721984375 0.0539679546875 0.2786550234375 0.0673319328125 0.2612663375 0.086848840625 0.24866049375000002 0.08353863593750001 0.24923495 0.099465815625 0.2306196015625 0.10616833125 0.22165660312500002 0.1190758984375 0.2123489296875 0.12242715625 0.20843569374999998 0.14110388437500002 0.22038933125 0.14752687656250002 0.2086372453125 0.19614859375 0.1989972796875 0.1973520140625 0.1897921171875 0.196480240625 0.1836801015625 0.21071599375 0.18797515 0.22382097500000003 0.2019879140625 0.21668257343750003 0.2092240796875 0.21948424218749998 0.20464625781249998 0.233865290625 0.18908692031250002 0.23344993125000002 0.182757503125 0.2487232796875 0.1918849140625 0.268635021875 0.19770177656250001 0.27447683125 0.2062547328125 0.27846139375 0.1960774515625 0.2859630375 0.18117031875 0.2824348875 0.17002091875 0.2983099453125 0.1704804828125 0.3110516890625 0.17290904375 0.32186353749999996 0.165685259375 0.326470334375 0.1613372203125 0.3472222546875 0.1468896515625 0.3564358515625 0.1423489703125 0.39304230156250003 0.1521285875 0.4098412546875 0.17391483125 0.3992062984375 0.18049879062500002 0.4051207578125 0.1789769765625 0.41238392968750004 0.1821726359375 0.423268425 0.1936790875 0.424358140625 0.1921572734375 0.4316213140625 0.1894601359375 0.4390625 0.66875 0.4390625
1 0.66875 0.4390625 1 0.4390625 1 0 0.66875 0 0.66875 0.4390625
1 0.1893365875 0.4390625 0.1925360828125 0.44770735781250004 0.15375913593749999 0.46146392187499996 0.1520602390625 0.44760886875 0.1318296 0.451917546875 0.130715059375 0.4792003125 0.12493845625 0.493592325 0.1081056109375 0.525611109375 0.10208780312500002 0.549939665625 0.0911230359375 0.545166478125 0.029170929687500003 0.49821683281249995 0.065221828125 0.5501830484375001 0.0831942578125 0.583008215625 0.06243751875 0.58104245 0.048297509375 0.6046017953125 0.0387613078125 0.606188515625 0.0259146984375 0.6323602 0.042685201562500004 0.640173065625 0.046970896875 0.6592527953125 0.0410591265625 0.6698972328125 0.037266315625000004 0.7143552875 0.025157879687500002 0.719433175 0.0105209 0.7541497671874999 0.01121129375 0.78160346875 0.01281871875 0.8178584843750001 0.0248648140625 0.8526122468749999 0.0194937078125 0.8782469703124999 0.024426103125 0.8986328703125 0.044068303125 0.9278814015624999 0.0177907265625 0.9390869453124999 0.0370128625 0.94837691875 0.050593560937500004 0.9758064718749999 0.056684190625 0.9950571374999999 0.1060637359375 1 0.2850320328125 1 0.5775159453125001 0.9914895874999999 0.5845253625 0.984045015625 0.66875 0.5820654281250001 0.66875 0.5023023125 0.6633534625 0.48482651875 0.646959328125 0.47082467812499995 0.6385376640625 0.44512863437499994 0.63443585 0.4390625 0.1893365875 0.4390625
0 0 0.5915064187500001 0.011161203125 0.597350034375 0.015282604687500001 0.595250503125 0.021314975 0.579637790625 0.009312575 0.571031565625 0.0020928390625 0.5703478203125 0 0.5716824796875 0 0.5915064187500001
0 0.7881253546875 0.6600145125 0.78132399375 0.65513765 0.7697150296874999 0.6582709640625 0.7668764234375 0.6643512453125 0.7651372078125 0.6726520140625001 0.776975953125 0.6758895703125 0.7857339328124999 0.67142806875 0.7881253546875 0.6600145125
0 0.7178654156250001 0.775051834375 0.7244246125 0.76614935625 0.7227631484375 0.75541015625 0.7197848921875 0.743488065625 0.71015730625 0.7520999515625 0.6977812453125 0.7551606203125 0.696374321875 0.765609228125 0.7009892843750001 0.7734535828125 0.7077906453125 0.7783304453125 0.7178654156250001 0.775051834375
0 0.7732236578125 0.79087638125 0.7825313312500001 0.7875251234375 0.7905098328125 0.7755825046875 0.78730179375 0.7572895421875 0.7775469375 0.755307525 0.768788959375 0.7597690265624999 0.759378775 0.7673433171875 0.7534841625 0.780541471875 0.759415915625 0.7895687203125 0.7732236578125 0.79087638125
0 0.79186029375 0.862481575 0.7890340671875 0.8759703218750001 0.793981321875 0.8859625171874999 0.80734188125 0.881936903125 0.8157551875 0.86791909375 0.814426015625 0.8593277328125 0.807956946875 0.8565987109375002 0.7989815671875 0.8620978078124999 0.79186029375 0.862481575
1 1 1 1 0.5760270703125 0.9947235093749999 0.5663545640625001 0.9865152265624999 0.5719263109374999 0.9840460546875001 0.6023798328125001 0.9803502203125 0.6200189671875 0.9728436640625 0.65211179375 0.9539084031249999 0.6640749390625 0.939383084375 0.6923285031249999 0.9194509468750001 0.697848128125 0.9158947625 0.73348963125 0.8988012296875001 0.7329289765625 0.8806454484374999 0.752373234375 0.868474409375 0.7469878375000001 0.85851453125 0.753451884375 0.8464955234375001 0.773477328125 0.8410480937500001 0.792008759375 0.850712821875 0.8056222765625 0.845277771875 0.831562178125 0.851989 0.8480705390625001 0.8444453031249999 0.8579379656250001 0.8340506218750001 0.8664772046875001 0.8221588843750001 0.89709655 0.8119692234375 0.8971897234374999 0.8004875296874999 0.91091694375 0.8018538421875 0.94173370625 0.8200467640625 0.9445148515625 0.8034127953125001 0.9566959359375 0.7897199421875 0.9585737125 0.7870086093750001 0.9752478968750001 0.789666953125 0.9924306171874999 0.80720766875 0.9983245468749999 0.8068566203125 1 1 1