0 0.26999460000000003 0.4275942 0.2605017375 0.4229864390625 0.24725550625 0.42340992968749996 0.24365363125 0.433654546875 0.253479778125 0.44973171250000005 0.26606623125 0.45344249062499997 0.273663865625 0.4465080046875 0.26999460000000003 0.4275942
0 0.2877579265625 0.2337070203125 0.314068596875 0.22660399843749998 0.325752884375 0.22610766249999997 0.32659445468750004 0.22822943125 0.34037927031250004 0.219500978125 0.34298808125 0.20192122812500002 0.33565634375000003 0.1911666953125 0.3186870421875 0.1976641125 0.30862529843750003 0.20031863906249997 0.29594795 0.1934798421875 0.30814731093750003 0.2107089453125 0.2877579265625 0.2337070203125
0 0.29049106406249997 0.1130483296875 0.293917940625 0.12362074999999999 0.3058749140625 0.1325084703125 0.31861286093749996 0.14143261406250002 0.33080543281249997 0.13158864374999998 0.33044185000000004 0.1190765671875 0.32229884062499997 0.10724294062499999 0.3174615125 0.1018110375 0.3012125859375 0.1062595328125 0.29049106406249997 0.1130483296875
1 0.609375 0.5296875 0.609375 0.025227856250000003 0.5171424625000001 0.0193173265625 0.436626921875 0.0157377171875 0.44011439531249996 0.028395484375000002 0.427110553125 0.037160359375 0.41837515468750003 0.058619421875 0.4102086390625 0.072816196875 0.38801492187500003 0.0874000421875 0.38714984375 0.111308675 0.3522181796875 0.1169683765625 0.374987571875 0.1221953203125 0.38319796875 0.1631873703125 0.3781856421875 0.1785725078125 0.3741360796875 0.20025010625 0.36044216093750003 0.212106578125 0.3686457671875 0.22602555156249998 0.36110873125 0.235045384375 0.352100646875 0.247120390625 0.35027280625 0.264736565625 0.354783640625 0.2857721375 0.3742170546875 0.28355468125 0.373473171875 0.3116340078125 0.3694539078125 0.3343542796875 0.37285048593750003 0.34388402500000004 0.35710984375 0.33898488437499996 0.3561235734375 0.358722828125 0.32602923437500003 0.36981442656249996 0.332913284375 0.392001940625 0.336643146875 0.413001090625 0.35445401875 0.4086254421875 0.362772025 0.39964203125000003 0.3768901265625 0.40238298281249996 0.350882440625 0.41991273281249997 0.325807221875 0.4426922703125 0.31136262812500004 0.45555499375 0.2751720046875 0.47156857968750004 0.28235225 0.47710974687499996 0.3032567109375 0.47183711562499997 0.28848562499999997 0.500303509375 0.293322953125 0.5057354109375 0.3159037609375 0.4776332390625 0.3343138125 0.46703797500000005 0.34182055 0.45697546874999995 0.36151985937500003 0.43706899374999997 0.38140096093750003 0.42341855468749995 0.3922133796875 0.41975777656249996 0.398552053125 0.4231771765625 0.39197778125 0.4384894703125 0.389278071875 0.45294120156249995 0.39670070625 0.466823753125 0.3991413109375 0.4971341140625 0.41425116875 0.5296875 0.609375 0.5296875
0 0.6662590078124999 0.45163924531250005 0.6584795828125001 0.45231769374999997 0.6562578609374999 0.45637911718749996 0.6565911453125001 0.467848521875 0.6637107921875 0.47130434374999997 0.66683468125 0.47145003281250003 0.6707395453125 0.47163214531250003 0.674553509375 0.46868623906250007 0.6750920921875 0.46038127656250005 0.6717561125 0.45293687499999996 0.6662590078124999 0.45163924531250005
0 0.66392914375 0.2641037921875 0.6553990453125 0.265788490625 0.6486126828125001 0.2738020734375 0.6472628281249999 0.2810279375 0.6490368640625 0.28839949531250003 0.6539347875 0.295916740625 0.6633367546875 0.29739648281250003 0.6656493734375 0.296463078125 0.6679013953124999 0.2934443265625 0.6716244640625 0.2873704 0.671412375 0.2800716890625 0.66954744375 0.2695721140625 0.66392914375 0.2641037921875
0 0.7413263796875 0.3510141890625 0.7383236859375 0.355039190625 0.7361625609375 0.3611859625 0.7371253234374999 0.367478421875 0.7412119781250001 0.3739165734375 0.7476112500000001 0.3794213171875 0.7554209734375 0.3797855421875 0.7576729953125 0.37676679062499996 0.7574912031250001 0.3705107515625 0.7565284390625 0.364218290625 0.7540340296875 0.35889566093749997 0.7507283484375 0.35249393281249997 0.7413263796875 0.3510141890625
0 0.8550119296875 0.4521120953125 0.8583782078125001 0.46059916875000007 0.8652857656249999 0.45675627968750004 0.866575021875 0.4474450671875 0.8662720359375001 0.43701833749999996 0.8621550828125001 0.42953751406249996 0.854345359375 0.4291732890625 0.8530864015624999 0.439527175 0.8550119296875 0.4521120953125
0 0.609375 0.23256316093749999 0.6147210921874999 0.23473610156250002 0.6162830375 0.234808946875 0.6255032125 0.23003265 0.62754314375 0.2197151875 0.6209620796875 0.2079544046875 0.6147143015625 0.2076630234375 0.609375 0.21205884375 0.609375 0.23256316093749999
0 0.16738943906249998 1 0.167707990625 0.9904785609375001 0.16196849687499998 0.980839546875 0.148123084375 0.987482653125 0.14638989687499998 1 0.16738943906249998 1
0 0.158659153125 0.8401151125 0.161395953125 0.8537791265625 0.1722992671875 0.8532463703125 0.1777660734375 0.853501328125 0.1831116859375 0.849585590625 0.1842797484375 0.8361036875 0.1762276359375 0.827398078125 0.16148005625 0.8298340703125 0.158659153125 0.8401151125
0 0.47590213906249995 0.8070125156250001 0.4755688546875 0.7955431125000001 0.46844920625 0.792087290625 0.46304299687499995 0.7939176796874999 0.4601008984375 0.800028028125 0.46043418437500006 0.8114974296874999 0.45451969062500003 0.8226754546875 0.4525403578125 0.8350782640624999 0.4599326921875 0.8479181421875 0.4737781046875 0.8412750359375 0.4775011734375 0.835201109375 0.47707699375 0.8206036859375001 0.47590213906249995 0.8070125156250001
0 0.5815016140625 0.76403943125 0.5746546546875 0.76996766875 0.5797646703125 0.784783625 0.587066109375 0.7944954859375001 0.5947849374999999 0.791731690625 0.6001911453125001 0.7899013015625 0.60241286875 0.7858398765625 0.6037324234375 0.7775713375000001 0.601776596875 0.7639437453125 0.59465695 0.7604879234374999 0.5815016140625 0.76403943125
1 0.609375 0.5296875 0.12009847031250001 0.5296875 0.1233497890625 0.537544246875 0.1328426515625 0.5421520078125 0.1352226578125 0.5703770234375 0.1471493359375 0.578222071875 0.153912190625 0.59623889375 0.164670803125 0.61756584375 0.17554381875 0.6159904140625 0.178916890625 0.6515505625 0.173396278125 0.6762833359375 0.18253235 0.695452096875 0.19478551875 0.6876934734375 0.21181541875 0.6832814015625 0.2207999953125 0.697236796875 0.2283741234375 0.7163327140625 0.2242336625 0.7348822937499999 0.2290777828125 0.76738726875 0.244848721875 0.7733290828125 0.25707159218750003 0.7645277859374999 0.2594986140625 0.740691996875 0.2680287125 0.739007296875 0.2686952828125 0.761946103125 0.2816385265625 0.7510958828125001 0.2877651109375 0.7472165703125 0.2975912609375 0.763293734375 0.3058554625 0.7792980546875 0.333879571875 0.7774812437499999 0.3374511484375 0.7661939531249999 0.3447222890625 0.7748631390625 0.34547975468750003 0.8009299656250001 0.350256484375 0.8042765187500001 0.3678249671875 0.7915594859375 0.37923656562499997 0.7816790921875001 0.38782726093750003 0.7820797390625 0.403416409375 0.781765515625 0.42206885156249996 0.779511634375 0.43363194375 0.7748446078125 0.461208365625 0.7844607781249999 0.4834323828125 0.77091960625 0.504875428125 0.7573420125 0.5186299437499999 0.7475708875 0.5269479515625 0.7385874765625 0.527903925 0.7178068609375 0.5492325671875 0.727131653125 0.56473081875 0.723689409375 0.584430128125 0.7037829328124999 0.598124046875 0.6919264609375 0.609375 0.67982935 0.609375 0.5296875
0 0.16920201562499998 0.71982064375 0.170400375 0.7073814125 0.16300804062500002 0.6945415359375 0.1576321296875 0.6974145984375 0.1521653234375 0.697159640625 0.1470621015625 0.709416759375 0.15139114375 0.72419629375 0.158510790625 0.727652115625 0.16547894375 0.7258945703124999 0.16920201562499998 0.71982064375
0 0.22580606093750002 0.896350921875 0.21917119375 0.9095778671874999 0.2261999453125 0.9099056687499999 0.2330772015625 0.9050201078125 0.2345179515625 0.9009222593749999 0.23730855625 0.8895985468750001 0.2324712296875 0.8841666484375 0.2270953203125 0.887039709375 0.22580606093750002 0.896350921875
0 0.2618687 0.8490935671875001 0.26459870625000004 0.8356845093749999 0.25756995625 0.83535670625 0.24507439843749998 0.834773946875 0.2366957921875 0.8416720109375 0.23327570937500003 0.8581726671875 0.22973443124999998 0.8705026312499999 0.23619430000000002 0.878092721875 0.24277536249999998 0.8898535046875 0.25220762812499997 0.89237591875 0.2575229421875 0.8874175109374999 0.2604347421875 0.8802644890625 0.25853951249999996 0.8687222437500001 0.252981809375 0.8653392671875 0.25736465625 0.8551310703125001 0.2618687 0.8490935671875001
0 0.4306057421875 0.8049000124999999 0.43859725781250003 0.811520275 0.44559571093750006 0.8108054046875001 0.45175259375000004 0.8079687640625 0.45382282343749997 0.798693975 0.45361073125000007 0.7913952640625 0.447962134375 0.78488426875 0.43636874375 0.7885086234375001 0.4306057421875 0.8049000124999999
1 0.609375 1 1 1 1 0.5296875 0.609375 0.5296875 0.609375 1