0 0.6390625 0.1881286203125 0.635647903125 0.187577515625 0.6158545859375 0.19965240312500002 0.611756215625 0.21393942500000002 0.63367624375 0.20798541875 0.6390625 0.2069062859375 0.6390625 0.1881286203125
0 0.4449165203125 0.2883957734375 0.43343394999999996 0.2914030734375 0.4177891671875 0.2977737796875 0.4178393296875 0.306356621875 0.42098379062499997 0.3077353578125 0.4325028421875 0.3109701234375 0.452346321875 0.30747807968749996 0.45231896093749996 0.302796528125 0.452259678125 0.29265317031250004 0.4449165203125 0.2883957734375
0 0.45690609843749996 0.1932573953125 0.44539160625 0.19080288750000002 0.43390447656250003 0.1930299296875 0.42349894218750006 0.2014384453125 0.42563021093750003 0.2083395828125 0.427724996875 0.2089986546875 0.43716750312499997 0.2146953828125 0.44971798749999997 0.21552878125000002 0.46014176406249996 0.21024130156249998 0.45904648750000004 0.20171905156249997 0.45690609843749996 0.1932573953125
1 0.0149697140625 0 0 0.0008442218749999999 0 0.4390625 0.3159497390625 0.4390625 0.32555384374999996 0.4365907453125 0.3412396703125 0.43724236406249994 0.3379948828125 0.4186979453125 0.34949113593750003 0.41803141874999994 0.3725383578125 0.4260614703125 0.38611115625000003 0.42293298437500004 0.3860062703125 0.40498704218750003 0.37863119218749997 0.39526783593750003 0.36710757968749996 0.39125281093750003 0.3628496015625 0.3782307921875 0.3523756640625 0.37493543281249997 0.369042759375 0.36460284062500004 0.3689652359375 0.3513384484375 0.36885579062499996 0.33261225 0.37710725625 0.3134013046875 0.3906846125 0.311053075 0.385404321875 0.30199294062500004 0.3842908046875 0.290349659375 0.3821048125 0.2740854203125 0.3820227296875 0.2600407703125 0.3934733765625 0.2515716625 0.388188525 0.2417312703125 0.3839715890625 0.23573157656250002 0.41848770156250004 0.23841355156250002 0.4236038265625 0.21938438593749998 0.40677256093749997 0.20162767656249997 0.393104 0.1883707375 0.3804896703125 0.17661372343749998 0.37407762187500004 0.15278927343749998 0.3457729078125 0.1396003796875 0.332090665625 0.124002665625 0.332004021875 0.10917775781250001 0.3298089078125 0.09135300156250001 0.3182123328125 0.07485384375000001 0.3077110328125 0.066876934375 0.2940287921875 0.05127921875 0.28669019375000004 0.0478020796875 0.2761980140625 0.0413856859375 0.26569215625 0.0326285171875 0.265623753125 0.020924642187500002 0.25509053125 0.007485925 0.24731529062500002 0 0.0149697140625 0
0 0.3973429140625 0.377011475 0.41186962187500004 0.3582172296875 0.4076298828125 0.34831624375 0.38358314843749997 0.3481493703125 0.3784487828125 0.364057503125 0.3690883625 0.372405425 0.37121963281250003 0.3793065625 0.3973429140625 0.377011475
0 0.37994700625 0.0837629796875 0.3966779453125 0.08435400625 0.3986769671875 0.068627653125 0.39444635156249996 0.060287184375000004 0.3902430953125 0.05662826562499999 0.38291361875 0.0547116421875 0.3724807234375 0.058438606250000004 0.3683504296875 0.0672638203125 0.3715313734375 0.07488462500000001 0.37994700625 0.0837629796875
0 0.8793718921875 0.2451970390625 0.8731468109375001 0.25336318125 0.876368796875 0.2680063109375 0.8836800312499999 0.26680190000000004 0.88994159375 0.264877825 0.8961849140625 0.259832715625 0.899288334375 0.254189128125 0.8982021796874999 0.24722739531250001 0.89086358125 0.24375025625000002 0.8793718921875 0.2451970390625
0 0.8169660421874999 0.3003296796875 0.8149214171875 0.30825345 0.8202108296875 0.3188741 0.8327385140624999 0.3158062078125 0.8348196203124999 0.314124503125 0.8368642453125 0.306200734375 0.8315885140624999 0.2979208578125 0.8169660421874999 0.3003296796875
0 0.8257688625 0.4390625 0.8103616406249999 0.4224741328125 0.802991121875 0.413535184375 0.7956251640625001 0.40537649531250003 0.7830427578125 0.3990812875 0.776772075 0.399444846875 0.7695064421875 0.408451840625 0.7758181671875001 0.41511060625 0.7810802156250001 0.4210497078125 0.782143571875 0.42411014687500004 0.7873828203125 0.42614795625 0.7989018734375 0.42938272343749995 0.821905975 0.4390625 0.8257688625 0.4390625
0 0.7171940218749999 0.4390625 0.7163378890625001 0.4341695828125 0.7068817046875 0.42613208125 0.6964260062500001 0.42595775312499995 0.6891558124999999 0.43418448906249996 0.6902020265625 0.4390625 0.7171940218749999 0.4390625
0 0.6713888781249999 0.435214571875 0.68076298125 0.429207425 0.6869333390625 0.41167818437500003 0.6795537 0.4011787203125 0.6732738968749999 0.3999817609375 0.6617822062500001 0.40142854375 0.657638234375 0.4079129828125 0.6577066375 0.41961685937500004 0.66402748125 0.4278361421875 0.6713888781249999 0.435214571875
0 0.9281046156249999 0.1760272015625 0.913495825 0.1807767984375 0.9124780734375 0.1855189421875 0.9146412640625 0.19788188906249998 0.9261466359374999 0.1987758796875 0.9365795312499999 0.19504891562499999 0.9428046109375 0.18688277343749998 0.9281046156249999 0.1760272015625
0 0.947847771875 0.15536947343750002 0.9542005375 0.16905056406250002 0.9531873453124999 0.174572965625 0.9678006953124999 0.1706036296875 0.9750754515625001 0.1631571515625 0.9729305015625 0.1539152375 0.9666324578125 0.149597246875 0.9561904390624999 0.1517636953125 0.947847771875 0.15536947343750002
0 0.679229925 0.345780378125 0.674022596875 0.34920437656250003 0.6677701546875 0.35268896875 0.670951096875 0.3603097734375 0.6741183609375 0.3655898015625 0.683524384375 0.3650444625 0.6876729187499999 0.35934028281249997 0.6896947421874999 0.347515221875 0.679229925 0.345780378125
1 0.6390625 0 0.6390625 0.3710862203125 0.64385110625 0.374369328125 0.663735628125 0.3778996078125 0.6667980046875 0.3652336953125 0.6594092453125 0.35317371406250003 0.661435628125 0.3421289109375 0.6781483296874999 0.3395989046875 0.685445884375 0.33605371875 0.702126659375 0.32806190156250004 0.725100921875 0.3236078203125 0.757499446875 0.32172943125 0.7887844546875 0.30820776250000004 0.8106543187499999 0.2936709140625 0.8294253234375001 0.2855579109375 0.8451521921874999 0.29323185625 0.857775640625 0.3065493875 0.868336221875 0.32466965625 0.8809824718750001 0.3418884796875 0.8935967999999999 0.3536454953125 0.9029754609375 0.3484186078125 0.8902790484375 0.3226169421875 0.8807544593750001 0.30287556250000003 0.8733657031250001 0.29081558125 0.863822871875 0.2679531703125 0.8553707578124999 0.25283274843750003 0.8574108218750001 0.2441287203125 0.8792806859375 0.22959187343749998 0.8718691249999999 0.21363059843749999 0.8728549578125 0.20342664843749997 0.8811702640625001 0.19513931874999998 0.901022865625 0.193207790625 0.9135323078124999 0.18701886406249998 0.9092971296875 0.1778981375 0.9238694375 0.166906475 0.9342704140624999 0.15771770000000002 0.9279404484375 0.1479379015625 0.9467023328125 0.1382643828125 0.9653912531250001 0.11610673125 0.9653000500000001 0.10050156562499998 0.973560634375 0.082851134375 0.9765637281250001 0.060041864062500006 0.9754046093750001 0.040596 0.9753225249999999 0.02655135 0.9783757828125001 0.0123249203125 0.9793471234375 0 0.6390625 0
1 0.6390625 0.4390625 0 0.4390625 0 0.6366069578125 0.005423959375000001 0.6395721203125 0.0316156453125 0.6489809078125 0.051595931250000004 0.6688966140625 0.0642330609375 0.6845549203125 0.06622296250000001 0.66726805 0.088142990625 0.66131404375 0.10180243124999999 0.673010465625 0.1133306046875 0.6778057484375 0.12689428125 0.673116746875 0.133192325 0.6774347374999999 0.1384498140625 0.6825935796875 0.14472961875 0.6837905375 0.1530859671875 0.682525534375 0.16250567031250002 0.684320971875 0.1698397078125 0.6870178515625 0.19181445625 0.6904269453125 0.1980851390625 0.6900633875000001 0.2273620046875 0.690707553125 0.23673610625000002 0.68470040625 0.23146037343749998 0.6764205296875 0.2377082546875 0.6721556812499999 0.24920450781249998 0.6714891546875 0.2607417984375 0.6778449546875001 0.2743191578125 0.675496728125 0.2816896765625 0.684435675 0.29948397031249996 0.688087140625 0.3151515546875 0.6856177265625 0.3235717484375 0.695276340625 0.3381577375 0.686625453125 0.344373696875 0.6768987937500001 0.3369803765625 0.6640585546875 0.344236890625 0.65349104375 0.359909034375 0.6518018890625 0.3734362296875 0.6408708171875 0.41734012812500004 0.639886421875 0.445535396875 0.634349115625 0.474716496875 0.61860785625 0.4976542734375 0.60791170625 0.51119515 0.5993214124999999 0.5322114296875 0.6176160078125 0.562770540625 0.6587730140625 0.558416796875 0.62936556875 0.5384045890625 0.6039880562500001 0.5299159921875 0.5826255687499999 0.5214821203125 0.5706261796875001 0.5350549171875 0.56749769375 0.5412526359375 0.554650003125 0.5579379734375001 0.5474384453125001 0.5578786906250001 0.5372950859375 0.5536936765625 0.5367572 0.5494083359374999 0.51905363125 0.551421040625 0.5056680531250001 0.5566466078125 0.5053650875 0.5692153328125 0.5093195203125 0.578589434375 0.5033123734375 0.5974470843749999 0.5100242796875001 0.60471271875 0.5010172859375001 0.5983873125 0.4920177453125 0.598273309375 0.47251128593749997 0.59822770625 0.4647087015625 0.5992044171875001 0.45294423437500003 0.6138040874999999 0.446634121875 0.6221604359375 0.44536911718749994 0.6390625 0.449577553125 0.6390625 0.4390625
0 0.08751285625 0.7323781453125 0.08853516875 0.7284162609375 0.08849868749999999 0.72217419375 0.0821915234375 0.7162956875 0.0727353375 0.7082581828125 0.058094626562499994 0.7075459703125 0.0487159640625 0.712772859375 0.047775734375000004 0.7307793953124999 0.0519881109375 0.7359988296875001 0.06978240625 0.7396502968750001 0.0739628609375 0.7394079234375 0.08751285625 0.7323781453125
0 0.1511963890625 0.7169780875 0.163774234375 0.7224930359374999 0.17422081250000002 0.7211068453125 0.17837846562499998 0.71696318125 0.1793688578125 0.7075394890625001 0.1751428 0.699979278125 0.16153352031249998 0.696865696875 0.15425420781250002 0.7035319171875 0.1511963890625 0.7169780875
0 0.3960858921875 0.7597581468750001 0.387661140625 0.7493192734375 0.374106584375 0.75556879375 0.371012284375 0.7627728984375001 0.37418410625 0.7688331859374999 0.3763016953125 0.77339355 0.3836494140625 0.77843120625 0.3930508765625 0.777105609375 0.3972085296875 0.7729619453125001 0.3960858921875 0.7597581468750001
0 0.34773704843750003 0.7157299312500001 0.3351728828125 0.7125557578125 0.3352549671875 0.72660040625 0.3437116421875 0.7425010875 0.3437481234375 0.7487431546875 0.3396816734375 0.7684919859375 0.34283525625 0.7714312390625 0.3511870453125 0.7693859765625 0.3563761328125 0.7628409453125 0.361519615625 0.748493328125 0.35834323437500004 0.7416527828125 0.3520406296875 0.736554534375 0.34773704843750003 0.7157299312500001
0 0.44494092187499995 0.8903950359374999 0.4469809859375 0.8816910078125 0.43954206406249996 0.861048184375 0.42282480624999996 0.8627979343749999 0.4197669890625 0.8762441046875 0.428228221875 0.8929250421875 0.4293098171875 0.8991065171875 0.425161284375 0.9048106984375 0.43575834843749994 0.9291730328125001 0.4356169828125 0.904985025 0.44720443750000005 0.9199236671875 0.43871128125 0.89778091875 0.44494092187499995 0.8903950359374999
0 0.48377511875 0.7375026359375 0.4753959703125 0.7348663484375 0.46706242031249995 0.74003264375 0.46605835000000007 0.7471155609375 0.47444662031249996 0.7513123671875 0.48284857187499997 0.7578499453124999 0.490205409375 0.7644481203125 0.49014612656249995 0.7543047609375 0.5069500296875 0.7673799203125 0.5027285328125 0.7605999671875 0.5006200656249999 0.757600121875 0.4942809796875 0.7462598046875 0.49008684375 0.7441614031249999 0.48377511875 0.7375026359375
0 0.5039614375 0.6137902140625 0.49146111562500006 0.6215396578125001 0.49151127812500006 0.6301225 0.4978002015625 0.6328799734375 0.503048571875 0.6364783 0.5103689265625 0.63683440625 0.5155625765625 0.63106963125 0.5207425421874999 0.6229640812499999 0.5165119234375 0.6146236140625 0.5039614375 0.6137902140625
0 0.5746962765625 0.5527110203125 0.56320914375 0.5549380625 0.5538532828125 0.5640662421875 0.562282596875 0.575285371875 0.5696029515625 0.5756414796875 0.5790044156249999 0.57431588125 0.58316663125 0.570952475 0.5873060421875 0.563687778125 0.5851656515625 0.555226121875 0.5746962765625 0.5527110203125
0 0.6390625 0.478607278125 0.6369151546875 0.4655877890625 0.6264138531250001 0.4576108796875 0.61493584375 0.46139843750000004 0.6066342171875 0.47202654062500005 0.606675259375 0.479048865625 0.6119281890625 0.48342745000000004 0.6234518015625 0.48744247500000004 0.629722484375 0.487078915625 0.6390625 0.478749190625 0.6390625 0.478607278125
0 0.98252783125 0.6398807921875 0.9647335375000001 0.6362293250000001 0.9584765359375 0.638933659375 0.9533011296874999 0.6478194671875 0.952283378125 0.6525616109375 0.9617213218749999 0.6574780796875 0.9805379296875 0.6571676609375 0.9857178953125001 0.6490621109375001 0.98252783125 0.6398807921875
0 0.9622465703125 0.5684680359375001 0.9768781640625 0.56761973125 0.9904281578124999 0.5605899546875 0.9882877703125 0.5521282984375 0.9872198531249999 0.5482876 0.9809218093750001 0.543969609375 0.9662810984375 0.5432573953125 0.95483045 0.5517265046875 0.9548806125 0.560309346875 0.9622465703125 0.5684680359375001
0 0.9795467140625 0.84533110625 0.986812346875 0.8363241125 0.9742162609375 0.8276881312500001 0.9627382515624999 0.8314756875 0.9606753843749999 0.836278425 0.9617661 0.8440204156250001 0.9628203359375 0.8455203390625 0.9743393875 0.8487551046874999 0.9774701671875 0.8477930687499999 0.9795467140625 0.84533110625
1 0.6390625 0.4390625 0.6390625 0.9204559640625 0.639163421875 0.9204828203125001 0.6432663546875 0.9069760546874999 0.6672948484375001 0.904021896875 0.6964622671875 0.8859398625000001 0.7236078609375001 0.8796828906249999 0.718313890625 0.8682819796875 0.7109661734375 0.8632443249999999 0.7286282203125001 0.8442682999999999 0.750584728125 0.8445563593750001 0.7515614390625001 0.832791890625 0.7682741390625 0.830261884375 0.781924459375 0.8403977890625001 0.8027993718750001 0.8345043750000001 0.7995773875000001 0.819861246875 0.7869995421875 0.8143462984375001 0.792124784375 0.7968776500000001 0.8255912234375 0.798839959375 0.8359967578124999 0.79043144375 0.8599294875 0.771091859375 0.8881612390625 0.7717966203125 0.894381759375 0.76285021875 0.886974759375 0.7476692046875 0.8817035875 0.7401695859374999 0.8774091296875 0.7209055015625 0.8836205281249999 0.7103985828124999 0.8824933296874999 0.6964145265624999 0.8771856781249999 0.6826728421875 0.8708693921874999 0.6752338171875 0.8770215109375 0.6545835421875 0.9022182453125 0.6726357640625 0.8884037546875 0.6344105578125 0.893456034375 0.6044577765625 0.892310596875 0.5873526859375 0.9151389296874999 0.5579303359375001 0.8994120609374999 0.5502563921875 0.893068415625 0.5381358171875 0.8867019687500001 0.5221139515625 0.8740602796875001 0.5056753859375 0.8666669609375 0.49283514687499996 0.8509081703125 0.47969939375 0.84973993125 0.45869301250000005 0.838966740625 0.4390625 0.6390625 0.4390625