0 0.4289007234375 0 0.4298643328125 0.01013383125 0.439874759375 0.012996774999999999 0.4494654140625 0.0035673671875 0.4496107734375 0 0.4289007234375 0
0 0.16599798906250002 0.023932600000000002 0.166547271875 0.0104522078125 0.1585748234375 0.00276220625 0.1464764890625 0.0059518109375000005 0.137755015625 0.0166441640625 0.1427204390625 0.0303492625 0.15079275781249998 0.0355882828125 0.16013373749999998 0.0322863234375 0.16599798906250002 0.023932600000000002
0 0.2588085828125 0.00561889375 0.24884809218749998 0.0015304609375 0.24420256875000002 0.00256869375 0.23650008437499997 0.01084751875 0.2372194625 0.0157869296875 0.2438733140625 0.033243401562500004 0.256121453125 0.026377326562499998 0.2588085828125 0.00561889375
0 0.32484618125 0.0795061625 0.313766834375 0.08028223906250001 0.30969088437500003 0.08993635625 0.30939127499999997 0.0972892984375 0.318182971875 0.10746773125 0.327523953125 0.10416577187500001 0.3344571265625 0.09217302968749999 0.3311302 0.08344479375 0.32484618125 0.0795061625
0 0.35814508906250003 0.143466759375 0.3659474453125 0.13273695624999998 0.36925408125 0.11936891875 0.3631198671875 0.11175381874999998 0.352140390625 0.11007891562500001 0.34928316718749997 0.1124175421875 0.3464758796875 0.11353067812499999 0.3424998 0.120733815625 0.34398849062500003 0.12938715 0.34895391249999996 0.143092246875 0.35814508906250003 0.143466759375
0 0.42173430156249997 0.1644706953125 0.4118736828125 0.15793128125 0.4026325703125 0.15878225937499998 0.3978871765625 0.16227147343749998 0.39544972343749996 0.17690245468750002 0.4035220421875 0.182141475 0.41552050625000003 0.1814028515625 0.4214346921875 0.17182363437499998 0.42173430156249997 0.1644706953125
0 0.5960795562500001 0.359386028125 0.5910844890625 0.3690026921875 0.6008452390625 0.3779930875 0.613862690625 0.3748409328125 0.6178387703125 0.36763779531249996 0.6161503390624999 0.3638864234375 0.611754490625 0.35879720625 0.608177890625 0.3561964234375 0.6007750125 0.35712230312500004 0.5960795562500001 0.359386028125
0 0.6585296203125 0.363158196875 0.6387787359375 0.3734011328125 0.6193274609375 0.3762911296875 0.6041721640625 0.3867213234375 0.60203431875 0.3939993625 0.6046918031249999 0.3965626953125 0.615721215625 0.397012109375 0.6354721 0.3867691734375 0.665163184375 0.3585183953125 0.6585296203125 0.363158196875
0 0.5858101 0.40806857343749997 0.580994484375 0.3906870046875 0.5681268359375 0.3901626875 0.5671078484375001 0.39257621875000004 0.5624123921875 0.3948399421875 0.52984379375 0.4033330734375 0.5527218656249999 0.40672033125 0.56253255 0.4144852375 0.57264284375 0.41489719999999997 0.5858101 0.40806857343749997
1 0 0.4890625 0.513027321875 0.4890625 0.516437796875 0.48380346249999995 0.50799564375 0.46504659843749996 0.518755090625 0.4495271890625 0.5288653859375 0.4499391515625 0.5378864671875 0.43189385781249995 0.53118268125 0.415662878125 0.5242292187500001 0.4055593453125 0.510442453125 0.404997578125 0.5188939640625 0.3783364046875 0.5013308578125 0.38007580937499996 0.5493840062500001 0.33047778125 0.5528404484375 0.31343327187500003 0.4883929875 0.358680709375 0.48713368125 0.3218036515625 0.47859165781249996 0.3054977671875 0.4746452234375 0.2893791390625 0.4594992828125 0.2543912921875 0.45341500312500005 0.245550703125 0.44054735625 0.2450263859375 0.4324251015625 0.24101285625000002 0.413073696875 0.2414518703125 0.41148513593749997 0.23524951718749998 0.426590496875 0.2260448125 0.4238128546875 0.20383618593750003 0.4116146515625 0.209476771875 0.4024031859375 0.187005984375 0.3839209625 0.1887079421875 0.36871573125 0.200363625 0.36209152499999997 0.1595853875 0.3487042375 0.1492197 0.33449770624999997 0.136365578125 0.3222495671875 0.143231653125 0.30712391562499997 0.13034008125000002 0.2957746046875 0.115147334375 0.3064341828125 0.10207890625 0.303306996875 0.0884487078125 0.2827867984375 0.0949777234375 0.2836762703125 0.118336940625 0.277072353125 0.0996549765625 0.2760330765625 0.0799722328125 0.260358140625 0.080561053125 0.25173653749999997 0.0888024234375 0.23474300625 0.099157715625 0.21854843281249997 0.0899051625 0.20731928125 0.0943577078125 0.1976584015625 0.08291633281250001 0.17294209375 0.07945417187500001 0.15609836875 0.086132990625 0.140273628125 0.0903982828125 0.130363075 0.0850843578125 0.107085521875 0.0915010203125 0.09304908437500001 0.0970667046875 0.071060484375 0.11703865937499999 0.0256741765625 0.12378198437500001 0 0.151060359375 0 0.4890625
0 0.472866278125 0.2426607078125 0.4614873234375 0.250789725 0.46006885625000005 0.263007175 0.4644147703125 0.26932188125 0.47360594687499996 0.2696963921875 0.4829968625 0.26516894375 0.4789006234375 0.25272678593750003 0.472866278125 0.2426607078125
1 0.66875 0 0.66875 0.4890625 0.985441621875 0.4890625 0.9879630546874999 0.48433512187499994 0.98053255625 0.47464178593749995 1 0.45808771718749997 1 0.10263060312500001 0.98123150625 0.054181615625 0.9726881531250001 0.014184446875000001 0.9640519578125 0.0148759453125 0.9653173453124999 0.022231278125 0.94834206875 0.016322609374999998 0.9307128765625 0.007257106250000001 0.9321845390625001 0 0.66875 0
0 0.40906578437499996 0.5112991140625 0.405309734375 0.535696565625 0.40597917656250004 0.5418614671875 0.4142512359375 0.542198528125 0.4219537203125 0.5339197046875 0.42597973749999996 0.5254910781250001 0.42459091562499995 0.5143867656250001 0.4164686609375 0.510373234375 0.40906578437499996 0.5112991140625
0 0.4397477890625 0.616888925 0.43535194062500004 0.611799709375 0.42911785625 0.6066355890625 0.4214653046875 0.6136889218749999 0.42096595625 0.6259438234375 0.42066634687500004 0.6332967640625 0.42690043125 0.6384608828125 0.4360916078125 0.63883539375 0.4435943546875 0.635458534375 0.444863015625 0.6269175546875 0.4397477890625 0.616888925
0 0.38980026875 0.938920290625 0.3864234078125 0.9314175437500001 0.3838657953125 0.9264032296875001 0.37671259375 0.9212016609375 0.3683406640625 0.923315578125 0.368760434375 0.9356079328125 0.37775187187500003 0.9408844046875 0.38980026875 0.938920290625
0 0.3461023921875 0.9494149875 0.3593195828125 0.9413608734375 0.36120775312500003 0.9402102828124999 0.35711151406249997 0.927768125 0.33934866874999997 0.9344094953125002 0.3397185015625 0.9479273375 0.3461023921875 0.9494149875
0 0.35455390000000003 0.9227538109375001 0.3498584421875 0.9250175359374999 0.3496587015625 0.9299194968750001 0.356712034375 0.9375720484375 0.3649840921875 0.9379091093749998 0.3629258296875 0.9206398937500001 0.35455390000000003 0.9227538109375001
1 0 0.4890625 0 1 0.2630562265625 1 0.2765896390625 0.98340830625 0.2870494765625 0.9752418390625 0.2901563734375 0.966775759375 0.2928435015625 0.9460173265625 0.31247422812500003 0.916129096875 0.335601975 0.9133889046875 0.3499879578125 0.8992447921875 0.35578198437499997 0.8700202828125001 0.34045659375000004 0.8620306718750002 0.325301296875 0.872460865625 0.3186177984375 0.87832615625 0.31141466093750003 0.8743500765625001 0.3085371484375 0.854592428125 0.309016209375 0.8202412515624999 0.3233226125 0.8306443953125001 0.3373387625 0.8029824359375001 0.3191561484375 0.7973314515625 0.30822660625 0.79443105625 0.319085925 0.7764606671875001 0.32259230156249996 0.7581906671875001 0.313131159375 0.7418473296875 0.3111228296875 0.7233526250000001 0.3100835546875 0.703669878125 0.30790513124999996 0.6667553671875 0.31543752187499996 0.64005674375 0.30428795000000003 0.6199620343750001 0.3027493234375 0.6125341890625 0.29140001249999997 0.59734144375 0.2741661640625 0.5684061453125 0.2702696640625 0.5510620265624999 0.2605884953125 0.5175243765624999 0.255273528125 0.512397709375 0.24944567968750003 0.4890625 0 0.4890625
0 0.7280334984375 0.5615166125 0.7184714750000001 0.5465194453125 0.7123063640625 0.54418144375 0.70913891875 0.545095775 0.705589471875 0.555385109375 0.7075936656249999 0.5638139421874999 0.7144126921875 0.569308778125 0.7253501921875001 0.569754446875 0.7280334984375 0.5615166125
0 0.7070259796875 0.6545662765625 0.714014784375 0.6558944453125 0.7204770078125 0.6509407796875 0.7217251484375 0.6395142796875 0.7103035125 0.6317451109375 0.700504065625 0.641779775 0.7070259796875 0.6545662765625
0 0.698714778125 0.820127609375 0.696303384375 0.8408972765625 0.7102809953125 0.8435536125 0.7207768015625 0.835634115625 0.7242838046875 0.8263864484375001 0.721795475 0.810634115625 0.7092530296875 0.81116644375 0.698714778125 0.820127609375
0 0.8990275109375 1 0.8987851031249999 0.9993968203125 0.8914394937499999 0.9876201515624998 0.8805785015625001 1 0.8990275109375 1
0 0.73457668125 0.8810624499999999 0.737277234375 0.8916064515625 0.7465249015625 0.895113453125 0.74852909375 0.9035422875 0.7552884296875 0.8912969546875 0.7533691265625 0.8807847890625 0.7491485171875001 0.869135453125 0.7413360171875001 0.86881711875 0.73409254375 0.8737389515625 0.73457668125 0.8810624499999999