0 0.1900521828125 0.5 0.1924022453125 0.4956994953125 0.190527075 0.4916329015625 0.1798835984375 0.4827839375 0.174750396875 0.4871787484375 0.172040596875 0.49769168124999996 0.17259837656250002 0.5 0.1900521828125 0.5
0 0.3368233203125 0.3663807796875 0.32869052499999996 0.369877465625 0.3258654875 0.3814344 0.32837616875000003 0.3937800515625 0.3354997796875 0.39240783281249997 0.343632575 0.388911146875 0.3463144125 0.385669740625 0.348908975 0.37620080625 0.34637033437500003 0.37112668125 0.3368233203125 0.3663807796875
0 0.2857191671875 0.14859033125 0.2947772671875 0.1647837609375 0.3026795859375 0.1633750734375 0.31632265625 0.1731221625 0.3244834125 0.162353946875 0.31585830625 0.149256046875 0.3141263328125 0.1368739265625 0.3091363296875 0.132953209375 0.29200475312499996 0.133755521875 0.2857191671875 0.14859033125
0 0.3109140328125 0.046665928125 0.3146364140625 0.06207064062499999 0.321155871875 0.0731899484375 0.331767990625 0.06126832812500001 0.33182391093749997 0.0467252703125 0.316710703125 0.043278646875 0.3109140328125 0.046665928125
0 0.31579219375 0.0796727578125 0.310453078125 0.050841926562499994 0.302896475 0.049118614062499996 0.2949382359375 0.065070359375 0.29932408593750004 0.0814826046875 0.31579219375 0.0796727578125
0 0.8851989890624999 0.28143915 0.8839313687499999 0.29292314531249997 0.8891518484375001 0.2947558625 0.8946028046875 0.29450058125 0.9018696140625 0.284812834375 0.902473765625 0.2723213078125 0.8951476390625001 0.2685099984375 0.890475390625 0.268728809375 0.8851989890624999 0.28143915
0 0.933870334375 0.17737668125 0.9389196546875 0.1947964578125 0.94650421875 0.189248240625 0.9508587125 0.1848898984375 0.9544624593750001 0.1732964953125 0.9528177640625 0.1671419046875 0.9437317046875 0.1582200015625 0.9380502703125 0.160563284375 0.933870334375 0.17737668125
0 0.8734209015625 0.1916323078125 0.8769687265625 0.1945819640625 0.8889950609374999 0.19090293125 0.8980497640625 0.179054246875 0.901018 0.1591817875 0.891816703125 0.1513038828125 0.8760993421875 0.16034878749999998 0.8740809734375 0.1645977234375 0.8722371593750001 0.18130171718750002 0.8734209015625 0.1916323078125
0 0.8599074421875 0.06140123125 0.8522356 0.0607219203125 0.8434986515624999 0.0767101328125 0.8412218453125 0.0903185984375 0.849008925 0.089953909375 0.8561325375 0.0885816890625 0.861754653125 0.0727393515625 0.8599074421875 0.06140123125
1 0.5890625 0 0.5890625 0.46827870312500003 0.6053454281249999 0.45864460781250005 0.6173158437499999 0.469508634375 0.6407923234374999 0.467370571875 0.6419726671875 0.4496590453125 0.64295049375 0.42676399218750005 0.652378871875 0.4045117796875 0.667087046875 0.39759134375 0.687968965625 0.4049222140625 0.7052717015625001 0.38853284375 0.691541353125 0.372558225 0.684501625 0.3521158578125 0.6997859906249999 0.339975425 0.7026669484375 0.313875434375 0.712643559375 0.2936747515625 0.7239784640625 0.29625971875 0.750535021875 0.2451630796875 0.7580323078125 0.23338733281250001 0.78747661875 0.21227493281249998 0.7983192125 0.1982653109375 0.810806503125 0.19041028124999998 0.8140052156250001 0.1684498203125 0.80638929375 0.1532274515625 0.8101362375000001 0.13331852187499998 0.800617184375 0.12130108906249999 0.7970100437500001 0.10485237656249999 0.8105937953125 0.1011004078125 0.8238843546875 0.057895265625000004 0.8319019125 0.055442578124999996 0.841735321875 0.043557428125 0.8371749156250001 0.0146901234375 0.8258679703125 0.004833628125 0.8294468078125 0 0.5890625 0
0 0.9315054640625 0.4163660671875 0.9468211890625 0.42499621875000004 0.9593084781249999 0.41714118906250003 0.9602583453125 0.4015176625 0.9563054875000001 0.3882009484375 0.936059078125 0.3891491375 0.9275526078125 0.40304935156250005 0.9315054640625 0.4163660671875
0 0.0904271453125 0.8766460078125 0.0782262546875 0.8678699796875 0.06937406874999999 0.88490219375 0.0777966578125 0.892816565625 0.0905737421875 0.89637259375 0.0941774875 0.88477919375 0.0904271453125 0.8766460078125
0 0 0.8018489437499999 0.009864310937499999 0.7994079484375 0.0153711875 0.784609609375 0.01127513125 0.7796084234375 0.0014976421874999999 0.7769505203125 0 0.7774086703125 0 0.8018489437499999
0 0.31269185 0.51934349375 0.3070383765625 0.514415246875 0.29780911875 0.5138088734374999 0.2893026484375 0.5277090859375 0.290601628125 0.5369956765625 0.2991674171875 0.5365945187500001 0.310212528125 0.5277684296875 0.31269185 0.51934349375
0 0.298162134375 0.5 0.2984132703125 0.5013173453124999 0.30625966875 0.5144517140625 0.32316076875 0.5157374015625 0.3422547953125 0.52522920625 0.3511662984375 0.5216960515625 0.3343211203125 0.505867309375 0.3292781078125 0.5 0.298162134375 0.5
0 0.2776422515625 0.5 0.2768119609375 0.5075220015624999 0.2847735984375 0.5196123703125 0.2900220390625 0.514173559375 0.2967406171875 0.5024342828125 0.29726608125 0.5 0.2776422515625 0.5
0 0.5333662125 0.604560228125 0.53685811875 0.6220529390625 0.55032663125 0.6193449703125 0.5538151390625 0.6087955671875 0.5534101046875 0.5984285093749999 0.549226771875 0.58719979375 0.5402279890624999 0.5845054203125 0.5344033578125 0.59516423125 0.5333662125 0.604560228125
0 0.08276627812500001 0.7284845921875001 0.0883324734375 0.7271853125 0.0898026109375 0.7208848453125001 0.0868589390625 0.7054436625 0.0646221203125 0.703369259375 0.0630960609375 0.7242127828125 0.07307606562499999 0.7320542171875 0.08276627812500001 0.7284845921875001
0 0.2395560078125 0.5643127328124999 0.23410505312500002 0.5645680140625 0.23052926718750003 0.5688898890624999 0.229953075 0.5741098859375 0.3071078859375 0.6120406484375 0.2395560078125 0.5643127328124999
0 0.7169033203125 1 0.7175506375 0.9941356390625 0.7146942421875 0.9849219859375001 0.7077138296875 0.9779786765625001 0.6954570171875 0.98374570625 0.6876419765625 0.9913819234375 0.685226753125 1 0.7169033203125 1
0 0.766271890625 0.5878374375 0.758484809375 0.5882021265625 0.7519967078125 0.597853403125 0.756525759375 0.60595011875 0.7591796375 0.6099802421875 0.7682936578125 0.611630615625 0.773252303125 0.5947807468749999 0.766271890625 0.5878374375
0 0.7896078531249999 0.5 0.7816926625 0.51129724375 0.7875486515625 0.521409021875 0.786424228125 0.524577490625 0.79276913125 0.5232417390624999 0.806035128125 0.5153502421875 0.8101099828125001 0.5 0.7896078531249999 0.5