0 0.34781576406250003 0.53179345625 0.35884865312500003 0.5064375015625 0.34551981718749997 0.507671234375 0.3310744375 0.5311385140625 0.33491606875 0.5518108546875 0.34781576406250003 0.53179345625
0 0.4904322625 0.50375445 0.4981636375 0.507702278125 0.513785471875 0.509393534375 0.517249021875 0.49508258749999995 0.5087163234375 0.47976228125000003 0.48691175 0.49187054999999996 0.4904322625 0.50375445
0 0.224183796875 0 0.22042326874999998 0.0016072015625 0.2040030625 0.009740696875 0.2138143359375 0.0178202953125 0.23823302812499997 0.0174254546875 0.2473638625 0 0.224183796875 0
0 0.26062582968750003 0.0178964515625 0.2577446046875 0.0023921953125 0.24287008281250003 0.007075809375 0.234394346875 0.017950346875000002 0.2363151625 0.0282865171875 0.25145679374999996 0.027393731249999997 0.26062582968750003 0.0178964515625
0 0.2747943859375 0 0.27539232812500003 0.0032176125 0.28157801875 0.01061531875 0.288829190625 0.011979103125 0.3037037125 0.0072954921875 0.3037267078125 0 0.2747943859375 0
0 0 0.077355659375 0.0009850281250000001 0.0775409203125 0.012231015625 0.05097818125 0.0087105015625 0.039094278125 0 0.0416455265625 0 0.077355659375
0 0.3762145171875 0.397485921875 0.3637920765625 0.3988901265625 0.35787644531249996 0.41648048125 0.36246243749999996 0.4223304578125 0.3699267046875 0.4224874578125 0.379521934375 0.41057660625 0.3762145171875 0.397485921875
0 0.48577160468749997 0.34452622499999996 0.49451444687499996 0.337442515625 0.4986712984375 0.3245088296875 0.49563099062499993 0.315208971875 0.484114946875 0.31678364999999997 0.475639209375 0.32765818593749996 0.473934440625 0.33731246718749996 0.47601434062500003 0.3414442390625 0.48577160468749997 0.34452622499999996
0 0.4789407234375 0.2983544046875 0.481497878125 0.2838729875 0.46902142500000005 0.28027958124999997 0.45537441718749994 0.2939221078125 0.45116355781250006 0.30185818124999997 0.454897165625 0.3125352984375 0.47003879531250004 0.3116425125 0.4789407234375 0.2983544046875
0 0.713090975 0.29950374218750003 0.7057887421875 0.31433957968750004 0.71490671875 0.32104192187499997 0.7280764703125 0.3260125859375 0.7339921015625 0.308422234375 0.7241268140624999 0.295345021875 0.713090975 0.29950374218750003
0 0.8499092265625 0.462079475 0.8554375078125 0.45782005000000003 0.8560702140625001 0.445221040625 0.8465520203124999 0.43601204375 0.8389394687499999 0.44305896406249995 0.838396075 0.44613626562500003 0.8390772 0.455802875 0.842748253125 0.457553153125 0.8499092265625 0.462079475
0 0.8834078 0.5203116734375001 0.88635181875 0.50814736875 0.8793260671875001 0.49834731093749995 0.8755197906250001 0.501870771875 0.86455254375 0.5008679093749999 0.8631034890624999 0.5090740484375 0.8647361828125 0.517859790625 0.8657336609375001 0.521226896875 0.8719430671874999 0.526634084375 0.8834078 0.5203116734375001
0 0.8092805406250001 0.29546303281249997 0.804974271875 0.28829411562499996 0.8018925250000001 0.28771450781249996 0.7896573546875001 0.293892015625 0.7841290750000001 0.2981514375 0.7891164671875 0.314986965625 0.7937390875 0.315856378125 0.8061553921875 0.3086531015625 0.8092805406250001 0.29546303281249997
0 0.7956447343749999 0.3321122953125 0.8084233 0.3228574859375 0.8075151343750001 0.3099686734375 0.7977724046875 0.3155551203125 0.78784854375 0.322167334375 0.7769731156249999 0.3296604140625 0.7659624640625 0.34242723124999996 0.7672328953124999 0.3532645109375 0.7885755796874999 0.33608191718749997 0.7956447343749999 0.3321122953125
0 0.8454200875 0.1178489703125 0.8588338671875 0.1140128 0.8648137234375 0.098180134375 0.8631351203125 0.08514641875 0.8489049921875 0.0845897171875 0.8418817484375 0.09280730625 0.83816729375 0.1048267078125 0.839935209375 0.1083387140625 0.8454200875 0.1178489703125
0 0.82483681875 0 0.8245573328125 0.0015827531249999998 0.8293176843750001 0.015196075 0.8367057015625001 0.022944600000000002 0.846767290625 0.0290762984375 0.858959059375 0.0366684671875 0.8599999390624999 0.0262658953125 0.8487138296874999 0.013544890625 0.8491856125 0 0.82483681875 0
0 0.853623321875 0 0.853379853125 0.0006446234375 0.8534716734375 0.009140562500000001 0.8542421109375 0.009285465625 0.8614030843750001 0.0138117875 0.868155884375 0.0161416734375 0.8741357390625 0.00030900625 0.873877359375 0 0.853623321875 0
1 1 0.5890625 1 0 0.9189902671875 0 0.916690903125 0.0072528515625 0.9090783515625 0.014299771875 0.899654484375 0.0316043625 0.8996569937500001 0.0496220109375 0.9015167296875 0.06162996093749999 0.9065475234375 0.06469580781249999 0.8976211421875 0.074675128125 0.8910519812500001 0.08933712499999999 0.8797683781250001 0.0946337671875 0.8742426062499999 0.11691084062499998 0.8690331875 0.13288840625 0.8544433046875 0.1524008875 0.848871621875 0.1704299890625 0.8604740859375 0.17685148906249998 0.861655203125 0.197210478125 0.8425320109375001 0.20633183906250002 0.8324729281250001 0.21821778906249997 0.8297559531250001 0.23360429531250002 0.81965346875 0.259259928125 0.8142629171875001 0.2762632625 0.8290823515625 0.2779906328125 0.8342483671875 0.2757827421875 0.8449910828125 0.29158105 0.8289037265625 0.297034046875 0.8271842296875 0.31578765937500003 0.8504325578125 0.3148609828125 0.86112685625 0.308393671875 0.8626702375 0.3267011234375 0.8535627234375 0.33770621093750003 0.8524325312500001 0.3576304921875 0.852026865625 0.3734517046875 0.8537538874999999 0.40875103749999997 0.8693946828125 0.450906578125 0.8467381671875 0.47102157499999997 0.831058984375 0.4786710078125 0.811843971875 0.47929642812499995 0.78764658125 0.49912161718750003 0.8124816953125 0.5027327171875 0.845880925 0.498416028125 0.8707594406249999 0.48825744843749996 0.8946863875 0.4789797328125 0.9063806703124999 0.49389717343750006 0.920929659375 0.5061720203125 0.9241032265625 0.51524756875 0.910010828125 0.5274347781250001 0.90489323125 0.5519082859375 0.9077045343750001 0.56303536875 0.9165441109374999 0.58059540625 0.9301824265625 0.561963790625 0.941014453125 0.5682403890625001 0.9497622109374999 0.577304484375 0.963630075 0.579912721875 0.9601742859375001 0.5890625 1 0.5890625
0 0.7692819078124999 0.5084553765625001 0.7619398000000001 0.504954821875 0.7520159421875 0.5115670359375 0.747122875 0.5212451 0.7584089859375001 0.5339661046875 0.766881284375 0.517542378125 0.7692819078124999 0.5084553765625001
0 0.12194120312500001 0.8943202171875001 0.12352547968750001 0.8808403421875 0.11233119062500001 0.8766152796875 0.1066676875 0.8861484390625 0.1046752375 0.8974318765625 0.11165507968749999 0.9029839640624999 0.11686700781249999 0.9050240468750002 0.12194120312500001 0.8943202171875001
0 0.29869011875 0.9392209250000001 0.3100196296875 0.9381722515625001 0.317359228125 0.9236551578124998 0.31246365468750004 0.9153155703125 0.309154865625 0.9115137593749999 0.2961033484375 0.913298396875 0.29139141562500004 0.9219506921875 0.2901234921875 0.9291310609375 0.29869011875 0.9392209250000001
0 0.382032528125 0.9495966062499999 0.3826677421875 0.9550152453124999 0.3892853203125 0.9626188687500001 0.403107275 0.9609791328125 0.41049278281249996 0.950710009375 0.4126663640625 0.9384008046875 0.40564061249999994 0.928600746875 0.3969387640625 0.9237846203125001 0.3889180421875 0.92863510625 0.3830734078125 0.9391940328124999 0.382032528125 0.9495966062499999
1 0.55 0.5890625 0.1302706296875 0.5890625 0.14016703125000002 0.6243109328124999 0.15158836250000002 0.6317581999999999 0.163736728125 0.6531200484374999 0.16392036875 0.67011193125 0.1704920375 0.67346758125 0.16836436562499998 0.6900247578125 0.15295813593750002 0.705144365625 0.15935118125 0.727543434375 0.17602784062500001 0.7232611062500001 0.1784284640625 0.7141741046875 0.1968296375 0.727173459375 0.1991893671875 0.749873784375 0.191895678125 0.76863885 0.2044497109375 0.7741794843750001 0.203998134375 0.7857527265625001 0.1993805296875 0.8209186125000001 0.205227671875 0.8283773328125001 0.22575651562500001 0.824819515625 0.23794577656250002 0.8143940359374999 0.24519606249999998 0.80939865 0.25512243125 0.8208040828125001 0.26636263125 0.82927711875 0.28154432812499997 0.82895295625 0.297904634375 0.8309701296875 0.3087825703125 0.8414946984375 0.33330133125 0.8514053031250001 0.3471232859375 0.8497655671875 0.36380245312500004 0.8635008875000001 0.3735017796875 0.87168411875 0.38610172187499997 0.8814727250000001 0.39919915 0.8839360578125 0.406403525 0.8746927031249999 0.42067956406249996 0.8794973734375 0.43495309375 0.8662843984374999 0.4490020890625 0.8678668671875001 0.46794415 0.859771275 0.47999819062500004 0.8546195328125 0.496991203125 0.8440377 0.5044685328125 0.8422645171875001 0.5160250859375 0.8444380468749999 0.5359646265625 0.8397095578125 0.55 0.8344922015625 0.55 0.5890625
0 0.6727821203125 0.8771353421875 0.6680242765625 0.8815396671875 0.666302271875 0.8822756312500001 0.675231159375 0.890313959375 0.6869229359375 0.8872137531250001 0.689777640625 0.8845711578125 0.6939461796875 0.8789961625 0.6931298328125 0.8746032906250001 0.688823565625 0.867434375 0.6838386812499999 0.8686164953125001 0.6764072624999999 0.8746376484375 0.6727821203125 0.8771353421875
0 0.694660675 0.8028224999999999 0.702908440625 0.8011942203124999 0.7076203734375 0.792541925 0.7096128234375 0.781258484375 0.6936147781249999 0.777189775 0.6852317937500001 0.78409179375 0.68496135 0.7946392687499999 0.6904003171875 0.799901553125 0.694660675 0.8028224999999999
0 0.692933653125 0.767523165625 0.6917550453125 0.7651818265625 0.6817393640625 0.7632981015625 0.6721318578125001 0.7636108109374999 0.66796331875 0.76918580625 0.6656086078125 0.7825207765625001 0.6718180109375 0.7879279640625001 0.6829663921875 0.787905059375 0.6855047437499999 0.79156196875 0.6943418140625 0.79110435625 0.7040845421874999 0.785517909375 0.7091587390624999 0.774814078125 0.708750565625 0.7726176421875 0.7014084609375 0.7691170890625 0.692933653125 0.767523165625
1 1 1 1 0.5890625 0.8056781578125 0.5890625 0.8025835687499999 0.6153929406249999 0.819760221875 0.6218029875 0.7974659703125 0.6398664484375 0.79932570625 0.651874396875 0.813918096875 0.650379565625 0.8167753109374999 0.6657546171875 0.803047684375 0.693907940625 0.8063130718749999 0.71147943125 0.8027338374999999 0.7182250953125 0.7883684875 0.7229421296874999 0.7869194343749999 0.7311482671875 0.7739138265625 0.7371808734374999 0.7697018859375 0.7565255468750001 0.79046028125 0.774207578125 0.778365346875 0.811146646875 0.787702409375 0.8213814109375001 0.8005727953124999 0.8206225421875001 0.808096034375 0.8230973296874999 0.8114507328125 0.8311471125000001 0.8247827265625001 0.8908855953125 0.8310864578124999 0.922806371875 0.838517875 0.91678521875 0.84844424375 0.9281906531249999 0.8668888203125 0.9274203312499999 0.8689755968749999 0.9426504828125001 0.8556077265625 0.9507346234374999 0.860641028125 0.9718181187500001 0.865398871875 0.9674137953124999 0.8694780984375001 0.9713605078124999 0.8698428687499999 0.9873266234375 0.860785003125 1 0.8845688546874999 1 0.8903283125 0.99753848125 0.8964458984375 0.9944497281250001 0.900500215625 1 1 1