0 0.246993878125 0.150913678125 0.250103653125 0.1510046421875 0.2577691421875 0.1522741453125 0.2685000265625 0.1316824984375 0.26425637343749997 0.1200603203125 0.2548180953125 0.120829515625 0.243730775 0.1299126890625 0.24198757187500003 0.146586128125 0.246993878125 0.150913678125
0 0.17192346875 0.1528988734375 0.17798969375 0.1321707796875 0.16909616562500002 0.127729525 0.16054428437499998 0.1274793703125 0.1547901203125 0.137763821875 0.15492865625000002 0.151356475 0.15915751875 0.155661284375 0.17192346875 0.1528988734375
0 0.359375 0.0489537734375 0.35262809375000004 0.050521203125000004 0.3494241609375 0.0587897 0.350884890625 0.0671946453125 0.3587830703125 0.0736973390625 0.359375 0.0735947984375 0.359375 0.0489537734375
1 0.359375 0 0.0389913109375 0 0.04846464375 0.0060845921875 0.058383096875 0.023099153125 0.07861143125 0.031007796875 0.10193474375 0.0316900359375 0.10128104375 0.037942576562500004 0.1150867171875 0.05507084062499999 0.13007605 0.0534187453125 0.1398707625 0.064158025 0.15442429375 0.0666742890625 0.15977224375000001 0.07519293906249999 0.167997275 0.07856936249999999 0.19396497968749998 0.0688761859375 0.21085084375 0.0714606734375 0.234268315625 0.06378344999999999 0.24903974843749999 0.0642155359375 0.26368743906250003 0.0583723390625 0.2842278296875 0.05583734218750001 0.297023365625 0.067709675 0.31044301875 0.058694725 0.300618721875 0.03332070625 0.3127309734375 0.0368108359375 0.3187917921875 0.06834643124999999 0.32989390625000004 0.06658063125 0.341540771875 0.059604378125 0.3345935578125 0.02908813125 0.35255413125 0.013934348437499999 0.3580258234375 0.028728279687500004 0.359375 0.028677676562499997 0.359375 0
0 0.7833484234375 0.2296875 0.785680565625 0.2285680625 0.7876712546875 0.22444518593749999 0.7925390250000001 0.21518008281249998 0.7820758203125 0.20337597187499998 0.77451928125 0.20106437812500003 0.7696515109375001 0.21032948281250002 0.7675666640625 0.222811821875 0.7754648468750001 0.2293145171875 0.77732686875 0.2296875 0.7833484234375 0.2296875
0 0.5951565203125 0.2296875 0.593310296875 0.2187598625 0.5882891984375 0.207114940625 0.5785092781250001 0.203693034375 0.5761123749999999 0.226619015625 0.576220353125 0.2296875 0.5951565203125 0.2296875
0 0.7569313515625 0.070935565625 0.76005591875 0.078343903125 0.765062225 0.082671453125 0.7679541015625 0.084846596875 0.7760553890625 0.0819477390625 0.7782491859375 0.06842331093750001 0.7759020609375 0.06103771718749999 0.7660131921875 0.0586578984375 0.760135284375 0.06266707031249999 0.7569313515625 0.070935565625
0 0.5746530609375 0.054105632812500006 0.5763464828125 0.0677437671875 0.5819123328125 0.0741782375 0.5865769953125 0.074314684375 0.5955646781249999 0.0703964796875 0.59886276875 0.053768521874999996 0.5871863187499999 0.04611003125 0.5848539875000001 0.0460418078125 0.5801893234375 0.045905359374999996 0.5746530609375 0.054105632812500006
0 0.4784531328125 0.0418841609375 0.4770367796875 0.055431329687499996 0.48050299062499996 0.06703076875 0.49050081093750003 0.0683684953125 0.495492325 0.065378671875 0.5002511453125 0.0571556578125 0.504232521875 0.0489099046875 0.4949825609375 0.032960175 0.48664857968749997 0.030625840625 0.4787799828125 0.038757890625 0.4784531328125 0.0418841609375
1 0.359375 0.2296875 0 0.2296875 0 0.6746798625 0.0009683375 0.6754082046875001 0.0246480875 0.6875989171875 0.0344132140625 0.6837034531249999 0.044425825 0.6923585484375 0.054220539062499996 0.703097828125 0.0731118828125 0.708876809375 0.08026220625 0.72999150625 0.0730473109375 0.7318710140625 0.0639506765625 0.7368313093750001 0.0599988859375 0.7597118078125 0.07610730624999999 0.7622735546875 0.0852980953125 0.7489537984375 0.09560797343750001 0.739847884375 0.1123553015625 0.72883971875 0.125012303125 0.7271194000000001 0.13989268593749998 0.72650939375 0.1602151765625 0.726058578125 0.1799781234375 0.7235008406250001 0.1890895484375 0.725857915625 0.192664709375 0.7364152640625 0.1976064421875 0.7637370171875 0.2110408875 0.7620394390625 0.2095209890625 0.724365009375 0.225287765625 0.7227356546875 0.24494176093750003 0.7212200078125 0.25413255156250003 0.70790025 0.2733655390625 0.7178703328125 0.2815314015625 0.6919772734375 0.2938763453125 0.7007005937499999 0.2947331546875 0.6850465031249999 0.3055232109375 0.6937243421875 0.31494669375 0.6856377765625 0.3251328296875 0.67025658125 0.33923576718750004 0.6696238328125 0.348862359375 0.6521357171875 0.3584741578125 0.6273302281250001 0.359375 0.6273565796874999 0.359375 0.2296875
0 0.34316736406250004 0.6916896546875 0.3451580515625 0.687566778125 0.344692665625 0.67710039375 0.334694846875 0.6757626671875 0.327697853125 0.6755579953125 0.32239428124999997 0.6889914593750001 0.32806908125 0.6943838390625 0.33407073125000003 0.6966499500000001 0.34316736406250004 0.6916896546875
0 0.30226949687500004 0.7323044140625 0.3102618359375 0.730447646875 0.318907875 0.7223383390625 0.3208837703125 0.710898090625 0.318769340625 0.7087456875 0.31231709687500003 0.703330565625 0.31342139062499996 0.7002270359375 0.29821415625 0.7039633125 0.29267789375 0.712163584375 0.297822734375 0.7300837859375 0.30226949687500004 0.7323044140625
0 0.20124077499999998 0.8035638500000001 0.20710388906250002 0.7922373078125 0.20541046562499998 0.7785991703125 0.2009637046875 0.7763785453125001 0.19351611562499998 0.7730248609375 0.188306703125 0.7780988625 0.18578605625 0.7947495625000001 0.1901386609375 0.8053296515625 0.1921441421875 0.8085241453125 0.20124077499999998 0.8035638500000001
0 0.0915768171875 0.7784052124999999 0.10580350000000001 0.78404775 0.1150090828125 0.7780453625 0.123981971875 0.766809784375 0.12519521718749999 0.7626641671875001 0.1178565796875 0.75826839375 0.1123996796875 0.75079183125 0.0985146421875 0.7493404 0.0870856765625 0.754232471875 0.08333699375 0.76771141875 0.0915768171875 0.7784052124999999
0 0.359375 0.8919233156249999 0.3576697015625 0.888625934375 0.357387228125 0.91370431875 0.349162196875 0.9103278937500001 0.3430368046875 0.9017865015625001 0.3524105078125 0.9240115109375001 0.35576776875 0.9366530390625 0.359375 0.9404769625 0.359375 0.8919233156249999
0 0.6392979015625 1 0.64062635625 0.997528746875 0.6279397687499999 0.9846143234374999 0.6201183703125001 1 0.6392979015625 1
0 0.6276976875 0.9198000703125 0.629391109375 0.93343820625 0.629609009375 0.9313540265625001 0.641612309375 0.9358862453124999 0.6482676625 0.9318998171875 0.6475695828125 0.91620024375 0.6372301203124999 0.9106714140625 0.6276976875 0.9198000703125
0 0.5781497906249999 0.8566793875000001 0.5798284234375 0.8630001515625001 0.584725778125 0.868369790625 0.592049621875 0.8654481921875 0.5965905421875 0.8593093578125 0.60035401875 0.8531477828125 0.6024536578124999 0.8479828171874999 0.5934363906250001 0.837266278125 0.5824432265625 0.8379899906249999 0.5785707999999999 0.84519365625 0.5781497906249999 0.8566793875000001
0 0.44492442499999996 0.8778690109374999 0.438719665625 0.8850044515625001 0.4367437703125 0.8964447015625 0.441096375 0.907024790625 0.454065434375 0.8948608296875001 0.45425375 0.87814190625 0.44492442499999996 0.8778690109374999
0 0.6759947765625001 0.7487421296875 0.677629028125 0.733110778125 0.660961065625 0.7284421125 0.6487546578125001 0.733311440625 0.6494527359375001 0.7490110171875 0.6600248921875 0.759773034375 0.6759947765625001 0.7487421296875
0 0.7835954968750001 0.577328346875 0.7812779578125 0.5845774953125 0.7906368703125 0.5994851328124999 0.7974159640625 0.6017739828125 0.805502459375 0.5915577562500001 0.79713889375 0.574588678125 0.7835954968750001 0.577328346875
0 0.8742147812500001 0.5757979765625001 0.8714170640625 0.5652633703125 0.8606418015624999 0.5639029015625 0.8511093671874999 0.5730315578124999 0.853580234375 0.586692434375 0.8578090968750001 0.5909972421875 0.8663609796875 0.5912473953124999 0.8735610812499999 0.582050515625 0.8742147812500001 0.5757979765625001
0 0.823767115625 0.3422708296875 0.8139724046874999 0.331531553125 0.8014243531249999 0.33220978125 0.78833155 0.338098459375 0.7891385796875 0.352755946875 0.8054796921874999 0.36055088281250003 0.80736143125 0.3574700953125 0.8187903953125 0.352578025 0.825554696875 0.3475495046875 0.823767115625 0.3422708296875
0 0.8510032468750002 0.24585676875 0.8366676156249999 0.24125632343749998 0.82225261875 0.2523327109375 0.8129380843749999 0.2593771875 0.804618896875 0.264360225 0.80219240625 0.27265146093750003 0.81575059375 0.277229165625 0.8281896968750001 0.2775930265625 0.835855184375 0.27886252968749997 0.8482647 0.264591646875 0.851686534375 0.2542389703125 0.8510032468750002 0.24585676875
1 0.359375 0.2296875 0.359375 0.8567524296875 0.37567275312500004 0.8465755500000001 0.38834454687500003 0.8521726031250001 0.3967726859375 0.8461474750000001 0.41852632187500005 0.839466859375 0.4293311703125 0.8554620703125 0.4384278015625 0.850501775 0.4631822625 0.8449542140624999 0.48348995937500006 0.8371860265625 0.5000489734375 0.8428967859375 0.509566615625 0.8264507578125 0.527680515625 0.8322069984375 0.54384810625 0.86403823125 0.5766984515625 0.9078555046875 0.5579362531250001 0.8560881140625 0.5417538703125 0.8169395093750002 0.5499641078125 0.8129985640624999 0.5607541640625 0.8216764015625 0.556589875 0.794377390625 0.5717971078125 0.790641115625 0.5908915609375001 0.7870185453125 0.6054598859375 0.79685218125 0.6155370703124999 0.782513075 0.617062371875 0.767923815625 0.6189145265625 0.750208284375 0.6107836515624999 0.7384724 0.62941271875 0.7243834484375 0.6422728281250001 0.7132615765625 0.6567174109374999 0.71681993125 0.6715036359375001 0.7245693875 0.6889638359375001 0.73657816875 0.70785518125 0.7423571515625 0.7297473515625 0.7492691890625001 0.7465242640625 0.7528957671875001 0.7445981484375 0.734024440625 0.7200172109375 0.7155357062500001 0.7013437671875 0.7076725453125 0.707548525 0.7005371031250001 0.709400678125 0.682821575 0.6953771046874999 0.6677774859375 0.7096535671875 0.6431084453125 0.720929203125 0.6173063515624999 0.7282086703124999 0.5924326375 0.732858540625 0.5852517140625 0.7333885 0.57272389375 0.7240443796875 0.565133625 0.7336857640625001 0.55496288125 0.749031534375 0.5648192578125 0.7729291828125 0.5749257890624999 0.7687648953124999 0.5476267765625 0.7550829640625001 0.5367737921875 0.7715034421875 0.528891896875 0.773305815625 0.5414879421875 0.7811246296875 0.5636674703125 0.8009965265625001 0.5600676421874999 0.79305396875 0.531612834375 0.7972384531250001 0.5139655265625 0.784646025 0.4926916421875 0.7774957031249999 0.47157694843750003 0.7516221546875 0.472910665625 0.7572525765625 0.45635093125 0.7652946953125 0.4241825890625 0.770083103125 0.43059431875000004 0.7821657671875 0.41944970625 0.7852311656250001 0.39758855625 0.78885610625 0.37783432968749997 0.7727181015625 0.3606378390625 0.7784574734375 0.3430360171875 0.7696433140625001 0.322917928125 0.7598190171875 0.29754390625 0.7692425 0.2894573421875 0.776507175 0.2572662578125 0.8019153359375 0.2454661578125 0.7606960203125 0.236943496875 0.7584741890625001 0.2296875 0.359375 0.2296875