0 0.026072603125 0.10121011093750001 0.014135839062499999 0.1085273640625 0.0132808921875 0.11554136562499999 0.0154688890625 0.119528684375 0.02590240625 0.1254979265625 0.037632526562500004 0.1189221828125 0.0390790421875 0.1137316265625 0.026072603125 0.10121011093750001
0 0.12187050937499999 0.1718060265625 0.12012416875000001 0.1622877234375 0.105079646875 0.15313331875 0.09272958906249999 0.1619335890625 0.096898940625 0.170649734375 0.09867364687499999 0.17612006875 0.10789565781249999 0.182490390625 0.11655446875 0.1829892984375 0.12187050937499999 0.1718060265625
0 0.266574375 0.1339969953125 0.2688474703125 0.1258404078125 0.25217815312499997 0.1185700984375 0.24390426718749997 0.1206361453125 0.24163117031249998 0.1287927328125 0.24541559687499997 0.1349439265625 0.25244961093749996 0.1373269296875 0.25989691718749997 0.138226915625 0.266574375 0.1339969953125
1 0.4390625 0 0.09176335937499999 0 0.08973134375 0.0148449828125 0.11603596249999999 0.0270025953125 0.138406246875 0.025654585937500002 0.141129078125 0.0395612875 0.1700917203125 0.0461272640625 0.1656022609375 0.054344504687499996 0.1548486328125 0.065308646875 0.1505090859375 0.080880315625 0.1653753296875 0.0867282578125 0.1776970203125 0.0819759578125 0.19167186875 0.07129159375 0.196781265625 0.060849832812500004 0.2158735921875 0.06731798125 0.22784680468750002 0.0835470359375 0.2426846828125 0.093442946875 0.26538315625000003 0.10275582812499999 0.3188757109375 0.11600908593749999 0.31078010312500004 0.1213815921875 0.3046658484375 0.1314829265625 0.32955231875 0.1447831265625 0.3442686515625 0.1432766375 0.35437397656249997 0.1385849890625 0.3669023125 0.13309118125 0.3716632328125 0.143630771875 0.3788471578125 0.15336820625 0.378527046875 0.170301590625 0.37622558437500003 0.1825061484375 0.3854475984375 0.18887647031250002 0.40477493593749997 0.1905551421875 0.4182797640625 0.1894497328125 0.4249004875 0.1933157515625 0.4255852375 0.210589565625 0.4292845625 0.228884665625 0.4390625 0.2124936328125 0.4390625 0.16943540625 0.43836886875000003 0.16866403593749998 0.4390625 0.16195297343749998 0.4390625 0
0 0.4390625 0.2482700109375 0.439912784375 0.24902807500000002 0.45078795937500005 0.24946633437500002 0.45832036406250004 0.2382224125 0.452347940625 0.22808389999999998 0.4402896296875 0.223998753125 0.4390625 0.2241640453125 0.4390625 0.2482700109375
0 0.4390625 0.104564615625 0.44253040468749993 0.10546506093750001 0.4585433390625 0.091413584375 0.4541673453125 0.08343894843750001 0.4390625 0.077191603125 0.4390625 0.104564615625
1 1 0.309375 1 0 0.49999737812500006 0 0.49684558437500004 0.0013272109375 0.48892825625 0.010006178125 0.49664702031249996 0.029662995312500003 0.4951721359375 0.03890151875 0.48557328125000004 0.057560521875000006 0.47319485937500005 0.0704087578125 0.474086253125 0.08694106406249999 0.47562594843749995 0.09720087656250001 0.47684553437500005 0.1243940734375 0.4787417875 0.141266809375 0.47242088593750003 0.15210965 0.483445971875 0.1599023390625 0.48289084843749996 0.1816252 0.4550829796875 0.18275408124999998 0.445954146875 0.191834128125 0.4390625 0.19433441406250002 0.4390625 0.20535660937500003 0.45272478437499997 0.203054578125 0.496902146875 0.19448714375 0.5033162250000001 0.19909466874999998 0.48334058750000003 0.203688490625 0.47722633124999997 0.21378982500000002 0.5050625671875 0.208612975 0.49889157968750003 0.226810246875 0.5005811875 0.24442448906249997 0.4833000140625 0.2669729828125 0.499940965625 0.27829125781249997 0.5230527296874999 0.28612112343749996 0.5432350140625 0.28078579531250003 0.5484092234375 0.28984237031250004 0.5559497078125 0.306192725 0.5568145109375 0.309375 1 0.309375
0 0 0.9981071078125 0.00772294375 0.9978957718749999 0.0130106171875 0.990760471875 0.0100527703125 0.9816432453124999 0 0.9760979078125 0 0.9981071078125
0 0.0496961484375 0.9301524687499999 0.0511710296875 0.9209139421875001 0.039732653125 0.9146042703124999 0.02661275 0.9182746328124999 0.020320215625 0.9250695046875 0.0273258640625 0.931500478125 0.0373744578125 0.934904765625 0.0496961484375 0.9301524687499999
0 0.015587664062500001 0.910481946875 0.0199636578125 0.9184565828124999 0.03872779375 0.9142638421874999 0.047828259375 0.9092317624999999 0.048034904687500005 0.9084902546875 0.044870415625 0.9001145375 0.03866298125 0.8947655031250001 0.0235333578125 0.8977550078124998 0.0190438984375 0.905972246875 0.015587664062500001 0.910481946875
0 0.2279330875 0.9653790640625001 0.2248334109375 0.9765016859374999 0.240676146875 0.9867380265625 0.24850837656250002 0.9902029640624999 0.25462263125 0.9801016296875 0.2512798625 0.9684194515625 0.23845170312500003 0.9592044 0.2279330875 0.9653790640625001
1 0.0098132921875 0.309375 0.005482846875 0.311405978125 0.0012283984374999999 0.314833740625 0 0.3155129796875 0 0.8416608437499999 0.0140318078125 0.84503358125 0.019797584375 0.8559135999999998 0.028869684375 0.8549294921874999 0.0421678671875 0.8545655906250001 0.051539790625000005 0.8682903421875 0.0419976671875 0.8788534046875001 0.03931128125 0.8884930109375 0.0604416953125 0.8915940484375 0.0649959671875 0.9028751484375 0.06352108437500001 0.9121136734374999 0.08722441875 0.921766984375 0.096916453125 0.9185583515625 0.1126376453125 0.9173922921875001 0.119821571875 0.927129725 0.1508222984375 0.9303285906250001 0.1676334484375 0.917359053125 0.17889354531249999 0.9203622625000001 0.1731642140625 0.9330285499999998 0.1843959453125 0.9400797296875 0.20998745156249998 0.939011496875 0.2401332296875 0.949224365625 0.26306671718749997 0.9537477703124999 0.27198890468750003 0.94540923125 0.28505207499999996 0.9498348078125 0.300416709375 0.9420558265625001 0.30819220468749997 0.9536167031249999 0.3186257234375 0.959585946875 0.33629989843749997 0.9671966828125 0.357665321875 0.9655082421875001 0.36833385 0.9666880078125001 0.3868913421875 0.963236775 0.4014861265625 0.9503278875 0.41519760000000006 0.9484809703125 0.4339901015625 0.9402402593750001 0.4390625 0.9396535484375 0.4390625 0.3890045984375 0.1996891921875 0.309375 0.0098132921875 0.309375
0 0.48541546718750006 0.54289690625 0.4765216453125 0.5471874765625 0.48290735937499996 0.555842971875 0.489734728125 0.5589674828125 0.498600184375 0.5587248812500001 0.5040945046875 0.5508480718750001 0.5009016468749999 0.5465203234375 0.48541546718750006 0.54289690625
0 0.703704778125 0.8132363781249999 0.706597809375 0.8028552640625 0.6969625046875001 0.797967959375 0.676245384375 0.7933839046875 0.6764236640625001 0.7966903671875001 0.681156215625 0.8112779265625001 0.6839641484375 0.8130407218750001 0.6972339640625 0.8167247890624999 0.703704778125 0.8132363781249999
0 0.8194702421875 0.8516441968749999 0.8163341187500001 0.8392205109375 0.806313890625 0.8317682515625 0.795467084375 0.8272820249999999 0.7884047031250001 0.8289469921875 0.7855684046875 0.8312321671875 0.783117028125 0.8360822953125 0.7824970921875 0.8383068171874999 0.781613778125 0.8493687890625001 0.7974565171875 0.8596051296875 0.8125577734375 0.86066359375 0.8194702421875 0.8516441968749999
0 0.781629940625 0.904557340625 0.78797920625 0.88966653125 0.7890124328125 0.8859589890624999 0.7870310796875 0.8812301625 0.7761842734375 0.8767439375 0.764454153125 0.8833196796875 0.76218105625 0.8914762703125 0.766735328125 0.90275736875 0.7753657734375 0.9073042453125 0.781629940625 0.904557340625
0 0.6668932578125 1 0.7086195625 0.9455554718750001 0.7454266390625 0.89634986875 0.7418204921875 0.8935051375 0.7297621796875 0.8894199890625 0.7200701453125 0.8926286234374998 0.7131576765625001 0.9016480203124999 0.7082549234375 0.9113482749999999 0.7014640015625 0.931770071875 0.656889509375 0.9970090734374999 0.6597246968749999 1 0.6668932578125 1
0 0.5595357484375001 0.86096479375 0.5577894078125001 0.8514464890625 0.5407067999999999 0.8456591984374999 0.5291833234375 0.8514934343749999 0.527708440625 0.8607319578125001 0.5306946531250001 0.8658012156249999 0.5459741874999999 0.8701661406250001 0.5582958781249999 0.8654138421875001 0.5595357484375001 0.86096479375
0 0.58164711875 0.37911168906250003 0.5643011328125 0.38216184374999995 0.5618497578125 0.38701197187499997 0.5627978828125 0.3954483375 0.5885109359375 0.40578250625 0.60127428125 0.3954992203125 0.6010960046875 0.3921927609375 0.58164711875 0.37911168906250003
0 0.566955028125 0.4634010046875 0.5895035890625 0.46535945625 0.59978719375 0.46397426875000003 0.596472790625 0.448244121875 0.5970927265625 0.446019596875 0.5777937546875 0.44029295625 0.5709096515625001 0.44526438281249997 0.5630206890625 0.44989538281249997 0.566955028125 0.4634010046875
0 0.538470490625 0.47485035 0.5489891046875 0.46867568437500007 0.5568497015625 0.4680926546875 0.559949378125 0.456970034375 0.55737645625 0.45041776250000004 0.5443132875 0.4459921859375 0.537814109375 0.4535285671875 0.5330896359375 0.4665352828125 0.49334500156249994 0.474981415625 0.538470490625 0.47485035
0 0.7662816375 0.7662690046875 0.753218465625 0.7618434265625 0.743733075 0.7643105515624999 0.73862368125 0.774752315625 0.7465774546875 0.7896196546875001 0.7676146875000001 0.7772703234375 0.7662816375 0.7662690046875
1 1 0.309375 0.60878583125 0.309375 0.5998035234375 0.31790695 0.6069874515625 0.3276443828125 0.6321089343749999 0.33615510625 0.6300424828125 0.3435701859375 0.6199371578124999 0.3482618359375 0.624819621875 0.37020382500000004 0.6168455609375 0.3869787328125 0.5957799609375 0.40337603125 0.5995643875 0.409527225 0.6136324171875 0.41429322968750004 0.60589336875 0.42627865937500004 0.6095359625000001 0.452669696875 0.6118738703125001 0.464011446875 0.6217158203125 0.46815724375 0.6171979921874999 0.4804224515625 0.6096372203125 0.4957143421875 0.5897183140625 0.492212225 0.5805327484375 0.5093882109375001 0.5907028890625 0.5241948984375 0.621318690625 0.5248288125 0.639734346875 0.541617425 0.6651840218749999 0.560789040625 0.6609012078125 0.5682647703124999 0.6491994515625 0.5707925453125 0.6322667578125 0.5723596843750001 0.6339847296875 0.5859259578125 0.6582796328125 0.5974027125 0.672019471875 0.5915078250000001 0.6784051859375 0.6001633234374999 0.7027284546875 0.6075921078125 0.7264965999999999 0.63674375625 0.7399163296875 0.6477822546875001 0.746686965625 0.6590027046875 0.782241965625 0.67348266875 0.78555636875 0.689212815625 0.796318075 0.70584295 0.81290229375 0.725257165625 0.807379609375 0.7371819453125 0.8234857250000001 0.7385808390624999 0.8269784046875 0.757617446875 0.8383884140625 0.7679750875 0.84013475625 0.7774933921875 0.8582222234374999 0.7836211125 0.8667594874999999 0.7727176203125 0.9135745828124999 0.7902007953125 0.9131045609375 0.79977975 0.9106248203125 0.8086778468750001 0.92386626875 0.8164098843750001 0.9377843875 0.813821459375 0.9330518359374999 0.7992338984375 0.9371280046875 0.7924996765625 0.9507827453125 0.7987486968749999 0.9476547015625 0.8139192874999999 0.9619010093749999 0.8219917531250001 0.9835014453125 0.8155138375 0.9903855468749999 0.8105424093749999 0.9958798671875 0.8026655999999999 1 0.8104402890625 1 0.309375