1 0.070529271875 0 0.06737103125 0.0008400578125000001 0.048496140625 0.022718390625 0.022772653125 0.0360016640625 0 0.06053436875 0 0.47858891718749996 0.0065863796875 0.4837261046875 0.020037645312499998 0.5056044375 0.0214409546875 0.509375 0.5796875 0.509375 0.5796875 0.018163390625 0.5624862421875 0.004746903125 0.5507911937500001 0.00056201875 0.5185931593750001 0 0.070529271875 0
0 0.743603190625 0.3126560359375 0.7356069515625 0.325939309375 0.7390402968750001 0.3400039515625 0.7514716734375 0.341566690625 0.7672363234375 0.3392225828125 0.7732289796874999 0.3243765703125 0.7656245171875 0.3103119296875 0.743603190625 0.3126560359375
0 0.846492340625 0.2993727640625 0.8364105453124999 0.3126560375 0.8419704359375 0.325939309375 0.8527852109375 0.3384412140625 0.8600846640625001 0.3384412140625 0.8720060984375 0.3298461546875 0.874196521875 0.3079678234375 0.8685136671875 0.29702865625 0.846492340625 0.2993727640625
1 0.5796875 0 0.5796875 0.29892930624999997 0.599107734375 0.304060978125 0.611357065625 0.2892149671875 0.6274906015624999 0.2798385375 0.6419255625 0.282964015625 0.63677554375 0.26186705 0.652089334375 0.268118003125 0.671820165625 0.2696807421875 0.69042624375 0.2728062171875 0.6969059515625 0.2884335984375 0.7180894359375001 0.2821826453125 0.739495953125 0.2915590734375 0.7509074390625 0.2728062171875 0.7654653625 0.2735875859375 0.786320946875 0.2735875859375 0.8019445390625 0.25405336093750003 0.8184059749999999 0.23842598124999997 0.826051425 0.2517092546875 0.85833659375 0.252490621875 0.8642424796875 0.2790571703125 0.8785182859375 0.24545830156249998 0.8962455328125 0.24545830156249998 0.9120330750000001 0.2227986 0.9460578078124999 0.21029669687500002 0.9619454203125001 0.2056084828125 0.9627241796874999 0.1907624703125 0.9747317328125 0.19303415156249998 0.9757610796874999 0.178313803125 0.9835542125 0 0.5796875 0
0 0 0.8812307171875 0.0043341671875 0.8814115375 0.0024592125 0.8703804453125 0 0.8687928421875 0 0.8812307171875
0 0.139270790625 0.9751758171875 0.1480994875 0.9705795296874999 0.146513853125 0.9540328921875 0.1418959796875 0.9485173453125 0.11853857812499999 0.9494366046875001 0.10201154531250001 0.9604676953125001 0.10025431874999999 0.9705795296874999 0.107277571875 0.977014334375 0.126906359375 0.9770143328125 0.139270790625 0.9751758171875
0 0.21562856875 0.7122681296875 0.1979981078125 0.69756000625 0.1830354171875 0.70215629375 0.1778389 0.707671840625 0.17961741250000002 0.7205414484375 0.195324696875 0.7251377375000001 0.2039122921875 0.7251377359375001 0.21562856875 0.7122681296875
0 0.2828996328125 0.5991994375 0.2836711578125 0.584491315625 0.275180003125 0.5826528 0.262960234375 0.5817335421875 0.24790110156249998 0.5881683468750001 0.2472260140625 0.6010379515625 0.260479703125 0.6056342421875 0.2653869 0.6056342421875 0.2740709359375 0.603795725 0.2828996328125 0.5991994375
1 0.5796875 1 0.5796875 0.509375 0.4342920828125 0.509375 0.41708729062499994 0.5201432796875001 0.40031915468749996 0.535770659375 0.385956396875 0.552317296875 0.36153814687499997 0.573460221875 0.35119333125 0.58357205625 0.3380573703125 0.6001186953125 0.3261964328125 0.615746075 0.31296403437500003 0.634131228125 0.315680025 0.6525163828125 0.300186909375 0.667224503125 0.2800759203125 0.6764170796875 0.27685079375 0.691125203125 0.26330778593750004 0.692044459375 0.25106108437499997 0.715025903125 0.2540663953125 0.7278955093749999 0.257816303125 0.7499576921875001 0.24860184531249999 0.76190804375 0.2509802921875 0.7867279984375 0.25398560468750003 0.7995976062500001 0.248162221875 0.8170635015624998 0.23805850781250001 0.8225790484375001 0.23346192187499998 0.84004494375 0.24529593125 0.8483182609375 0.24168504375 0.8703804453125 0.2655941609375 0.8823307953124999 0.273747771875 0.890604115625 0.27665664375 0.9053122359374999 0.26056359375000004 0.908070009375 0.26012961093750003 0.9163433281250001 0.2571455875 0.9264551624999999 0.2394399765625 0.9365669953125 0.2422041859375 0.9540328921875 0.27013124374999997 0.9595484375 0.28701710937499997 0.9650639859375 0.288747403125 0.9788528484375 0.2916080546875 0.9944802296875 0.30881379062500003 1 0.5796875 1
0 0.6118919796875 0.8438896140625 0.6121788890625 0.8384200296875001 0.608458634375 0.829824971875 0.594984478125 0.8282622328125001 0.5832679828125 0.8329504484375001 0.58169236875 0.8431082453125001 0.5916693015625001 0.8517033046875 0.6020970921875 0.851703303125 0.6118919796875 0.8438896140625
0 0.60560761875 0.9040550265625 0.613234971875 0.897804075 0.6239906625 0.8915531234374999 0.6180208984375 0.8860835390625 0.6087178609375 0.8845208015624999 0.596837415625 0.8923344921874999 0.5934631515625 0.8970227062499999 0.5941780343749999 0.903273659375 0.60560761875 0.9040550265625
0 0.604997603125 0.8759257437500001 0.5994148218750001 0.8829580640625 0.5993738343749999 0.8837394328125001 0.6097606390625 0.8845208015624999 0.6226018875 0.87826985 0.634359371875 0.8728002671875 0.6451150625000001 0.8665493156250001 0.6516996359375 0.8602983625 0.6503108625 0.847015090625 0.63687769375 0.8446709828125 0.625407121875 0.8446709828125 0.6188225484375 0.8509219343750001 0.604997603125 0.8759257437500001
0 0.5796875 0.9499786734375 0.59196471875 0.9454675859375001 0.5946241 0.9345284187499999 0.5832764906250001 0.9321843125000001 0.5796875 0.9335891453125 0.5796875 0.9499786734375
0 0.6651509015625 0.8821766953125 0.6605518140625 0.870456159375 0.651248775 0.868893421875 0.640657034375 0.8720188984374999 0.6362399937500001 0.8767071109375 0.6430066140624999 0.8868649093750001 0.651307859375 0.887646278125 0.6651509015625 0.8821766953125
0 0.7958985937499999 0.95406264375 0.7953476625 0.9446862156249999 0.7829572718750001 0.9423421093750001 0.771076828125 0.9501557984375001 0.76645485 0.95875085625 0.7745921484375 0.9626577031250001 0.785019940625 0.9626577031250001 0.7958985937499999 0.95406264375
0 0.7587684140625 0.946248953125 0.764697190625 0.9524999062500001 0.7819144921875 0.9423421093750001 0.7896238203125 0.9345284171875001 0.7896648078125 0.93374705 0.7848197984375 0.9267147296874999 0.7776842921875 0.9235892531250001 0.7637182890625 0.93140294375 0.7611408828125 0.9407793718749999 0.7587684140625 0.946248953125
0 1 0.927509575 0.9986715187499999 0.925151990625 0.984318534375 0.9204637765625 0.9754844546874999 0.9298402031249999 0.97486964375 0.9415607390625 0.9923509671874999 0.946248953125 1 0.9469689328124999 1 0.927509575
1 1 0.509375 0.5796875 0.509375 0.5796875 0.8047976890624999 0.5847845125 0.80403979375 0.5932087218750001 0.8024770562500001 0.60324953125 0.7899751515625001 0.619934 0.7899751515625001 0.6142692421875 0.7985702109374999 0.6296650078125 0.8032584249999999 0.6362676796875 0.8165416984375 0.6300291 0.8360759234374999 0.647551409375 0.83998276875 0.6596958765625 0.8470150890625 0.6603287828125 0.8548287796875 0.6693858968749999 0.86107973125 0.6836159203125 0.8681120531250001 0.703018853125 0.8759257437500001 0.726510928125 0.8853021703125 0.743277371875 0.8837394328125001 0.7511687453125 0.8923344921874999 0.759715915625 0.8884276484375 0.7724751890625 0.8837394328125001 0.7844557046875 0.8938972296875001 0.7775022453125 0.907180503125 0.7769694109375 0.9173383000000002 0.7980299343749999 0.9134314546875 0.8048375406249999 0.9228078843749999 0.805388471875 0.9321843109374999 0.8303332000000001 0.93374705 0.83900333125 0.9274960984374999 0.8539301406250001 0.9212451453125 0.86294626875 0.928277465625 0.893555753125 0.9212451453125 0.9070118125000001 0.9032736578125 0.9185233687500001 0.9024922890625 0.9157000390625001 0.91655693125 0.9280494421875 0.9196824078125001 0.9525252125 0.9103059796874999 0.983808590625 0.9103059796874999 1 0.9081157328125 1 0.509375