1 0 0.359375 0.36875 0.359375 0.36875 0.2843144828125 0.335696434375 0.0615732953125 0 0.0380991140625 0 0.359375
0 0.6348957046875 0.359375 0.6340657953125 0.3537023078125 0.6242034515625 0.3511325609375 0.6134217843750001 0.3494836765625 0.608473153125 0.358886528125 0.6085446156250001 0.359375 0.6348957046875 0.359375
0 0.6985434500000001 0.282892346875 0.692562034375 0.292440525 0.6925503953125001 0.2995656765625 0.686115140625 0.3060117109375 0.6908135718749999 0.3093080875 0.6936733578125001 0.31444618750000003 0.7036491625 0.317791471875 0.7138635265625 0.315562675 0.7135347859375 0.30611091562500004 0.7053074453124999 0.2858980703125 0.6985434500000001 0.282892346875
0 0.78437785625 0.2716058265625 0.7853989984374999 0.27858565 0.7892915671875 0.283578425 0.8033985015624999 0.2863424046875 0.8126935453125 0.2850344703125 0.820048121875 0.2776675734375 0.81822111875 0.272384146875 0.8041141828124999 0.2696201671875 0.7880551453125 0.2679223765625 0.78437785625 0.2716058265625
0 0.0703468125 0.8722270171875 0.07670266406250001 0.86481441875 0.07604894375 0.851869909375 0.064713153125 0.8506714703124999 0.0526962515625 0.8532935828125 0.050119000000000004 0.8611056625 0.056847909375000005 0.8731953109374999 0.0703468125 0.8722270171875
0 0.0687963390625 0.9124858484375 0.079759071875 0.8941820421875001 0.089787425 0.8694914703125001 0.0838731046875 0.8544936609375 0.0725236171875 0.8616777500000001 0.0685841515625 0.8771309359374999 0.0654455765625 0.8980584953124999 0.0687963390625 0.9124858484375
0 0.09661219374999999 0.8229034046875 0.0981215859375 0.8077921640625 0.0963863109375 0.795931021875 0.08192564218750001 0.807277609375 0.0781333484375 0.815260659375 0.07663765156249999 0.8219893703124999 0.077972478125 0.8311133250000001 0.09661219374999999 0.8229034046875
0 0.36875 0.724083478125 0.35767430624999996 0.7256419734375 0.352920246875 0.74400331875 0.34346690625 0.7471958828125 0.3425051390625 0.7575741765625 0.35530924218750004 0.768808965625 0.36745962187500003 0.7670992484375 0.36875 0.7667741484375 0.36875 0.724083478125
1 0.36875 0.359375 0 0.359375 0 0.7443113640625001 0.01292519375 0.7424926203125001 0.0349293640625 0.7403275234375 0 0.8103317046875 0 0.8116862593749999 0.008756382812500001 0.8157111234375 0.0509644390625 0.7566947421875 0.06812215 0.7468310031250001 0.065384025 0.770495746875 0.0848109421875 0.7761427296875001 0.0995111890625 0.7833859953125 0.11895180000000001 0.780650446875 0.1374717265625 0.7631456015625 0.1755520546875 0.7522001312500001 0.2047129734375 0.748096809375 0.2106272921875 0.763094615625 0.24249894374999997 0.7520916109375 0.262740453125 0.7548304359375 0.2769341578125 0.741659059375 0.2993524703125 0.73384861875 0.3228523390625 0.724954809375 0.3369125609375 0.7108710390625 0.3479813875 0.7102446890625 0.36284250625 0.7016352875 0.36875 0.7000955328125 0.36875 0.359375
1 1 0.359375 0.503729515625 0.359375 0.4956421203125 0.366042434375 0.5024846578125001 0.39119914843750003 0.49936303125 0.40588542812500006 0.491883353125 0.41960194062500006 0.478445540625 0.42861632812500006 0.47682217656250003 0.43913427499999996 0.46887701718749997 0.4568737921875 0.4586626515625 0.45910258906249996 0.44798280625000003 0.4653543921875 0.4518637359375 0.47747231718750005 0.45952377499999997 0.49380748125 0.4793735625 0.49259735937500004 0.474538390625 0.50277575 0.470712721875 0.5270591140625001 0.48605607968750003 0.5454791390625 0.4899370078125 0.5575970671875 0.49002718749999996 0.572622903125 0.492409853125 0.5889091609375 0.49089995000000003 0.6002026453125 0.483204990625 0.6052429328125 0.48810706406249993 0.6243406828125 0.5049603234375 0.6314672265625 0.5141419046875 0.62938375625 0.52309656875 0.6257492156250001 0.5316875671875 0.6340383671875001 0.532027946875 0.6363649734375001 0.5291332421874999 0.6526023265625 0.527975359375 0.6590972671875 0.5295521625 0.6770799234375 0.5374624015625 0.6807158578125 0.55272721875 0.6769848953125 0.5610912984375 0.683722975 0.5701361390624999 0.6951142703125 0.579885021875 0.69690848125 0.5938901359375001 0.6917717734375 0.6019021953125 0.7033083953125 0.604863803125 0.71634718125 0.6017421765625001 0.7310334624999999 0.6120583609375 0.736705353125 0.6330311109375 0.7503757421875 0.638058284375 0.763123878125 0.63239396875 0.7892489671875 0.6200441984375 0.8345193218750001 0.63569595625 0.8046143640625001 0.6598485359375 0.7679727203125 0.6670663734375 0.7740805890625 0.6981400265625 0.7847466468750001 0.723028628125 0.7891595109375 0.7516963359375 0.7977896125 0.7791276218750001 0.790763665625 0.8034372812499999 0.798424 0.8174307546874999 0.8004124421875 0.834636034375 0.80274044375 0.8404690703125001 0.81379218125 0.8383918640625 0.8212079828124998 0.842386253125 0.8341014437500001 0.8547680046874999 0.839482684375 0.8688982187499998 0.8279963609374998 0.8767182765625 0.8166064578124999 0.8911888734375001 0.8074467437500001 0.9029015000000001 0.8010496140625001 0.9252823328125 0.795525834375 0.941341371875 0.7972236265625 0.9428163546875 0.8073055953124999 0.9484341093750001 0.809681109375 0.9578426125 0.8091487125000001 0.9704745609375 0.8018307203124999 0.9818351703125 0.8002321343750001 0.9912436734375 0.7996997375 1 0.79565996875 1 0.359375
0 0.8159615312499999 0.9272594109375 0.8209101624999999 0.9178565578125 0.8240201500000002 0.9102954296875 0.8188678781250001 0.903896909375 0.816008090625 0.8987588078125001 0.8057937265625 0.9009876046875 0.7941945578125 0.90816026875 0.7918904328124999 0.914025 0.7972696265625 0.9219745921874999 0.8028873781249999 0.9243501078125 0.8159615312499999 0.9272594109375
0 0.830819065625 0.8919257015625 0.82666465625 0.90675730625 0.8241219703125001 0.9181961171874999 0.8211254406249999 0.92653278125 0.8136341250000001 0.9473744437499999 0.8193653375000001 0.9505254937500001 0.8349938156250001 0.9348708390624999 0.8410886906249999 0.9260981953125 0.8453449203125001 0.919167278125 0.8548785234375 0.9122852640625 0.8544363234375 0.90205796875 0.8528478796875 0.8912004640625 0.8518267375 0.8842206390625 0.8504535734375 0.88203935625 0.8360062578124999 0.8769487687499999 0.830819065625 0.8919257015625
0 0.689191125 0.9253101265625 0.69124505 0.9321446265625 0.7008804734374999 0.9331633015625 0.7114468578124999 0.9261359625000001 0.7207535421875 0.9177028765624999 0.7183592359375 0.9085417703124999 0.709643134375 0.906602234375 0.7028674984375 0.9107216593749999 0.6943666765625001 0.917458346875 0.689191125 0.9253101265625
0 0.6740107296875 0.8071379890625 0.6815805875000001 0.8084473156249998 0.6858368171875 0.8015163953125001 0.684702215625 0.793761034375 0.6781767796875 0.7851812328125 0.6672816515625 0.7827568125 0.65970015625 0.7885726359375 0.66094821875 0.7971035343749999 0.666100490625 0.8035020546875 0.6740107296875 0.8071379890625
0 0.579576621875 0.7452334640625 0.582436409375 0.750371565625 0.584955815625 0.7531830578125 0.5928660546875 0.7568189921874999 0.6010148531249999 0.7548808484375 0.6088349125000001 0.7434909453125 0.6055212843750001 0.7352507 0.5988707484375 0.7330205125 0.586817740625 0.7370910328125 0.580042103125 0.7412104578125 0.579576621875 0.7452334640625
0 0.40971153281249995 0.787340234375 0.4129117 0.79480494375 0.4194487765625 0.7962595953125 0.42966314062500005 0.7940308015624999 0.4372446390625 0.788214975 0.436563878125 0.783561759375 0.4324443875 0.7770179125000001 0.4295846015625 0.7718798125 0.41811053437499995 0.7727028625 0.4122542203125 0.7759014265624999 0.40891731093750006 0.7819114828125 0.40971153281249995 0.787340234375
0 0.4851890765625 0.6548283359375 0.4908068296875 0.6572038515624999 0.5003287921874999 0.6574469890625 0.5073429890625001 0.647753484375 0.508500871875 0.64125854375 0.5066738671875 0.6359751171875001 0.4941670171875 0.6369434937499999 0.48326025 0.6416442234374999 0.4799233421875 0.64765428125 0.4851890765625 0.6548283359375
0 0.41152407812499997 0.5907928296875 0.4151897265625 0.59423453125 0.428604259375 0.5994704453125 0.443415234375 0.5926373375 0.443426875 0.5855121875 0.44011324687500003 0.5772719421875 0.4294450421875 0.5763985953125 0.4144071453125 0.5816806296875 0.40947015468750003 0.5839583296875 0.41152407812499997 0.5907928296875
0 0.4209093015625 0.6045107328125 0.4040560390625 0.5973841906249999 0.3988804890625 0.605235971875 0.4039193 0.6108589562500001 0.40563284375 0.615366846875 0.4095254125 0.6203596203125 0.42112458124999996 0.6131869562500001 0.4209093015625 0.6045107328125
0 0.395174159375 0.48624078125 0.393335515625 0.48808250781249995 0.3943450171875 0.5021874828125 0.40511504374999996 0.5109615171875 0.4218664828125 0.5101873734375 0.43380603281249996 0.5053413171875001 0.4294712625 0.4901212484375 0.4199609390625 0.48275295781250005 0.4080330296875 0.4804738640625 0.395174159375 0.48624078125