0 0.050478171875 0.4316845765625 0.045704973437500004 0.4282617453125 0.0325684609375 0.4249817046875 0.027314737500000002 0.431106634375 0.028234912499999997 0.43654210156250006 0.0309727890625 0.446521628125 0.0375410453125 0.44816164843750006 0.052712879687500006 0.44488499375 0.053216048437499996 0.44166410312500004 0.050478171875 0.4316845765625
0 0.1796721140625 0.43308044375000004 0.173915221875 0.4424262671875 0.1878404546875 0.45036527812499993 0.19863345 0.445995278125 0.1999026953125 0.4411064859375 0.1975591796875 0.4334564453125 0.1962672890625 0.432018365625 0.1842912125 0.429399909375 0.18133571875 0.4305211375 0.1796721140625 0.43308044375000004
0 0.40267639375000003 0.2206681171875 0.40491109999999997 0.233868534375 0.40944403593749995 0.24206524687500003 0.4223176421875 0.2437922984375 0.42617066562500006 0.2417796640625 0.42704555156249996 0.23456138593750003 0.4195571203125 0.2274859015625 0.4082156671875 0.222423046875 0.40370537500000003 0.22055320625000002 0.40267639375000003 0.2206681171875
0 0.440957546875 0.1309461890625 0.4221641265625 0.057092121875 0.4019970640625 0.030861959374999998 0.39113613593749996 0.01625134375 0.3768165421875 0.0059828484375 0.369615753125 0.0188104546875 0.386453515625 0.038135999999999996 0.3953652875 0.0474260609375 0.403007815625 0.0616049140625 0.4355497265625 0.129967753125 0.440957546875 0.1309461890625
0 0.459375 0.1337286328125 0.46848238125 0.13206749375 0.47423927343749994 0.12272167187500001 0.468808809375 0.1154163640625 0.459375 0.11242758125 0.459375 0.1337286328125
0 0.49829024843749997 0.4072323546875 0.49084710625000005 0.41281061250000006 0.48791425625 0.4202587109375 0.48896588281250003 0.42647067187500004 0.491418209375 0.4285703359375 0.499518615625 0.4268745546875 0.5063271359375 0.42374069375 0.514776615625 0.4117206515625 0.5096090578125 0.40596833437499996 0.49829024843749997 0.4072323546875
0 0.599843096875 0.1276831625 0.6066969062500001 0.137203046875 0.620730946875 0.1395916796875 0.626247578125 0.1350197390625 0.62440723125 0.1241488078125 0.6130657765625 0.11908595468750001 0.609847375 0.1186541921875 0.6029074015625 0.12101155781249999 0.599843096875 0.1276831625
0 0.702622571875 0.4065666 0.7017023984375 0.4011311359375 0.6959002171875 0.39782321249999997 0.6821290828125 0.3969875703125 0.6721021625000001 0.39968966875 0.6731537890625 0.40590162812499997 0.6735481484375001 0.4082311140625 0.6778181765625 0.41487483750000004 0.6816938453125 0.4191890765625 0.69134905 0.42048436406249995 0.7004784421875 0.41867367031249997 0.702622571875 0.4065666
0 0.6714134265625 0.315110846875 0.6766897921874999 0.3153127890625 0.686082090625 0.3150550859375 0.6936566859375001 0.3102533234375 0.7012312812499999 0.30545156093750003 0.69155343125 0.2978294015625 0.6893640125 0.297282728125 0.6840876453125 0.2970807875 0.6748268015625 0.298114984375 0.66917871875 0.30191043125 0.6692013625 0.3082373015625 0.6714134265625 0.315110846875
0 0.6727826546875 0.23030220625000003 0.66450550625 0.21856775 0.651763353125 0.21761719375 0.638912390625 0.222217015625 0.6397237546875 0.23320285937500002 0.6541748015625 0.24424785 0.6587939031250001 0.24056731562500003 0.6684264609375 0.23553573125 0.6727826546875 0.23030220625000003
0 0.7040691421874999 0.2355112375 0.697237978125 0.23231822656249998 0.67600105625 0.23073396875 0.66792329375 0.238756621875 0.6725876828125 0.24772983124999998 0.6741424765625 0.2507209015625 0.6832945125000001 0.2552370796875 0.6953793984375001 0.252305159375 0.701925009375 0.2476183078125 0.7152791421875 0.2397975953125 0.7040691421874999 0.2355112375
1 1 0.4796875 1 0 0.9651401156249999 0 0.9576573515625 0.011771721875 0.9302691781250001 0.017203801562500003 0.921996440625 0.042654081249999996 0.911774546875 0.0627838046875 0.904222596875 0.0739124390625 0.868076746875 0.0771578234375 0.856191246875 0.09984685625 0.8318038578125 0.11681144843749999 0.797103996875 0.12859828125 0.7764790546875 0.1182427546875 0.7633878296875001 0.1276164578125 0.763696025 0.14182319062499998 0.7787590484375 0.144096915625 0.7831605328125001 0.151517134375 0.7410401734375001 0.1752090953125 0.736815434375 0.18121911562499998 0.7320648796875 0.1841231546875 0.7131261875 0.1775351921875 0.6986342624999999 0.19102119374999998 0.7007375171875 0.20344511562499998 0.717618246875 0.21026289999999997 0.7257186546875 0.20856711562500002 0.7186925171875 0.22280173125 0.730800046875 0.2261966828125 0.72826155625 0.23597426875 0.722744928125 0.24054620937500001 0.7209951578125 0.2549827640625 0.710356259375 0.26645613125 0.71440866875 0.2842006078125 0.7026093359375001 0.29501239218749997 0.7128129968750001 0.30574053125 0.723828025 0.3274545140625 0.731098834375 0.34563075312499997 0.7163440062499999 0.35756376562500003 0.7275766515625 0.36817699375 0.729811359375 0.3813774109375 0.6912993484375 0.370645884375 0.6828272249999999 0.37633905156249997 0.6945630390625 0.3837313890625 0.703366003125 0.3985718265625 0.7126494921875001 0.4038645015625 0.7329027187499999 0.41821741562500003 0.745164346875 0.428715734375 0.758980771875 0.442205121875 0.76841835625 0.45460116250000004 0.7868538828125 0.46441001562500006 0.8005388515625 0.4771229078125 0.8012323562500001 0.4796875 1 0.4796875
0 0.7487600421874999 0.1031412265625 0.7373324218749999 0.10995562343750001 0.7440547765625001 0.11869901093749999 0.7526809984374999 0.12010920781250001 0.7681157390625 0.118385546875 0.7726033859375001 0.11392851562499999 0.768705071875 0.10328740624999999 0.763011703125 0.0944291078125 0.7523501578125 0.099575603125 0.7487600421874999 0.1031412265625
0 0.433662553125 0.6184652875000001 0.4400767109375 0.6130019421874999 0.438762178125 0.605236990625 0.4311422953125 0.597385009375 0.41631953125 0.5903374046875001 0.41347284687499997 0.58590825625 0.403074209375 0.5926077390625 0.4039943828125 0.5980432062500001 0.4092933953125 0.60457201875 0.41535848125 0.6094329296875001 0.42310981718749996 0.6180614078125 0.433662553125 0.6184652875000001
0 0.4425875640625 0.7393095578125 0.44552041249999996 0.7318614578125 0.4415132921875 0.7267707265625 0.4279824171875 0.7211612000000001 0.4291428546875 0.7218227828125 0.4252898296875 0.7238354171875001 0.4197732 0.7284073578125 0.416708896875 0.7350789625 0.42174500000000004 0.740054784375 0.430371225 0.7414649828125001 0.4425875640625 0.7393095578125
0 0.358346846875 0.7866934796875 0.353990653125 0.7919270046875 0.35802041875 0.803344609375 0.3706537609375 0.8098455421875 0.378119546875 0.81059415625 0.3869860328125 0.8072304718750001 0.3858029515625 0.8002420171875 0.38280216875 0.7887095000000001 0.3706946390625 0.7853145500000001 0.358346846875 0.7866934796875
0 0.1945209765625 0.8160650593749998 0.209166996875 0.8096824265624999 0.203342171875 0.8000476328125 0.2006269390625 0.796394978125 0.19263533906250002 0.7925403828124999 0.18440347968749998 0.7934596703125 0.180310190625 0.8002461859375 0.1820190859375 0.8103406234375001 0.1945209765625 0.8160650593749998
0 0.09460084375 0.832761790625 0.1041245953125 0.8332805828125001 0.12277773750000001 0.83198868125 0.1313813140625 0.827072009375 0.11233381093749999 0.8260344234375001 0.09764250468749999 0.8197633124999999 0.089147734375 0.8191296093750001 0.07408471093749999 0.8168558859375 0.0540082234375 0.8159332109375 0.06510941718749999 0.8257699468749999 0.0789031953125 0.8329324609375 0.09460084375 0.832761790625
0 0.34180578281249996 0.874778775 0.337558396875 0.8744619218749999 0.3310127875 0.879148775 0.3270509515625 0.886711784375 0.32939446875 0.894361825 0.338283596875 0.8973250140625 0.350894296875 0.8974990734375 0.353827146875 0.8900509750000001 0.35108927031250003 0.8800714484375 0.3470821484375 0.874980715625 0.34180578281249996 0.874778775
0 0.3145987640625 0.9308258281249999 0.32742708125000003 0.919899134375 0.31993865 0.9128236484375 0.317091965625 0.9083944984375 0.302554753125 0.90922675625 0.2920246640625 0.915149746875 0.297849490625 0.9247845390624999 0.30468065312500003 0.9279775499999999 0.3145987640625 0.9308258281249999
0 0.2712245265625 1 0.27250546249999996 0.998029396875 0.2718481953125 0.9941469218750001 0.26950467968749997 0.9864968812499999 0.25201197343750004 0.9884503656250001 0.24172214531249997 0.9895994734375 0.2368627828125 0.9980538921874998 0.23950181406249998 1 0.2712245265625 1
0 0.948904225 0.8040852968750001 0.952603153125 0.7949692953125 0.946778328125 0.785334503125 0.9392898984375 0.778259015625 0.9274452765625 0.7764170546875 0.9230890796875 0.7816505796875 0.9197845156250001 0.7930960671875 0.9214934093749999 0.803190503125 0.929485009375 0.8070450984375 0.9422271625 0.807995653125 0.948904225 0.8040852968750001
0 0.8839198046875001 0.767036578125 0.8898534390624999 0.77112099375 0.903756028125 0.7727331328125 0.9101701875 0.7672697875 0.9134747531249999 0.7558243 0.9052202453125 0.750416715625 0.9037969046875001 0.748202140625 0.8985205374999999 0.7480002 0.8884936171875001 0.7507022984375 0.8837430625 0.7536063390625 0.88183919375 0.7609395265625001 0.8839198046875001 0.767036578125
0 0.853952265625 0.8067772328124999 0.8639791859375 0.8040751343749999 0.8604752343750001 0.7957635109375 0.8531182562499999 0.78946451875 0.834070753125 0.7884269343750001 0.7898653734375 0.7688371078125 0.777649034375 0.7709925328125 0.8049963312500001 0.7900914484375 0.809003453125 0.7951821812500001 0.8226431359374999 0.7952413296875 0.8359337468750001 0.8056247375 0.853952265625 0.8067772328124999
0 0.8351500218750001 0.65855369375 0.836528075 0.648114525 0.8364827859374999 0.6354607796875 0.831795753125 0.6201607 0.824964590625 0.6169676890625 0.823038078125 0.6179740062500001 0.8144345 0.6228906796875 0.8098380437499999 0.6328980859375 0.810649409375 0.6438839296875 0.8203499015624999 0.6578329593750001 0.8351500218750001 0.65855369375
0 0.814116315625 0.893508090625 0.80327803125 0.8852243468750001 0.79042706875 0.8898241703124998 0.7860708750000001 0.8950576937499999 0.7908893609375001 0.9111342703125 0.80452904375 0.9111934203125 0.8128697140625001 0.9047237562500001 0.814116315625 0.893508090625
0 0.7382615578125 0.94707609375 0.7344311796875 0.9554155984375001 0.7437373109375001 0.9670351437499999 0.76057275 0.9611991843750001 0.7695706890625 0.9586119968750001 0.7632200499999999 0.9458712234375 0.7525132187500001 0.938363975 0.7483972875 0.9388236171875001 0.7405597859374999 0.9420723890625 0.7382615578125 0.94707609375
0 0.5676271703125 0.9795815343750001 0.58023786875 0.97975559375 0.583805340625 0.9698630984375001 0.5814618265625 0.9622130578124999 0.57489356875 0.9605730375 0.56473519375 0.9624986406249999 0.5617797 0.96361986875 0.559481471875 0.9686235734374999 0.560664553125 0.975612028125 0.5676271703125 0.9795815343750001
0 0.459375 1 0.50603073125 1 0.492402621875 0.9935204031249999 0.485155996875 0.9909066218749999 0.488241403125 0.9813263031249999 0.4809070703125 0.981354184375 0.475127534375 0.9843731359374999 0.459375 0.9901179093749999 0.459375 1