0 0.5569488703125 0.5162635171875001 0.552546484375 0.5260525328125001 0.554702459375 0.5384477421875 0.5605120125 0.5484486765625001 0.5645104140625 0.5491690953125 0.5769096031250001 0.5408209140625 0.5717339124999999 0.52238700625 0.5569488703125 0.5162635171875001
0 0.53981941875 0.3898535828125 0.540655275 0.3761658953125 0.5363991046875001 0.36603783437500004 0.52129713125 0.3641308296875 0.514449728125 0.37307230156250004 0.517497334375 0.38644218124999996 0.523393940625 0.3901501671875 0.5288307859375 0.3897052296875 0.53981941875 0.3898535828125
0 0.28011225781250004 0.5796875 0.2796940859375 0.5745717625 0.2839536453125 0.5564133359375 0.2824594234375 0.5429163328125 0.2700323484375 0.5439333328125 0.2642194046875 0.5622188875 0.270056846875 0.579551 0.2701070203125 0.5796875 0.28011225781250004 0.5796875
0 0.7070416078124999 0 0.7087226234374999 0.0041196953124999994 0.7181857578125 0.01172635625 0.7282827593750001 0.0109000421875 0.7320512796875 0.0095439984375 0.7353600421875 0.0040350312499999996 0.7338011859375 0 0.7070416078124999 0
0 0.6777875953125 0.09989106875 0.6703376046875 0.09631020625 0.6659073296875 0.0987680453125 0.6678334234375 0.109086790625 0.6750814218750001 0.1179223703125 0.6829353968749999 0.1109937953125 0.6844608937500001 0.10353549375 0.6777875953125 0.09989106875
0 0.6409255093749999 0 0.6404607546875 0.0034202499999999997 0.6486003859375 0.013230496875 0.656942009375 0.017786028125 0.660337821875 0.0059841109375 0.6670111203125 0.009628534375000001 0.671254696875 0 0.6409255093749999 0
0 0.21721324062499997 0.34292024374999996 0.21847758125 0.354340784375 0.21919510781249998 0.36790135 0.2208042703125 0.382436584375 0.2253773703125 0.38834815625 0.24016241093750001 0.39447164843750004 0.24577336249999998 0.38144081406249997 0.24206400625 0.3691727296875 0.2345861265625 0.3582606890625 0.2333217859375 0.34684014687500003 0.2295253765625 0.3408650125 0.22385865 0.3392334890625 0.21721324062499997 0.34292024374999996
0 0.0864153921875 0.32952875000000004 0.088888296875 0.33770747343749996 0.091678134375 0.34166970937499996 0.0973448609375 0.34330123437500004 0.105456603125 0.3457803015625 0.11141237343749999 0.33586415937499997 0.11446336718750001 0.32094754999999997 0.106783496875 0.3152902265625 0.093119965625 0.3122178671875 0.08647455625 0.315904621875 0.0864153921875 0.32952875000000004
1 0 0 0 0.1875365359375 0.0095676859375 0.201720184375 0.021333009375 0.20180497968750002 0.042101709375000004 0.20534350781250002 0.056597706250000004 0.223014665625 0.080097078125 0.2441395578125 0.0954568203125 0.2554542046875 0.1179496203125 0.27456619843749996 0.1339432265625 0.27744787187500003 0.153994396875 0.267425834375 0.1578465828125 0.28806333125 0.1674246578125 0.2967082203125 0.18255451875 0.3059464046875 0.2059110640625 0.3187018875 0.2300443 0.3313938078125 0.2563090109375 0.3208632703125 0.26853409375 0.3251009875 0.2875195296875 0.3266901796875 0.303168315625 0.3264571609375 0.31171193124999996 0.3257579734375 0.3245117140625 0.33518684374999996 0.3438698578125 0.3472219078125 0.3481851921875 0.343725840625 0.345311690625 0.317770065625 0.3513824015625 0.3088921546875 0.35653020468749996 0.3199948828125 0.384835946875 0.320821325 0.39087876875 0.3046122328125 0.398474975 0.28827601875000003 0.405148275 0.2919204421875 0.4196163828125 0.3022604203125 0.41708770156249997 0.2794193390625 0.425861196875 0.2807966125 0.43161158593750004 0.3044216734375 0.44507312343749994 0.3127487515625 0.46003226875000003 0.306286346875 0.4603525890625 0.27378337343750003 0.45362351562500003 0.255476590625 0.458544825 0.23621636875 0.4655942203125 0.2220201796875 0.48325615 0.225812959375 0.4966027484375 0.23310180625000002 0.503077440625 0.213714459375 0.49410534375 0.1893054171875 0.49252745937500003 0.15381487656249998 0.5036310312500001 0.1550014625 0.5114292296875 0.1334105296875 0.5156887875 0.1152521 0.5265345906250001 0.10703104687500001 0.5249845953125 0.078871684375 0.53384514375 0.07395600937499999 0.5399750171875 0.051453971875000004 0.545843734375 0.047830776562499996 0.55381265 0.0419404359375 0.5775731796875 0.0441864828125 0.5780363265624999 0.0200529203125 0.57738313125 0 0 0
0 0.5272385671875 0.23373755937500001 0.5218017203125 0.234182496875 0.5160200546875 0.2315127421875 0.5104091046875 0.2445435765625 0.5133417703125 0.2568752234375 0.5179148703124999 0.262786796875 0.52513498125 0.264291196875 0.5317803921875 0.2606044421875 0.53405469375 0.24575139375 0.5272385671875 0.23373755937500001
0 0.48975951562500003 0.44737986875 0.4812750640625 0.434454928125 0.47868721875000003 0.4252379734375 0.47290555312500004 0.42256821875000006 0.4688201 0.42814074843750005 0.47319120937500003 0.43930703906249996 0.4752043546875 0.44333283906250004 0.48276928437500005 0.44795193125 0.48975951562500003 0.44737986875
0 0.46833245156250003 0.41665664687500004 0.473741409375 0.408880528125 0.46847866875 0.39673957031249996 0.4627561671875 0.3804456859375 0.4534079703125 0.37387725625 0.44098089375000005 0.37489425781249996 0.4339906625 0.3754663203125 0.4385916515625 0.38870907187500003 0.443941446875 0.3945570828125 0.44975100156250003 0.40455801874999997 0.444658975 0.40811765 0.4443699296875 0.419665315625 0.4482812796875 0.42667868125 0.45429282656250003 0.43142489843750004 0.4633832546875 0.42858568750000003 0.46833245156250003 0.41665664687500004
0 0.25644845 0.35751916875 0.26352573281249997 0.3506541578125 0.2554731546875 0.33455096093750003 0.24336300937500002 0.33135147656249997 0.2386158046875 0.3380258 0.23942038437500002 0.345293415625 0.242784921875 0.3544468078125 0.2493432796875 0.357053 0.25644845 0.35751916875
1 1 0.5796875 1 0 0.76875 0 0.76875 0.5796875 0.9397537625 0.5796875 0.9414589671875 0.5730139453125 0.9582794328125 0.56670734375 0.9643028593749999 0.5711444593749999 0.977300265625 0.5552906109375 0.9860122203125 0.5796875 1 0.5796875
0 0.53540788125 0.69784251875 0.5290811953125 0.682337590625 0.518353765625 0.6770529234375 0.50769195625 0.6890180921875 0.512461575 0.7071154765625 0.5258974624999999 0.7035508874999999 0.53540788125 0.69784251875
0 0.3138877515625 1 0.3141055890625 0.9912971015625001 0.30938965937499996 0.9770161171874999 0.298199034375 0.9821224796875001 0.2959973984375 1 0.3138877515625 1
0 0.377180821875 0.8247990234374999 0.382415675 0.8296088046874999 0.389837778125 0.8258584859375 0.3936062984375 0.8245024421875 0.394901915625 0.8149676749999999 0.3945570953125 0.81185298125 0.3874240375 0.8040556343749999 0.37735492656249997 0.8122131249999999 0.377180821875 0.8247990234374999
0 0.3653529453125 0.8666248453125001 0.3543643125 0.866476490625 0.350797784375 0.8625778171875 0.3431736875 0.8715828531250001 0.3453296625 0.8839780625 0.35634618125 0.891457596875 0.36287665156250004 0.8867326109375 0.36408521562499996 0.8834907921875 0.366272465625 0.87493069375 0.3653529453125 0.8666248453125001
0 0.43827079687500003 0.661606328125 0.43352359218750003 0.6682806515624999 0.4357945046875 0.6817140921875 0.44770265625 0.6901682953125 0.452362809375 0.68978691875 0.4584056328125 0.6735778296875 0.45317077812499995 0.6687680484375 0.44137756718750004 0.6613520765625001 0.43827079687500003 0.661606328125
0 0.453167390625 0.6970545359375 0.44370425625000004 0.6894478765625001 0.43435605937500005 0.682879446875 0.4326285703125 0.6955924687499999 0.444766603125 0.7061231343750001 0.45155484062499995 0.7108057890625 0.471717565625 0.7301084703124999 0.47367493281249995 0.7194719093749999 0.46352215937499996 0.7056358656249999 0.453167390625 0.6970545359375
1 0 0.5796875 0 0.9816289828125001 0.0066258828125 0.98188843125 0.021668693750000002 0.9974195640625 0.022467521875 1 0.1695926296875 1 0.178790415625 0.98665639375 0.1989844140625 0.9850037671875 0.213884396875 0.9921654890625 0.2372722171875 0.983965665625 0.25280606250000004 0.9826944140624999 0.259167125 1 0.277052446875 1 0.2741494625 0.9914240984374999 0.2534399265625 0.9742614406250001 0.25479470625 0.9511025453125 0.2702693890625 0.9634554234374999 0.261614221875 0.9348298921874999 0.2755946828125 0.9336857671875001 0.284887103125 0.9255918390625 0.296077728125 0.9204854765625001 0.308473528125 0.94042378125 0.318399809375 0.923896878125 0.3219105640625 0.9131331953125 0.3183753109375 0.8882792125 0.305115765625 0.8746974171874999 0.3088564 0.86601019375 0.324132478125 0.8553313015625001 0.33673365781250003 0.8417284046875 0.3599752625 0.8534456562500001 0.3841085 0.866137575 0.417102284375 0.873913821875 0.4420713765625 0.87291805 0.41923375781249994 0.8506913656249999 0.40013338125000003 0.8480639406249999 0.3850035203125 0.8388257593749999 0.363719284375 0.8164719453125 0.3819905796875 0.7762140843750001 0.38596448125 0.7413168375 0.3865704578125 0.7255526859375 0.386716675 0.7056356078125 0.3783471625 0.6937488984375 0.3810533359375 0.675717596875 0.39129316406250003 0.68326069375 0.41439193906250005 0.686608534375 0.413876403125 0.6677932515625 0.39819973124999997 0.66069509375 0.40990927812500005 0.646117525 0.41491425312499997 0.64885084375 0.42978634531250004 0.6486813875 0.4255022890625 0.6312221484375 0.4170770015625 0.6046730796875 0.4153529015625 0.5890996140625 0.4085754828125 0.5796875 0 0.5796875
0 0.4673058015625 0.8813982390625 0.4597687578125 0.8841103265625 0.46157991093749995 0.8933908421875 0.4689707375 0.91059583125 0.48102510625 0.899132959375 0.4767689375 0.8890048984375 0.4673058015625 0.8813982390625
1 0.76875 1 1 1 1 0.5796875 0.76875 0.5796875 0.76875 1