0 0.3113449015625 0.47151341406249997 0.29838973593749996 0.47814379999999995 0.29629021875 0.49053913906249996 0.2974810296875 0.4928227859375 0.30816171875 0.49962068125 0.3154083109375 0.48477977968749997 0.3113449015625 0.47151341406249997
0 0.3768205703125 0.43422970625 0.38508301562499997 0.42270539375 0.38718253125 0.4103100546875 0.3808785515625 0.40095771406249997 0.36708249375 0.40323856406249997 0.36225143125 0.41313250156250003 0.3651240296875 0.4241152171875 0.3693963046875 0.42683437656249995 0.3768205703125 0.43422970625
0 0.322776953125 0.315535946875 0.3362936203125 0.31956164375 0.3437856984375 0.307928453125 0.3443444828125 0.29531535781249996 0.3404221265625 0.2905303078125 0.3311777375 0.28922376875 0.3235446046875 0.292375646875 0.32025427500000003 0.30248733906249997 0.322776953125 0.315535946875
0 0.3061367734375 0.2507814609375 0.3122291734375 0.24741183125 0.31527401718750003 0.2340924265625 0.3132423109375 0.22745924374999998 0.30228222968749996 0.22696789375 0.2968557625 0.23572000625 0.2959809640625 0.2408847296875 0.2981876296875 0.24648496718750001 0.3061367734375 0.2507814609375
0 0.1753020578125 0.12440759531250001 0.1890275890625 0.1178860875 0.1924223515625 0.1025007921875 0.184402678125 0.093963640625 0.1751582875 0.0926571015625 0.167350196875 0.0968419234375 0.159437671875 0.10630034531250002 0.16738681875 0.1105968390625 0.1753020578125 0.12440759531250001
1 0.4796875 0 0.314939621875 0 0.3140221515625 0.0086312625 0.311572715625 0.0230924890625 0.3016623921875 0.016403470312499998 0.2904256328125 0.045487845312500004 0.26574001875 0.051518003125 0.25779358750000003 0.07049068750000001 0.264834028125 0.08946616562500001 0.28489744687499996 0.0827827390625 0.2937919171875 0.0861551671875 0.279366546875 0.096808453125 0.23808551718749998 0.12164657968749999 0.21679738125 0.135560621875 0.1840242828125 0.1520821453125 0.21298217187500001 0.14877114687499998 0.1941828078125 0.1852480546875 0.23147095312500002 0.151384221875 0.24957319375 0.14230827343750002 0.254333728125 0.1281736796875 0.29841682812500003 0.1100776125 0.3203369921875 0.1110603125 0.312074546875 0.1225846265625 0.301850925 0.131716415625 0.30514396875 0.1448739015625 0.3038514390625 0.1711330328125 0.3183554796875 0.2345279390625 0.3226643765625 0.251002015625 0.286564328125 0.2638803140625 0.2622652546875 0.2815995015625 0.23796618125000002 0.2993186875 0.2736824046875 0.2980205359375 0.2885648421875 0.303296934375 0.3001881421875 0.2859015875 0.326239528125 0.28112213124999996 0.339998965625 0.2650863625 0.366298553125 0.2867837984375 0.377470215625 0.2999971203125 0.38317878906249997 0.3082076375 0.3686489859375 0.324134528125 0.3646249125 0.3478922578125 0.3668681984375 0.3672474140625 0.3955806 0.360728703125 0.410708525 0.3692128140625 0.43014263125 0.3709018234375 0.4120770109375 0.39373269375 0.42415737968749995 0.39226703125 0.43791681718750003 0.37623126406249996 0.439003196875 0.3837885125 0.410014115625 0.41988295000000003 0.365445471875 0.47810194375000004 0.41691350156249996 0.4303771125 0.4295187484375 0.4258126171875 0.4439074984375 0.4014044109375 0.463832578125 0.409508846875 0.465584890625 0.4224485765625 0.4784356234375 0.4210917921875 0.4796875 0.421822053125 0.4796875 0
0 0.5361776468749999 0.28398361875 0.5418156953125 0.287953478125 0.547558175 0.2866497375 0.5472421625 0.2792013671875 0.5411836671875 0.2730567390625 0.5311689109375 0.271641321875 0.5162525671875 0.27587918437500003 0.5063788640625 0.28294508125 0.49755492031250004 0.2838133125 0.48820609687500005 0.2877803765625 0.493669184375 0.29278318125 0.5052246734375 0.2944163546875 0.510021828125 0.294036678125 0.5204909375 0.2881126015625 0.5306101265625001 0.2842544171875 0.5361776468749999 0.28398361875
0 0.693674059375 0.23432135 0.683309384375 0.23497182187500001 0.677532996875 0.245789825 0.6767992515625 0.25943586406249997 0.684152990625 0.2625905375 0.69007043125 0.26025385 0.694447140625 0.25769940625 0.69917376875 0.2530790703125 0.7015187734375 0.24389144687500003 0.6999075140625 0.2394330328125 0.693674059375 0.23432135
0 0.695332796875 0.34561139218750003 0.6919353218750001 0.33772750937499996 0.6842316625 0.3366387265625 0.674707878125 0.3416387359375 0.663959378125 0.3538693578125 0.6589872625 0.355281978125 0.662455265625 0.3674065203125 0.6678478265625 0.3681686671875 0.675480959375 0.3650167921875 0.6817483187500001 0.36061421562499996 0.6920424687500001 0.355723084375 0.695332796875 0.34561139218750003
0 0.7128965859375 0.22328838593749997 0.7274630109375 0.221116415625 0.7420999609375001 0.22318510156250002 0.7547757359375 0.2228612625 0.7478763484375 0.212367096875 0.7360753750000001 0.2075262125 0.7272514296875 0.2083944421875 0.7149255765625 0.20665239062500002 0.70603110625 0.2032799609375 0.6957708609375001 0.1986568328125 0.690098909375 0.20420123281250002 0.6912897203125 0.20648487968749998 0.6872290249999999 0.21648769375 0.6695472312499999 0.22773841250000001 0.6847090625 0.2267082640625 0.700045853125 0.22464516875 0.7128965859375 0.22328838593749997
0 0.8017097156249999 0.029594492187499998 0.79400605625 0.0285057109375 0.7896293484375001 0.031060153125 0.7868638984375 0.038073012499999996 0.78690051875 0.051827929687499996 0.7969858015625 0.057484003125 0.799471859375 0.056777693750000004 0.8030782015625 0.054114371875 0.8072094234375001 0.048352215625 0.8078387359375 0.039979778125 0.8075227234375 0.0325314078125 0.8017097156249999 0.029594492187499998
0 0.8120445828125 0.37374102656249997 0.8058111296874999 0.36862934531249997 0.799893690625 0.3709660328125 0.79086088125 0.3823814671875 0.7918062046875 0.3814574 0.7926470984374999 0.3858069359375 0.79544916875 0.3925489953125 0.80091225625 0.3975518 0.80700465625 0.3941821703125 0.8107154328125 0.38624524375 0.8120445828125 0.37374102656249997
0 0.8336256875 0.469866328125 0.837373084375 0.47568432187500004 0.8492784906249999 0.4752516046875 0.85890670625 0.46497799375 0.86167215625 0.4579651359375 0.8609356984375001 0.448341996875 0.8540024031250001 0.44736209374999997 0.84227195625 0.4467618671875 0.8357252046875001 0.45747099062499996 0.8336256875 0.469866328125
0 0.9123467749999999 0.512722396875 0.91087656875 0.5167453 0.9135036796874999 0.524520303125 0.9195621734374999 0.5306649328125 0.9274407921875 0.5307207703125 0.9326923 0.523001603125 0.9363325484375 0.5108240203125 0.9300990953125 0.5057123375 0.919909378125 0.505329865625 0.9139919375 0.507666553125 0.9123467749999999 0.512722396875
0 0.9558507281249999 0.559375 0.9578376953125 0.5561703078125 0.9510427406249999 0.5404025406249999 0.9422893234374999 0.545511428125 0.937317209375 0.5469240484375 0.9345239656250002 0.559375 0.9558507281249999 0.559375
1 1 0.559375 1 0 0.834398003125 0 0.840329728125 0.0064956218750000004 0.843202325 0.017478340624999998 0.8377053312499999 0.02198979375 0.8271996015624999 0.014158953125000002 0.81981195625 0.020518540625 0.8163466671874999 0.031663178125000004 0.8200940640625 0.037481171875000004 0.8236665000000001 0.0443321109375 0.8113772671875001 0.056344975 0.8057758406250001 0.06613003437500001 0.8038512828125001 0.077492428125 0.7946096078125 0.0994550671875 0.7963619203125 0.1123947953125 0.808617246875 0.10989618906250001 0.8132394406250001 0.110549459375 0.8108605328125 0.12925134375 0.8036139390624999 0.144092246875 0.8009190171875 0.1553457640625 0.7914657609375 0.164586428125 0.784989534375 0.1795362109375 0.7623356265625001 0.1921995515625 0.765699196875 0.2095976953125 0.775084640625 0.21938554687499998 0.7875854546875 0.2200946546875 0.7964093984374999 0.219226425 0.80495395 0.22466474218750002 0.8005433343749999 0.23673344531249998 0.7967281265625 0.24994397343750002 0.8067428812500002 0.251359390625 0.8077248296875 0.26419024062499996 0.8107018593750001 0.26989935625 0.8032803078124999 0.2857732046875 0.798731353125 0.3126297703125 0.8033901703125 0.32703795625 0.8076990671875001 0.343512034375 0.8131987765625001 0.36226975625 0.8193983234375001 0.3768957 0.82612275 0.3884228078125 0.8160401828125 0.40603591093749997 0.7956973703125 0.41902588593749995 0.762328865625 0.43440558906250004 0.7907618765625 0.43419342343749995 0.8087596828125001 0.430391075 0.8210489171875001 0.41837821093749994 0.8383468859375001 0.418707640625 0.8454551374999999 0.4186546 0.8478028562500001 0.4327361515625 0.8547361500000001 0.4337160546875 0.8607241171875 0.4356200265625 0.8623014687499999 0.4495927 0.8748022828125 0.4503018046875 0.8821899281250001 0.4439422171875 0.8926251296875 0.44753240156249996 0.9021150078125 0.45204665312500003 0.9082440281250002 0.46243193906249996 0.895709309375 0.47123709218750004 0.8890581234375 0.48721981875000003 0.8904944234375 0.49271117656249996 0.9035906421875 0.4945621078125 0.9110488140624999 0.49244317656250003 0.918997959375 0.496739671875 0.929258203125 0.5013628 0.9392729593750001 0.502778215625 0.941970596875 0.5147938796875 0.9513899468750001 0.5150674734375 0.9532466906250001 0.5227336 0.958955265625 0.5309441171875 0.9575216812499999 0.5487219359375 0.9626348499999999 0.5557906312500001 0.9679996296875 0.559375 1 0.559375
0 0 0.929376525 0.00024646406249999997 0.92931631875 0.012572317187500001 0.9310583703124999 0.019539518750000002 0.9225240140625001 0.01873253125 0.90866021875 0.0135149296875 0.906865125 0.00168005 0.9115384984375 0 0.9149792140624999 0 0.929376525
1 0.4796875 0.559375 0 0.559375 0 0.8971812515625001 0.0145985953125 0.8911531968749999 0.031862656249999996 0.9009968875000001 0.0418435078125 0.9119265625 0.049547165625 0.9130153453125001 0.0489544734375 0.9351427000000001 0.0491321484375 0.9573789328125001 0.0514459609375 0.9809747468750001 0.0609358375 0.9854889968750001 0.06737815781249999 0.9800534765624999 0.07315454375 0.969235471875 0.082610515625 0.9832639828125 0.08908945625 0.9915833796874999 0.0926618921875 0.99843431875 0.10901453593749999 0.999687815625 0.10921326406250001 1 0.4474505546875 1 0.46292033750000006 0.9873037453125001 0.4775545765625 0.9661032531250001 0.4796875 0.96640470625 0.4796875 0.559375
1 1 0.559375 0.6358239109375 0.559375 0.6405448 0.5719981671875 0.6177864578125 0.5899351078125 0.5703425015625 0.6139022078125 0.6003162453125 0.6139078 0.62983291875 0.5979837046875 0.6528028421875 0.5927687374999999 0.6665283734375 0.5862472296875 0.6665649953124999 0.600002146875 0.6778410890625001 0.6079418671875 0.6812046609375 0.6253400109375 0.6912194171875 0.626755428125 0.692689621875 0.6227325265625 0.7111078765625 0.6211049453124999 0.7238541765625 0.625021765625 0.7229793765625001 0.6301864890625 0.7162576656249999 0.64192855625 0.7200755890625 0.6519872078125 0.7092226546875 0.6694914328125 0.716471959375 0.677919709375 0.7267661078125001 0.673028578125 0.74602525625 0.6757505328125 0.7537289140625 0.6768393140625 0.7651094421875 0.6795054328125 0.7680525671874999 0.6947288078125 0.7674232546875001 0.70310124375 0.759056378125 0.7198991609375 0.75489125 0.735175578125 0.762910921875 0.743712728125 0.7739754359375001 0.738930475 0.7769158468749999 0.7308846734375 0.7867217359375 0.7428472968750001 0.7927097046875 0.7447512656249999 0.8072056015625 0.7383386359374999 0.81953145625 0.7400806875 0.8389655640625 0.741769696875 0.8643876359375 0.7453626765625 0.8772749890625 0.7577608125 0.9020311312499999 0.7559713140625 0.910855075 0.7551030828125 0.9238468624999999 0.7622276140625 0.9295920578124999 0.7841930500000001 0.925706321875 0.79316291875 0.9453859156250001 0.7980596421875 0.9508462874999999 0.77979326875 0.9521049125000001 0.7630483953125 0.9623285359375 0.7539166078124999 0.9738134953124999 0.7513091218750001 0.9941563062500001 0.7383191484375 1 0.73328865625 1 0.559375
0 0.6055250296875 0.559375 0.6037421984375 0.5657390671875 0.608259959375 0.5716659390625 0.6150888203125 0.5779194453125001 0.624262684375 0.5749853265625 0.6279029328125001 0.56280774375 0.6266623484375 0.559375 0.6055250296875 0.559375
0 0.6722423765625 0.6409961046875 0.672626203125 0.629415953125 0.6657268171874999 0.6189217890625 0.65277165 0.6255521749999999 0.650776565625 0.6326739109374999 0.64997229375 0.6420792921875 0.65235391875 0.646646584375 0.658587371875 0.65175826875 0.6674113171875 0.6508900375 0.6722423765625 0.6409961046875
0 0.62768459375 0.792291809375 0.6158497109375001 0.7969651828125001 0.6086370265625 0.8022918265625 0.6090235671875 0.8139808546874999 0.6172181984375 0.8214850609375001 0.629648484375 0.8179535125000001 0.63559983125 0.8061025640625001 0.62768459375 0.792291809375
0 0.7543975609375 0.7054909734375 0.75324065625 0.6936930671875 0.7446255781250001 0.6840140906250001 0.737692284375 0.6830341875 0.732195290625 0.68754564375 0.7256485390625 0.6982547671875 0.7245987796875 0.7044524359375 0.7307278015625001 0.714837721875 0.744173940625 0.7146227609375 0.7543975609375 0.7054909734375
0 0.6048720109375 0.9456031609375 0.6168452312499999 0.9261419234374999 0.623987390625 0.9165746218749999 0.628327478125 0.9002652609374999 0.6269956125 0.8895002999999999 0.6395642374999999 0.8711808874999999 0.6334013109375001 0.8703098609375001 0.617471828125 0.8945003078125 0.6071776796874999 0.8993914390625001 0.6076347484375 0.9153211234375 0.60553523125 0.9277164625000001 0.598113678125 0.9435903109374999 0.6048720109375 0.9456031609375
0 0.830920128125 0.8125543390625 0.8305335890624999 0.8008653109375 0.821568590625 0.793252225 0.81505574375 0.7944470906250001 0.814251471875 0.8038524718750001 0.8135516328125 0.80798425 0.8151289859374999 0.821956925 0.8201716265625001 0.8247849609374999 0.8253187015625001 0.8223393968749999 0.830920128125 0.8125543390625
0 0.9231524515625 0.81289775 0.9219955453124999 0.8010998421875 0.9150622531250001 0.8001199390625 0.9055384703125 0.8051199484375001 0.897696471875 0.8188190296875 0.9001486234375001 0.8276269796874999 0.9078522812500001 0.8287157609375001 0.9193372437499999 0.826108275 0.9231524515625 0.81289775
0 0.901415390625 0.8806896375000001 0.9075416984375 0.867805746875 0.9109025546874999 0.8619347125000001 0.9124771921875 0.8526382078125 0.9117407312499999 0.8430150703124999 0.9057527640625 0.8411110984375 0.90018524375 0.841381896875 0.8945838171875 0.8511669546875 0.8972475484375 0.8726968781250001 0.8910873375000001 0.895095028125 0.8914738765625 0.9067840578125 0.901415390625 0.8806896375000001