0 0.01936741875 0.559375 0.0224066578125 0.5473009640625001 0.020877251562499997 0.5410245875 0.009634215625000001 0.537824915625 0.00380145 0.5409243906250001 0 0.5445008375 0 0.5460748328125 0.007103692187500001 0.5576568421875 0.01676825625 0.559375 0.01936741875 0.559375
0 0.2687184453125 0.19359343281250002 0.2852615046875 0.1978687703125 0.280650346875 0.1853069078125 0.258853140625 0.16742136406250002 0.2376301046875 0.16938596718750001 0.22935857343750002 0.167248296875 0.21603045 0.1682146578125 0.2131462515625 0.1786434046875 0.21906632343750002 0.1870346796875 0.227714471875 0.1923082625 0.2278017765625 0.2037990125 0.24214950468750002 0.20701690312499998 0.2547473328125 0.193511453125 0.2687184453125 0.19359343281250002
0 0.1600727390625 0.22324836874999998 0.149716121875 0.2252767328125 0.1477412796875 0.2346662484375 0.21887835625 0.27373265468749997 0.1600727390625 0.22324836874999998
1 0 0 0 0.391651121875 0.014552489062499998 0.3957926375 0.030631625000000003 0.38544131406250004 0.0172620765625 0.3623823859375 0.019016425 0.34254590625 0.02407301875 0.339441875 0.036602029687499996 0.344738228125 0.0413278828125 0.3259637484375 0.0288218125 0.314400128125 0.0507566546875 0.2946820609375 0.0542379625 0.2978361890625 0.06847544375 0.295830596875 0.07439551718750001 0.3042218734375 0.0839989 0.2959216859375 0.088371078125 0.2677440265625 0.0973085359375 0.26466276875 0.1013684640625 0.2511072171875 0.1163636296875 0.2188136234375 0.1143473609375 0.20417785312499998 0.121332915625 0.20421884218750003 0.123904865625 0.20841220312500003 0.140558171875 0.2179110265625 0.152356890625 0.21066828750000002 0.160564053125 0.1950479375 0.154046871875 0.1730737859375 0.1613446765625 0.15849266875 0.18154810937500002 0.152343815625 0.189135225 0.1294078546875 0.174300634375 0.1178305703125 0.17006609374999998 0.10840461875 0.1576932078125 0.0957972109375 0.16811864375000002 0.07496704062500001 0.167677659375 0.054073109375 0.1735563046875 0.038439096875 0.18963544062499998 0.0280877734375 0.1873757421875 0.0092723046875 0.1948567390625 0 0 0
0 0.7770237546875001 0.448951734375 0.7660212453125 0.4572461375 0.7642975375 0.47562575 0.7731868984375 0.47902151093749995 0.779290775 0.479893209375 0.7855196671875 0.4749143921875 0.786692040625 0.4657263953125 0.787136796875 0.45737003906249996 0.7770237546875001 0.448951734375
0 0.8800620046875001 0.4646025015625 0.8717055390624999 0.45703038749999997 0.8642108531249999 0.45772168593749996 0.8626358875000001 0.47453098125000004 0.8657924203124999 0.48875974843750003 0.8744501859374999 0.498841315625 0.88337638125 0.492206525 0.8749502124999999 0.47543915312499996 0.8800620046875001 0.4646025015625
0 0.8414506312500001 0.465211821875 0.8434756390625001 0.4493416625 0.8365559625 0.4451215765625 0.8179246015625001 0.44501225 0.8172667328125 0.455039153125 0.8226245546875 0.4617577578125 0.8242376703125001 0.47346978437500004 0.8368717359375001 0.4718721203125 0.8414506312500001 0.465211821875
0 0.784832896875 0.43645911093749995 0.7961696171875 0.44989999375 0.8035155656249999 0.45077898281250006 0.8110562765625 0.45500271249999996 0.8174798921875001 0.4533686046875 0.8133128359375 0.43244674375000003 0.8071392578125 0.4223797859375 0.7927670546875001 0.418115971875 0.7844618953125 0.42475440156250005 0.784832896875 0.43645911093749995
0 0.8228456828125001 0.40157453906249996 0.817877346875 0.40154538593750005 0.8120747749999999 0.4031831046875 0.8109024 0.41237110625 0.812728675 0.42241258437500007 0.82032713125 0.43030543750000005 0.8249364281249999 0.4241559828125 0.8284679703125001 0.4208331421875 0.830474534375 0.40997826875000004 0.8228456828125001 0.40157453906249996
0 0.9679547109375001 0.292087678125 0.9701877171875001 0.3089704296875 0.9809229437500001 0.31222530000000004 0.9916939078125001 0.3106166703125 0.9923702078125001 0.2955745421875 0.9879532140624999 0.2863537140625 0.9784427625 0.2829543734375 0.9679547109375001 0.292087678125
0 0.9111238687500001 0.265005484375 0.9023042 0.27080504375 0.9044318203125 0.2833559765625 0.91164401875 0.2929584 0.9197263625 0.2901328515625 0.9248197125000001 0.284311490625 0.9236144703125 0.2742736875 0.9214684562500001 0.266738015625 0.9111238687500001 0.265005484375
0 0.8826952328125 0.2832284296875 0.8850359703125001 0.29410877812499997 0.8937306140625001 0.294159796875 0.9019107546875 0.2933719125 0.90432524375 0.28419123281249997 0.8975305812500001 0.2741206328125 0.8892622546875 0.2707285171875 0.8826952328125 0.2832284296875
0 0.9043455843749999 0.0648443765625 0.9009718781250001 0.081542509375 0.9105704640625 0.0891219125 0.9244650437499999 0.082516246875 0.9318663062500001 0.0683494625 0.9319031421874999 0.05831888281249999 0.9237413953125 0.054091509375 0.9129520421875 0.060715395312499996 0.9043455843749999 0.0648443765625
1 0.3890625 0 0.3890625 0.5379118203125001 0.40295106562500005 0.536026615625 0.4144312453125 0.5386016796875001 0.42475735625000005 0.545349434375 0.435917803125 0.550430271875 0.4293691203125 0.557914940625 0.42818295781250004 0.559375 0.6169161296875 0.559375 0.62657871875 0.55154903125 0.6384851656249999 0.5507830296875 0.6507666249999999 0.5324653828125 0.6573152578125001 0.5249807296875 0.6618388828125 0.5333662359375 0.6738334734375 0.536780215625 0.6756637609375 0.5175653296875 0.6857070562500001 0.5167883625 0.6885478171875 0.504266584375 0.6981832406249999 0.501815409375 0.7098949703125 0.4977046484375 0.7030963 0.5168903984375001 0.7181079765625 0.5161426 0.736155184375 0.5062177015625 0.73528811875 0.48865881875 0.7210777687500001 0.4685139109375 0.728817209375 0.446826028125 0.74196573125 0.4460672984375 0.7464749296875001 0.43021171249999995 0.762816815625 0.433651203125 0.7779535171875 0.42705282499999997 0.7956112390625 0.4104385078125 0.8092413468749999 0.391292878125 0.8130229281249999 0.3762689359375 0.8276635593750001 0.36381640000000004 0.8321282359375001 0.3434389765625 0.8356269125000001 0.3208902953125 0.8443399984374999 0.3159260390625 0.8495768109374999 0.2992388390625 0.8422492546874999 0.2933445625 0.8418598187499999 0.2866551125 0.8427124515625 0.2799729515625 0.8539281187500001 0.27000799999999997 0.8609358890625 0.278408084375 0.8758409875 0.27849554374999996 0.8760910296875 0.2667944328125 0.881309396875 0.2551225390625 0.8887619234375 0.25516626875 0.90315256875 0.2544147765625 0.9039354968750001 0.2385373765625 0.8927566625000001 0.23847178125 0.8841870390625001 0.23257021249999998 0.8960093109375 0.1983678453125 0.8939001781249999 0.1808016265625 0.888046340625 0.1682288328125 0.8807372250000001 0.157319296875 0.884004303125 0.14145642187500002 0.89498841875 0.138177309375 0.8958778828125 0.12146459999999999 0.9014673015625 0.1214973984375 0.9029962937499999 0.09977304218750001 0.8914280187500001 0.0930179984375 0.8935082953125001 0.06210203125 0.8831123921875002 0.04615901875 0.88550844375 0.041993596875 0.88173088125 0.027761121875 0.8865413656250001 0.01441508125 0.8907146578125001 0 0.3890625 0
0 0.3890625 0.9472704531249999 0.38176295 0.9542756718750001 0.3818273171875 0.9720336906250001 0.3839997109375 0.9793584093749998 0.3890625 0.9789913296874999 0.3890625 0.9472704531249999
1 0.3890625 0.559375 0 0.559375 0 1 0.37403918125 1 0.37448363281249997 0.9991493484374999 0.3542617125 0.97500564375 0.36657023125 0.9698550328125 0.3777489 0.9552966859375001 0.3890625 0.9410844109375001 0.3890625 0.559375
0 0.7750647984375 0.8331613578124999 0.7734665765625 0.845686784375 0.7747296109375 0.8540507328124999 0.7811824234375 0.8582668671875 0.791428796875 0.8510150187499999 0.7937802546875 0.8447614140624999 0.7901887000000001 0.8363838031249999 0.7811639359375 0.8279743093749999 0.7750647984375 0.8331613578124999
0 0.927842109375 0.7985425390625001 0.924627171875 0.7933008390625 0.919460334375 0.7911813875 0.9031607046874999 0.79108574375 0.896951321875 0.7910493093750001 0.881671296875 0.7951379171875 0.8795632703125001 0.8055712203125001 0.886016084375 0.8097873515625 0.8981684781249999 0.8119477937500001 0.920034503125 0.8110315328125001 0.9248476640625001 0.8037478046875 0.927842109375 0.7985425390625001
0 0.8103825468749999 0.7268227421875 0.8085179515625001 0.7414357421875 0.8110899015624999 0.745629103125 0.8277890859374999 0.7425933890625 0.8319592609375001 0.7342613203124999 0.8300302984375 0.7311163 0.8239770421875001 0.7237688109375 0.8149293375 0.7216265859375 0.8103825468749999 0.7268227421875
0 0.7828398812499999 0.7235274265625 0.7840570390625 0.7444259109375 0.7902205421875 0.7569968828125 0.805633753125 0.7518644890624999 0.8054362000000002 0.7351502546875001 0.8096293140625 0.72055091875 0.803309684375 0.7152910015625 0.7898483765625001 0.7173011468749999 0.7828398812499999 0.7235274265625
1 0.3890625 0.559375 0.3890625 1 0.402495746875 1 0.41496717656250004 0.995045425 0.4220476984375 1 0.45725665937500004 1 0.46763668124999996 0.990131640625 0.47871425937499995 1 0.5137594859375 1 0.5153827796874999 0.9872781046875 0.52037500625 0.9664160562500002 0.53372606875 0.9591824250000001 0.54080338125 0.9341543421875 0.5496535328125 0.91958233125 0.5602765203125 0.9154663968750001 0.5651540500000001 0.925940690625 0.5832723953125 0.9239578703125 0.5904370140624999 0.9104205375 0.5817015609375 0.893656203125 0.5779124546875 0.8685643578125 0.5911073921875 0.8686417828125 0.5954566296875 0.8467313921875 0.6084310765625001 0.8363618531250001 0.6217362609375 0.8416627609375 0.62763784375 0.8197614796874999 0.6379300953125 0.7999750953125 0.6728623234375 0.7636202203125 0.6703821296875001 0.734357784375 0.6758612187499999 0.7218551296875 0.688523415625 0.726107696875 0.7032707 0.72619423125 0.717554059375 0.711654103125 0.726560334375 0.6897710390625 0.7130576 0.667755896875 0.7137694046874999 0.65000243125 0.722265878125 0.6260272421875 0.72761178125 0.614568371875 0.71989593125 0.6019882921875 0.7152388953125 0.6019609640625 0.7073898609375 0.5904246671875 0.71852265 0.588400859375 0.730454553125 0.5801143359375 0.725153034375 0.559375 0.3890625 0.559375
0 0.9217066796874999 0.91967633125 0.9282926781249999 0.922848678125 0.9335697640625 0.9301916125 0.94472549375 0.9219005359375 0.9465027828124999 0.895796784375 0.9299597203125 0.89152144375 0.9233278421875 0.900883634375 0.9217066796874999 0.91967633125