0 0.295273259375 0.033132175 0.28377526406250003 0.0218043015625 0.27106798125 0.0211861734375 0.27177502656249997 0.0337839015625 0.27521167812499997 0.03971995 0.2873355640625 0.041463473437499995 0.2921688859375 0.037724468750000004 0.295273259375 0.033132175
0 0.135853065625 0.4090718984375 0.11814632031250001 0.40692860781249995 0.1265611890625 0.4186192984375 0.1536409671875 0.43339726875 0.17407731875000002 0.42887888125 0.182930690625 0.4299505265625 0.195846603125 0.42737387031249996 0.1955143265625 0.4168455296875 0.1870782125 0.409384315625 0.1768919046875 0.4052992953125 0.173289115625 0.394099075 0.1580821015625 0.3927183671875 0.1497271453125 0.40743923125 0.135853065625 0.4090718984375
0 0.23447451875 0.36682078906250004 0.24411991875 0.3635722546875 0.24320424375 0.35416931093750004 0.16073437343750002 0.324774621875 0.23447451875 0.36682078906250004
0 0.6656427546874999 0.0978007453125 0.6602685234375001 0.09420619531249999 0.6550604328125 0.0958758140625 0.6492476984375 0.1029003078125 0.6473101203125 0.1052418046875 0.646705478125 0.11059668125 0.6547455765625 0.1202179828125 0.65897425625 0.1218338515625 0.667265475 0.11980141562499999 0.6707658625 0.113049034375 0.67614009375 0.11664358593749999 0.6723499187499999 0.1044086734375 0.6656427546874999 0.0978007453125
0 0.6797641296875 0.1236143265625 0.66741036875 0.1292950640625 0.6664097109375 0.136810028125 0.677554184375 0.141839040625 0.6869484640625 0.15024424375 0.6985101984375 0.1488836875 0.707759584375 0.14779524375 0.7041780375 0.132365546875 0.6965127078125001 0.124813628125 0.68882613125 0.121491190625 0.6797641296875 0.1236143265625
0 0.6352893421875001 0 0.64009094375 0.0088708703125 0.6498387453125 0.0235749375 0.655400359375 0.028204181249999998 0.6582748578125 0.031036150000000002 0.6666897265625 0.0427268390625 0.676501265625 0.044742475 0.6826887687500001 0.0397873703125 0.681398325 0.0283150375 0.672191428125 0.020944529687499998 0.665880278125 0.0121765109375 0.6505283703125 0.0013021546874999999 0.6484989046875 0 0.6352893421875001 0
0 0.5553223234375 0.053718790625 0.5480105140625 0.0524657375 0.53105330625 0.0544612203125 0.5244910359375 0.057346939062500005 0.5154077875 0.0636995546875 0.5201773734375 0.0726489796875 0.5288221171874999 0.0769154109375 0.5415294015625001 0.0775335359375 0.5455706953125 0.0781147125 0.5505701578125001 0.079639875 0.5519243375 0.078423775 0.5592998812500001 0.0669883984375 0.5553223234375 0.053718790625
0 0.75909308125 0.31823073125 0.75742786875 0.3046890140625 0.7497625375 0.297137096875 0.7432215125 0.295793340625 0.7382008062500001 0.2984976546875 0.734304403125 0.3074101265625 0.7363656296875 0.318791753125 0.7453638953125 0.3293570453125 0.75673824375 0.326961796875 0.75909308125 0.31823073125
0 0.7450027234375 0.40125815468750003 0.7447728484375 0.40868241562499996 0.7483756390625 0.4198826359375 0.757373903125 0.4304479296875 0.77045595625 0.4331354421875 0.7779976390625001 0.42696423437500003 0.7748121078125 0.4093744484375 0.766022471875 0.3956143703125 0.7535238171875001 0.3918014609375 0.7498572906250001 0.3932896734375 0.7450027234375 0.40125815468750003
1 1 0.459375 1 0 0.766564596875 0 0.761704565625 0.028375496875 0.7613684640625 0.05694714375 0.7635533359375 0.0820518953125 0.7615520234375001 0.097081825 0.7530096828125 0.11076799531249999 0.7383648203125001 0.1124913671875 0.7353628484375 0.1350362609375 0.7303208984375 0.1419700515625 0.73658955625 0.159197021875 0.7487946 0.183122625 0.762792328125 0.19521308125 0.7638741421875 0.209880196875 0.7718505046875 0.23218993124999998 0.7752659109375 0.24235545625000002 0.7592456234375 0.24952440625 0.7675967546875 0.2739035265625 0.7688872 0.28537585625 0.7694068609375 0.296938890625 0.7785925109375 0.3085388765625 0.78027896875 0.3178511171875 0.7867562578125 0.3318833046875 0.7926713953125 0.3428114140625 0.802253059375 0.3522513109375 0.80714629375 0.374923859375 0.8190403046875 0.38409164375 0.8228092328125001 0.400556034375 0.8177460359375001 0.4117193 0.7973309296875 0.412008209375 0.8074535015625 0.42878166249999994 0.8382422984375001 0.43361246875 0.8397201265625001 0.4461194921875 0.8580694265624998 0.459375 1 0.459375
0 0.057588850000000004 0.7056745140625 0.046214501562499996 0.7080697625 0.0740225734375 0.7312159859375 0.0862913515625 0.7424531578125 0.09860262187499999 0.7452313734375 0.1038532015625 0.7351027984374999 0.0981466953125 0.7209799078125 0.0881902625 0.7094706265624999 0.06938045781249999 0.696889696875 0.0495912421875 0.6875942546875 0.057588850000000004 0.7056745140625
0 0.3215711265625 0.676723225 0.3132374171875 0.6872146140625001 0.317027590625 0.6994495281249999 0.323172603125 0.7029533734375001 0.329922259375 0.7011023484375001 0.33785995625 0.6927710484375 0.3288829359375 0.6779762781249999 0.3215711265625 0.676723225
0 0.3119142546875 0.7972717203125 0.3100404109375 0.7869247875000001 0.30352063125 0.781351553125 0.295812809375 0.7822585906249999 0.2896465515625 0.7829842203125 0.28325042031250003 0.7911341125 0.2864571953125 0.8044944203125001 0.2968308875 0.8096141359375 0.3103301984375 0.80591208125 0.3119142546875 0.7972717203125
0 0.359375 0.7744341390624999 0.3551630375 0.775274403125 0.3464333140625 0.787925884375 0.34678683593750004 0.7942247468750001 0.35057701093750004 0.806459659375 0.359375 0.8115866374999999 0.359375 0.7744341390624999
0 0.2426267171875 0.5972466921875 0.2461058578125 0.5947237859375 0.2446492765625 0.5779872859374999 0.23258912656250003 0.56355533125 0.22177692968749999 0.569054659375 0.22231783749999998 0.5763882171875 0.22400429531250002 0.58570045625 0.234356740625 0.59504965 0.2426267171875 0.5972466921875
0 0.48431795 0.459375 0.48094444843749995 0.46501648749999996 0.48590141875 0.47500060624999996 0.49627511093750004 0.48012032031249996 0.5043577015625 0.48128267031250005 0.5047749593749999 0.474893103125 0.5121080140625 0.4719166796875 0.506318746875 0.459375 0.48431795 0.459375
0 0.456148121875 0.53239585625 0.46283404062500005 0.5432332609375 0.46495900468749995 0.54192645625 0.47329271406249995 0.53143506875 0.47527278281249996 0.5206346156249999 0.4701071828125 0.5138452796874999 0.4604830296875 0.5128643390625001 0.45635675156249994 0.529201071875 0.456148121875 0.53239585625
0 0.4681950953125 0.8944982156249999 0.4716529921875 0.8962047875 0.48727726562499996 0.8911959296875 0.4890487046875 0.8835902609375001 0.4820092640625 0.8664539937499999 0.472197725 0.8644383578125 0.46601022187499996 0.8693934640624998 0.46192643437500003 0.8772712437500001 0.46246734375000004 0.8846048015625 0.4681950953125 0.8944982156249999
0 0.44612837499999997 0.95521590625 0.43991962500000004 0.9644004875000001 0.445417503125 0.9817181640625 0.4531040796875 0.985040603125 0.4608331484375 0.979904090625 0.47281213906249997 0.972153965625 0.4709595421875 0.9575775546875 0.46387761093749996 0.948900240625 0.46581518749999995 0.9465587453125 0.45539900625000007 0.9498979828125 0.44612837499999997 0.95521590625
0 0.47768795312499995 0.95995600625 0.47668729531250004 0.9674709703125 0.47758172656250003 0.9811033921875 0.4879554171875 0.9862231078124999 0.49535220625000004 0.9705582515625 0.4857492984375 0.9653478328125 0.47768795312499995 0.95995600625
1 0.537483534375 0.459375 0.5427731625 0.46302436093750005 0.54389746875 0.46923252031249996 0.5365219234375 0.480667896875 0.524500440625 0.49687697656249996 0.5125426937500001 0.500397621875 0.49985665625 0.4955500171875 0.47794247656250005 0.48756138125000004 0.46119389843749997 0.4863620796875 0.44929988749999994 0.4771942953125 0.43098849999999994 0.4804058765625 0.43304972499999994 0.49178750468750004 0.449172415625 0.5025711562499999 0.46648314687500003 0.5068745390625 0.476273440625 0.5131196499999999 0.475958584375 0.5374618203125 0.4793353234375 0.5169863125 0.48756280781250005 0.5276423109375 0.4842498046875 0.535429384375 0.48222724375 0.5546887921875 0.47480920937499993 0.5745831234375001 0.472535528125 0.6054962671874999 0.4745542625 0.6253368484374999 0.46949106562500004 0.636500115625 0.47848933281249995 0.6470654093749999 0.47957114687499997 0.6617325218750001 0.4703217609375 0.6628209671875 0.4466786328125 0.6539790437499999 0.41976499218749996 0.6444652453125 0.3919781671875 0.6170895453125 0.383601965625 0.6360398890625 0.4067853421875 0.6597303328125 0.4070751296875 0.678717628125 0.42151136093749997 0.680189040625 0.43178265 0.667356153125 0.4498641640625 0.67156883125 0.45477864375 0.690011903125 0.44111319375 0.6884497875 0.43719554531250004 0.7015917375 0.44173525937499997 0.7179654234375 0.451981478125 0.748462 0.4557716515625 0.7606969125 0.469790625 0.7685578937499999 0.48245541718750007 0.777634975 0.48582833281250004 0.7962594546874999 0.46807909687500004 0.8025751171875001 0.489533525 0.825412275 0.49940497656250005 0.853839465625 0.49950737812499996 0.8717920671874999 0.500401809375 0.8854244874999999 0.5165882359375 0.883519709375 0.5130453562499999 0.8987310453124999 0.5279800046875 0.91599496875 0.5246245093749999 0.932241 0.5285808234375 0.949740084375 0.5325583828125 0.9630096874999999 0.5432643515625 0.9786577453125 0.5479914453125 0.9960661234374999 0.5531244875000001 1 1 1 1 0.46475211875 0.9930982234375 0.459375 0.537483534375 0.459375