0 0.43131992031250005 0 0.43314192812499996 0.0081236828125 0.44205643125 0.0145773078125 0.4513151890625 0.012711139062499998 0.45472751562499997 0.0034218703125 0.453700059375 0 0.43131992031250005 0
0 0.146902028125 0 0.1477495421875 0.007718185937499999 0.14791319218750001 0.0108449328125 0.1569198375 0.033956345312500004 0.162111671875 0.028872459375 0.158951459375 0.013184143749999998 0.15930154218749998 0 0.146902028125 0
0 0.4371107890625 0.1435432484375 0.429866696875 0.13921050625 0.4206079375 0.1410766765625 0.41942847499999997 0.14833602968749998 0.4190296703125 0.155613578125 0.42482155468749994 0.1619944296875 0.4332996578125 0.16011006249999998 0.4416686625 0.1561412015625 0.44066980781250004 0.1519540140625 0.4371107890625 0.1435432484375
0 0.3375142640625 0.14746791406249998 0.333048534375 0.1515277453125 0.3264590390625 0.1597019890625 0.3255523265625 0.1721725875 0.3282215921875 0.17848066093749998 0.3344668296875 0.1786262140625 0.3422733796875 0.178808153125 0.342890384375 0.1756996 0.3463027109375 0.16641033125 0.35267400625 0.15406709062499999 0.3585919453125 0.14795914999999998 0.364509884375 0.141851209375 0.3671585125 0.11797045625 0.3562838953125 0.118757990625 0.348477346875 0.11857605 0.3401083421875 0.12254491249999999 0.3401628921875 0.1235871609375 0.34265154999999997 0.14134177812499998 0.340527784375 0.14545619062499998 0.3375142640625 0.14746791406249998
0 0.1549707578125 0.1754838515625 0.15286395 0.16502497656249998 0.13837576406250002 0.15635949375 0.13167716875 0.162449240625 0.12831939375 0.17278075937499998 0.1298091953125 0.1863481890625 0.134656775 0.1895840984375 0.15026987187500002 0.189947978125 0.1553526078125 0.1827795921875 0.1549707578125 0.1754838515625
0 0.6234535859375 0.3966797625 0.613523271875 0.4006122375 0.61199955625 0.4161913859375 0.61477791875 0.42458395937500004 0.62872060625 0.42282695312499996 0.634583996875 0.41567676249999996 0.635599809375 0.4052906625 0.6336566484375 0.397958534375 0.629698825 0.396825315625 0.6234535859375 0.3966797625
0 0.6890625 0.5296875 0.6890625 0.5112026328125 0.6847714671875 0.5105344015625 0.6720458328125 0.5206475937499999 0.6739627234375 0.5296875 0.6890625 0.5296875
0 0.6425705749999999 0.5296875 0.638586771875 0.52194975 0.628673415625 0.5113089343749999 0.6207032156250001 0.5080002484375 0.6135512656250001 0.52032529375 0.6140412703125 0.5296875 0.6425705749999999 0.5296875
1 0 0.5296875 0.535078971875 0.5296875 0.5327450078125 0.5257288640625 0.522580628125 0.51300024375 0.5183670125 0.49208249375 0.5099058640624999 0.47939356718750004 0.49768813593749994 0.48431370781250005 0.48348965625 0.4662861828125 0.47804202812499996 0.45158553437500004 0.46783896562500005 0.450306765625 0.46769227343750003 0.432606728125 0.45394714843750006 0.40834390468750004 0.443761040625 0.392491846875 0.433793134375 0.3808087828125 0.42178992656250003 0.3451358015625 0.4222056890625 0.323284965625 0.4157046578125 0.30335487968749997 0.40555614375 0.303118359375 0.4031972234375 0.3176370671875 0.395336125 0.316412878125 0.37908538593749996 0.2889687265625 0.383677171875 0.27242010156249996 0.37331045937499996 0.26801458437500003 0.36811862500000003 0.27309847187499997 0.37523298125000004 0.2451578875 0.36682638437500004 0.2335112109375 0.348997378125 0.2206039578125 0.345131696875 0.236128528125 0.34584084531250003 0.2496777625 0.3424830703125 0.2600092796875 0.33512987656250004 0.25359204062499996 0.3381603546875 0.23700703125000003 0.331751465625 0.23373473281249998 0.32594262500000004 0.24192717031250002 0.3144510015625 0.24582325625 0.2996355140625 0.2309042828125 0.295677690625 0.2297710640625 0.29179137499999996 0.21510680624999998 0.2793008953125 0.21481570312499998 0.270751284375 0.23023110624999998 0.271024034375 0.23544234999999997 0.26555945 0.23531499375 0.2632889921875 0.2217293703125 0.2557345578125 0.1965698484375 0.248108615625 0.18494136562500002 0.2336580203125 0.191891421875 0.2340774625 0.21480270156249998 0.2226949390625 0.220783284375 0.212437325 0.218462265625 0.2013275515625 0.22965409375 0.1976594328125 0.2191588296875 0.18756547031249998 0.21996455625000003 0.18024986875 0.22916285625000002 0.16988855 0.22288029687500002 0.1600544484375 0.2280473109375 0.1420797125 0.2321252296875 0.130425403125 0.22825614375 0.1201524875 0.237909771875 0.1067575765625 0.23939632500000002 0.0948383203125 0.2562065265625 0.08432975937500001 0.26135782343749997 0.07694319375 0.2746761921875 0.058732815625000004 0.27425177968750003 0.049870596875 0.2722465 0.032555671875 0.288930953125 0.015726690625 0.3020292578125 0 0.3170974171875 0 0.5296875
0 0.566394946875 0.46235950312499996 0.5585988703125 0.4549828640625 0.548826546875 0.44845953281249995 0.5460198046875 0.459186534375 0.551103396875 0.4790911109375 0.5533152875 0.48274013125000004 0.56613 0.4830387921875 0.566394946875 0.46235950312499996
0 0.1524290578125 0.198190446875 0.1546734296875 0.215330746875 0.1640215890625 0.21374987812500001 0.170969340625 0.20491812187499997 0.1706394375 0.1986148578125 0.1697293328125 0.19409680625 0.16149444375 0.19120678124999999 0.1524290578125 0.198190446875
0 0.0171310296875 0.21302455 0.00445770625 0.21542728906250003 0.0012592796875 0.23154137187499998 0.0014802734375 0.2486345140625 0.0035507796874999996 0.2495821390625 0.022827300000000002 0.24463518906249998 0.0263231515625 0.22133309375 0.0205975796875 0.214904078125 0.0171310296875 0.21302455
0 0.134548584375 0.2040693 0.135600075 0.21128875156250002 0.14620289375 0.2079383875 0.157056009375 0.196499546875 0.14535457031250001 0.1917299921875 0.135143434375 0.18969327656249999 0.1339359046875 0.1923632375 0.134548584375 0.2040693
0 0.4462165359375 0.27698690625 0.433448953125 0.2775887125 0.4306422125 0.28831571562499997 0.431113503125 0.29732038125 0.4529936015625 0.29063537500000003 0.4531967671875 0.281646428125 0.4462165359375 0.27698690625
0 0.6890625 0.1210275359375 0.694458928125 0.12510739375 0.704951696875 0.11702412031250001 0.700393825 0.104426165625 0.6890625 0.09924007343749999 0.6890625 0.1210275359375
0 0.918918159375 0.4957217265625 0.9286302718750001 0.48762025781249996 0.940411603125 0.47436212656250004 0.92067703125 0.46973828281249996 0.9072967984375 0.46734448906250003 0.9028856187500001 0.47244656718750005 0.8974586265625 0.48793474843749995 0.900291540625 0.49736956875000005 0.9065367796875 0.4975151203125 0.918918159375 0.4957217265625
0 0.9016685656250001 0.46409038437500005 0.8913564031250001 0.460727115625 0.886945221875 0.465829196875 0.886655515625 0.47519124062499996 0.88809076875 0.4877164203125 0.8906509328125001 0.49193999843749997 0.893156546875 0.49512132500000006 0.8998551421875 0.4890315796875 0.9016685656250001 0.46409038437500005
0 0.8704799624999999 0.4789781640625 0.8691914031250001 0.48415301875 0.8705175562499999 0.4945937015625 0.8841159875000001 0.5011564921875 0.8874737640625 0.4908249734375 0.8830249921875 0.48031151562499996 0.8806284765625 0.47921468437500003 0.8704799624999999 0.4789781640625
0 0.9794333109375 0.340985478125 0.9752948796875 0.351298803125 0.9728268578125 0.3637330109375 0.9869877453125 0.36614500156249996 0.9992600250000001 0.362267109375 0.997098665625 0.350765984375 0.990924934375 0.3370893921875 0.9794333109375 0.340985478125
1 0.1536207671875 0.5296875 0.1445250515625 0.543691215625 0.1235939765625 0.5468774359374999 0.088204978125 0.571770925 0.06042002656249999 0.6017403531250001 0.047927290625 0.62594278125 0.029282285937500003 0.6377550359375 0.018498031249999998 0.659547925 0.0059134578125 0.6747358015625 0.006675259375000001 0.6965509484375 0.0225573609375 1 0.6373335640625 1 0.6414877234375 0.9777878109374999 0.6322792703125 0.942057496875 0.620937378125 0.9356697671875001 0.6241375375 0.8916558921875 0.6198862796875 0.8805346999999999 0.6271893937499999 0.8623347140625001 0.6452368609375 0.8566319328125 0.6364776437499999 0.8294848437500001 0.627165115625 0.8268184484375001 0.616697415625 0.802080903125 0.5955738125 0.8015885953125 0.6187666765625 0.7715121453125 0.6631030953125 0.7247829546875 0.593584346875 0.76357716875 0.581837446875 0.766977434375 0.57963550625 0.7424325281249999 0.567800153125 0.7090903515625 0.5642747859374999 0.6943120359374999 0.5674549921875001 0.667443209375 0.54784734375 0.660862834375 0.5439611953125 0.6742437375 0.50724444375 0.6562425046875 0.5181570515625 0.636901965625 0.506494278125 0.624383359375 0.49481155781249997 0.6290098000000001 0.49607080468750003 0.6180170328125 0.5060207671875 0.5802838671874999 0.4842354515625 0.5846748546875 0.4795592390625 0.600486703125 0.4581589828125 0.6122347421875001 0.45121665 0.6022755109375 0.439381296875 0.5689333328124999 0.41983782343750004 0.5635791343750001 0.40448143124999997 0.5681199546875 0.38337777812499996 0.5504826031250001 0.3883131984375 0.5296875 0.1536207671875 0.5296875
0 0.6788931 0.79863171875 0.6715457578125 0.79846048125 0.6581545546875 0.805496459375 0.6617441000000001 0.8215009500000001 0.6655461218750001 0.8240389203125 0.6781472625 0.819433884375 0.6862846671875 0.8171741749999999 0.6886548609375 0.8098813390625 0.686561321875 0.8049338296874999 0.6788931 0.79863171875
0 0.43803775 0.5296875 0.42827183281250003 0.5319340359375 0.4226130265625 0.546498303125 0.4233831421875 0.5612124015625 0.4363051640625 0.5627382421875 0.44649188124999994 0.547054825 0.4487979 0.5385358140625 0.4434344046875 0.5296875 0.43803775 0.5296875
0 0.7880427578125 0.54599405625 0.783450971875 0.562542678125 0.786174784375 0.569893003125 0.7971039531249999 0.57014771875 0.8068160671875001 0.5620462484375001 0.80605236875 0.5474547656250001 0.798917375 0.5452065234375001 0.7934527921875001 0.545079165625 0.7880427578125 0.54599405625
0 0.8124228625000001 0.9671171453125 0.810823959375 0.9514652187500001 0.8031810593750001 0.9544100249999999 0.797716475 0.9542826671875 0.7931416453125 0.9562580015624998 0.7898384203125 0.9676317687499999 0.7931792390625001 0.9718735390625 0.8075583249999999 0.978454521875 0.8124228625000001 0.9671171453125