0 0.0420861484375 0.36755895625 0.040732371875 0.362678625 0.0256325625 0.3587138515625 0.0091194796875 0.36407414375 0.0118270359375 0.3738348078125 0.018331857812499998 0.37925964218749997 0.02772150625 0.3794626578125 0.0344916234375 0.3762306171875 0.0420861484375 0.36755895625
0 0.1303865890625 0.4479513671875 0.14083619375 0.4411605859375 0.1415428328125 0.43649805312499995 0.1398654828125 0.426846290625 0.13689263125 0.42574249999999997 0.1224697140625 0.42421789531250004 0.11764224062499999 0.42844482343749996 0.11393300312500002 0.4391062640625 0.1180240859375 0.44664456250000006 0.12214492031249999 0.44708016562499997 0.1303865890625 0.4479513671875
0 0.148609215625 0.3898727390625 0.15664508593749998 0.385195421875 0.16526982031249998 0.37663266093750003 0.1630036046875 0.3708663390625 0.15626324062500002 0.3669956828125 0.1428705296875 0.36557997656249996 0.12888895312499998 0.368049715625 0.12724013125 0.37892895625 0.1318903328125 0.389684509375 0.141162209375 0.3906646125 0.148609215625 0.3898727390625
0 0.26864643125 0.32992403124999997 0.266851309375 0.3210493546875 0.26149446875 0.31495633437500004 0.256578971875 0.31285765312499997 0.24512890625 0.31243683906249997 0.238446815625 0.3219944890625 0.24448054218749998 0.3305276765625 0.2533991 0.3338390453125 0.26164076875000003 0.3347102484375 0.26864643125 0.32992403124999997
0 0.082679540625 0.30000200625 0.0904501171875 0.3039815640625 0.0935109921875 0.3114109625 0.10967075781249999 0.3083819375 0.1187665859375 0.296710821875 0.10219522656249999 0.28864280781249996 0.0905096140625 0.28977616875 0.082709290625 0.2928993078125 0.082679540625 0.30000200625
0 0.5299375328125 0.3393849953125 0.5209892265625 0.343176321875 0.5227545984375 0.359153696875 0.5259035 0.37290870468750004 0.5401206203125 0.368884790625 0.5441534296875 0.3629947828125 0.541887215625 0.35722845937500003 0.536089034375 0.3471410953125 0.5299375328125 0.3393849953125
1 0.5796875 0 0 0 0 0.16872627812500002 0.02113721875 0.1742762984375 0.0238447765625 0.1840369640625 0.036618871875 0.196440809375 0.0535138015625 0.20928025625000002 0.0660821 0.2161355828125 0.08324232499999999 0.2203181546875 0.0961341921875 0.2319449125 0.112352234375 0.24234419375 0.1136762640625 0.25432722343749997 0.12038688125000001 0.2653005796875 0.119886040625 0.27551163125 0.1427861734375 0.2763532625 0.1572673671875 0.291306175 0.161240678125 0.2996215625 0.18837941875 0.30012170625 0.2198745359375 0.2995032765625 0.23991958750000003 0.29846402968749997 0.2546958265625 0.29765736875000004 0.284130528125 0.2968211375 0.2851309875 0.3040327359375 0.2788902390625 0.317584728125 0.28230443437499997 0.3226828625 0.2973162171875 0.320322025 0.31129779375 0.31785228593750003 0.3165963578125 0.3105170015625 0.32327845 0.300959353125 0.3276348296875 0.2998407765625 0.3396142625 0.3105815453125 0.3366116625 0.316580453125 0.3349628390625 0.32745969218750004 0.3467364765625 0.3326519421875 0.3549781421875 0.33352314375000003 0.3712854296875 0.3226143328125 0.3732875703125 0.3094038265625 0.3887109484375 0.3181400296875 0.40381075781250003 0.3221048015625 0.402868571875 0.3283215109375 0.39333140312500003 0.3359982828125 0.3777307515625 0.3422445625 0.37449260624999997 0.3497976484375 0.37996721875 0.35511358125000003 0.395743915625 0.3615185203125 0.4182027046875 0.3583658078125 0.42877008437499997 0.3507979375 0.440102378125 0.3519958421875 0.46156070624999995 0.3416315328125 0.450847028125 0.3294454875 0.4539674015625 0.322669490625 0.46223881875000006 0.316437996875 0.474395521875 0.31219628125 0.49205658750000003 0.3061678 0.5020351015625 0.30248537343750004 0.5132793703125 0.29735766875 0.5238170015625 0.2968924953125 0.5395056734375 0.2969718234375 0.5491308687500001 0.2956206609375 0.5519276734375 0.2840732328125 0.5475130187499999 0.27176350312499997 0.5518693984375 0.2706449265625 0.5554013656250001 0.274965971875 0.564114125 0.2727288203125 0.5711197890624999 0.2679426015625 0.5766538999999999 0.25905314062499996 0.5796875 0.2384374015625 0.5796875 0
0 0.5796875 0.2632907828125 0.5822103078125 0.2637075078125 0.590599496875 0.25669892656250004 0.59007013125 0.24637897187500002 0.5801213640625 0.242958703125 0.5796875 0.242912840625 0.5796875 0.2632907828125
0 0.6771940609375 0.3069085671875 0.6753989390624999 0.2980338921875 0.663625303125 0.29284164375 0.6471122171875 0.2982019359375 0.6499375484375001 0.3071855109375 0.6511735546875 0.31284293124999996 0.6589441296875 0.316822490625 0.6653609265625 0.315921715625 0.6771940609375 0.3069085671875
0 0.663539721875 0.23124862968749998 0.66465795625 0.237683140625 0.6714863484375 0.24787940625 0.69815399375 0.2514879046875 0.7038058781250001 0.24182135468750002 0.704424490625 0.230833215625 0.6868229234375 0.2226562984375 0.6695151781249999 0.22635351250000002 0.663539721875 0.23124862968749998
0 0.7951138078125 0.2056800515625 0.7825157593750001 0.2059274234375 0.7805433671875 0.21203523125 0.784163359375 0.2226818859375 0.7928463703124999 0.22754743125000002 0.8060332812500001 0.223414615625 0.8118909640625 0.2192965875 0.8088300859374999 0.2118671875 0.7951138078125 0.2056800515625
1 1 0 0.5796875 0 0.5796875 0.0673939203125 0.5815419765625001 0.06783142656249999 0.5796875 0.071858484375 0.5796875 0.08641642968749999 0.5904593109375 0.0987764984375 0.6172447296875 0.101607909375 0.6381712484375 0.1361910515625 0.660306465625 0.1282669078125 0.66109990625 0.1575636875 0.6667803140624999 0.1684281421875 0.6771121484375 0.162414446875 0.703426478125 0.1683542140625 0.7028078625 0.179342353125 0.716641915625 0.18475240312500002 0.7257079937500001 0.1801839859375 0.757027065625 0.1669143359375 0.772214896875 0.1772047171875 0.7986469984375001 0.1823673921875 0.815895246875 0.19287557500000002 0.829641275 0.19196001406250002 0.862607946875 0.1954448265625 0.8611649203124999 0.2118725875 0.8825637515625001 0.21571367343749998 0.902226959375 0.1964746890625 0.9231546999999999 0.203424128125 0.934663040625 0.21727325 0.9227121328125 0.2270634875 0.93763466875 0.24601074375 0.9721323906249999 0.2393934046875 0.9952978171875 0.2315781609375 1 0.222914596875 1 0
0 0.0841382171875 0.6965200453125 0.092321609375 0.683962940625 0.0947650953125 0.6747467796875 0.0845807828125 0.6728806859375001 0.07610357031250001 0.6735636609375 0.067037490625 0.6781320765625 0.0666544234375 0.687566040625 0.070627734375 0.695881428125 0.0841382171875 0.6965200453125
0 0.128052890625 0.738270428125 0.1337927984375 0.7349294875 0.14091623281250001 0.7293661796875 0.1391211109375 0.7204915062499999 0.13087944375 0.7196203015625 0.11507299687500001 0.7203180625 0.11183485156249999 0.727871146875 0.11719169062499998 0.73396416875 0.128052890625 0.738270428125
0 0.1070668765625 0.71789268125 0.12322664218749999 0.71486365625 0.1260234453125 0.703316228125 0.121932359375 0.695777928125 0.110276496875 0.6898085921874999 0.101651759375 0.6983713515625001 0.09576433281249999 0.7095920781249999 0.074246503125 0.734161784375 0.1070668765625 0.71789268125
0 0.0750994421875 0.7492531687499999 0.0922013921875 0.7400074359375 0.09658751875 0.7317861609375 0.09226088906249999 0.7258020390625 0.08192905624999999 0.7318157328125 0.0693012609375 0.7391658031249999 0.0674168921875 0.7515992203125 0.0750994421875 0.7492531687499999
0 0.0469875484375 0.7897061328125 0.06588461875 0.7893350734375 0.0797781703125 0.7805397265625 0.0716840234375 0.7717887375 0.056907787499999994 0.772595396875 0.03936449375 0.7778467875 0.0243229625 0.787310325 0.0253234203125 0.794521921875 0.0469875484375 0.7897061328125
0 0.22727036093750003 0.8916648078125 0.23186228749999999 0.88899205625 0.2371608484375 0.8816567718750001 0.22506364531249998 0.8716930921875001 0.21187673125 0.8758259078125 0.2042822046875 0.88449756875 0.2060773265625 0.89337224375 0.21579054375 0.8983466906250002 0.22727036093750003 0.8916648078125
0 0.4410577671875 0.8139923359375001 0.4494754828125 0.8275147578125001 0.4621615546875 0.8335929953125 0.4675481421875 0.8325833203125 0.46875562187500003 0.8177097359375001 0.46560672187499996 0.803954728125 0.4474162875 0.7996632546875 0.4410577671875 0.8139923359375001
0 0.24319824531249998 0.8072888546874999 0.23642812968750002 0.8105208953125 0.235485946875 0.8167376031250001 0.24048946718750003 0.825161890625 0.2553834765625 0.8235781421875 0.2613886796875 0.8115803265625001 0.24319824531249998 0.8072888546874999
0 0.2555607484375 0.8085956578125 0.26359661874999996 0.8039183421875 0.2636263671875 0.7968156453125 0.253589578125 0.787069765625 0.24225728281249997 0.7858718609374999 0.23030637812500002 0.7956620984375 0.228687303125 0.7994386406249999 0.23634010625 0.8041952859375 0.2555607484375 0.8085956578125
0 0.5498160750000001 0.876808840625 0.5604714796875 0.875566578125 0.555821278125 0.8648110234375 0.54978755 0.8562778359375001 0.5396329875 0.8473090453125 0.5194701609375 0.84912538125 0.52208969375 0.8525604359375001 0.5337158078125 0.8656324703125 0.5371300031249999 0.870730603125 0.5498160750000001 0.876808840625
0 0.5478746531249999 0.8481802484375001 0.5559985468749999 0.8498285390625 0.560826021875 0.8456016109375 0.5644174859375 0.8357172593750001 0.551731415625 0.829639021875 0.544019115625 0.8390877718749999 0.5478746531249999 0.8481802484375001
0 0.5338645515625 0.83011898125 0.5276238046875 0.843670975 0.532745096875 0.8513181750000001 0.539367690625 0.8559659203125 0.5480804515625 0.8537287687500001 0.5501706171875 0.8468438718750001 0.54769860625 0.8355290296875 0.5338645515625 0.83011898125
1 0.5796875 0.4796875 0 0.4796875 0 0.484660334375 0.000052749999999999995 0.48472033437500006 0.011207771875 0.5009007234375 0.0019941703125000002 0.5133489250000001 0.012678101562499999 0.53263766875 0.00999906875 0.5434080078125 0.01947674375 0.5499366328125 0.03357486875 0.5743235078125 0.01338229375 0.5832425406249999 0.0245968140625 0.5852175328125 0.0444360703125 0.5786297671875 0.0462311921875 0.5875044421875 0.0434343890625 0.5990518703125 0.054060042187500004 0.6049123062499999 0.061123979687499996 0.6135543968749999 0.0544716359375 0.6160093484375 0.04234468125 0.613148365625 0.0366927984375 0.622814915625 0.0409599296875 0.6430044328125 0.05023180625 0.6439845359375 0.0748687859375 0.6402725375 0.09023388906249999 0.635580434375 0.1021252984375 0.6399955937499999 0.10253689218749999 0.6510926343750001 0.1204917796875 0.6569382859375 0.117577203125 0.6692628015625 0.12487668593750001 0.6763507140625 0.12402252656249999 0.6888930312499999 0.13600195937499998 0.6996337984375 0.1384739703125 0.710948640625 0.16611232812500001 0.7288714359374999 0.1837138953125 0.7370483515625 0.219535646875 0.7424140421875001 0.22362673125 0.7499523421875001 0.2415816171875 0.75579799375 0.248705053125 0.7502346875000001 0.26253910468749997 0.7556447343749999 0.263892884375 0.7605250671875 0.2512650875 0.7678751375 0.2561210859375 0.7841792109375 0.27454706562500003 0.7869165078125 0.269572071875 0.7990232234375 0.280403525 0.8104321796875 0.293354890625 0.8078535421874999 0.306689325 0.795840940625 0.324703709375 0.7874811953125 0.33965599687500003 0.799325753125 0.36314499218749996 0.7962819421875 0.376391403125 0.7779437328125001 0.3903432296875 0.782576690625 0.385044665625 0.7899119750000001 0.3962294359375 0.7989896671875 0.41754024375 0.7965051437499999 0.44629805625 0.7932287453125 0.47299545312499996 0.7897345453125 0.4784117890625 0.7816221734375001 0.49145117968749996 0.7853691453125 0.5109668640625 0.7740099453125 0.5242120531250001 0.7833054374999999 0.5381638796875 0.787938396875 0.550644153125 0.7884681125 0.5561187671875001 0.793784046875 0.578607303125 0.7835286390625 0.5796875 0.7834531375 0.5796875 0.4796875
1 1 1 1 0.4796875 0.5796875 0.4796875 0.5796875 0.9327575421875001 0.581441740625 0.9352008421875 0.60107150625 0.957050178125 0.62721435 0.9647572296875001 0.64847275625 0.9686522296875001 0.66171305625 0.9749954546874999 0.6765511109375 0.9707963968750001 0.68290963125 0.99371468125 0.6771908859375 1 1 1