0 0.07717980468749999 0.596578090625 0.084617734375 0.6002095109375001 0.10008449999999999 0.601263678125 0.104536703125 0.5868167015625 0.0970915796875 0.571849490625 0.07449552968749999 0.58484185 0.07717980468749999 0.596578090625
1 0.41875 0 0 0 0 0.25201498437500003 0.029386610937500002 0.27331637343750004 0.013039478125 0.291021709375 0.020781256249999998 0.30477388125 0.033568545312499996 0.3016490046875 0.02911394375 0.3123173828125 0.00831700625 0.34824829375 0.03092025 0.346591725 0.04013090625 0.33159712343750003 0.0645140703125 0.3226503265625 0.06838735781250001 0.33330500937499996 0.07019366406250001 0.3675793515625 0.0877466 0.3752426390625 0.10410332656250001 0.3726516921875 0.1195820859375 0.392598846875 0.10294549687500001 0.4228550125 0.1205008296875 0.4342969 0.133876628125 0.42118475 0.13151059375000002 0.442240846875 0.1496544390625 0.4436954625 0.163025440625 0.4230261203125 0.18385355781249998 0.43621697499999995 0.20556924062499998 0.44198411875000004 0.22640455468749998 0.4665107640625 0.2448354578125 0.451635953125 0.26268984375 0.46564139843749996 0.279340825 0.4580568140625 0.288264421875 0.459391640625 0.3102671609375 0.4488293578125 0.3367340984375 0.4427130828125 0.3512989078125 0.42851937968750003 0.3727131375 0.427944365625 0.4146372453125 0.40776786875 0.41875 0.40478327187499996 0.41875 0
0 0.257957778125 0.5077535921874999 0.24427093437499997 0.499409196875 0.229402271875 0.5034821453125 0.22436156093749998 0.5279163953125 0.2329932984375 0.5380234546875 0.24310590625 0.5382767265624999 0.2508356921875 0.5331359109375 0.257957778125 0.5077535921874999
0 0.161889196875 0.507236815625 0.1603987328125 0.5019762140624999 0.147908096875 0.50388605625 0.1375084296875 0.5199622125000001 0.14673347812499998 0.5276391953124999 0.15476471249999998 0.5288405390625 0.161898790625 0.5223512046875001 0.161889196875 0.507236815625
0 0.0836222328125 0.43759634218750004 0.09283768437499999 0.4301589359375 0.09788559375 0.41706048281249997 0.0955003703125 0.40788780312500006 0.08390209531250001 0.40993112343749993 0.07468904374999999 0.4211471265625 0.07231581249999999 0.43086743437499997 0.07410293125 0.43491299687499996 0.0836222328125 0.43759634218750004
0 0.0800240109375 0.39171924375 0.0835838546875 0.37713878749999996 0.071387475 0.37405499062500003 0.056822662499999996 0.38824869375 0.052069009374999996 0.396353515625 0.0550499359375 0.406874715625 0.07021765156250001 0.405365325 0.0800240109375 0.39171924375
0 0.9305838921875 0.61875 0.931411321875 0.6127139781250001 0.9326680218749999 0.60112645 0.925841471875 0.6001053078125 0.9154765874999999 0.6006958890625 0.9099189703124999 0.6073580656249999 0.9064082562500001 0.61875 0.9305838921875 0.61875
0 0.6216134453125 0.44861808437499995 0.6120070671875 0.449322125 0.6016401421875 0.4467009 0.5943153984375 0.457380746875 0.5981140421875 0.4675834703125 0.6077224609374999 0.47009123593749996 0.6208692109375 0.47098727812499996 0.6297068890624999 0.4541107359375 0.6216134453125 0.44861808437499995
0 0.45979755781250004 0.422272021875 0.47267788125 0.40171819218750004 0.46913139062500003 0.3904826859375 0.46508059062499996 0.3813127421875 0.4466283796875 0.38604609375 0.4362736890625 0.4026957140625 0.43779885781249994 0.415769865625 0.45145603593750006 0.42423576562500004 0.45979755781250004 0.422272021875
0 0.837526565625 0.069842871875 0.8519422500000001 0.0784222328125 0.8617987453125 0.0734736 0.8749373406250001 0.06152241093750001 0.8734101359374999 0.045236453125 0.8605155390625001 0.0433076265625 0.8536869515625 0.039074678125 0.8402941609374999 0.048846840625 0.837526565625 0.069842871875
0 0.6690798593749999 0.35080920781249997 0.70674890625 0.3510913890625 0.7153364671875 0.3384594390625 0.7112836296875 0.3260776890625 0.6940983109375 0.33528254999999996 0.6673045765625 0.341979646875 0.6690798593749999 0.35080920781249997
0 0.7277328671875 0.3520892515625 0.7183704890625 0.338913278125 0.705233934375 0.35407627656249996 0.7166155953125 0.362201796875 0.7257176624999999 0.36356331875 0.7277328671875 0.3520892515625
0 0.7565356921874999 0.3242826640625 0.738839946875 0.32591766875 0.7383437921875 0.3408304640625 0.7487107140625 0.343451690625 0.757554509375 0.3362105734375 0.7565356921874999 0.3242826640625
1 1 0.61875 1 0 0.9254786453125 0 0.9436684171875 0.0086439234375 0.9249762828125 0.0336809046875 0.8999537531249999 0.0427839453125 0.88683146875 0.080429596875 0.861829328125 0.12165071718750001 0.8418845718749999 0.1646988390625 0.8418927265625001 0.1775460703125 0.826246846875 0.22230773906249998 0.844699059375 0.21757438750000002 0.8363697703125 0.23880897812500002 0.825762925 0.2564913796875 0.8310806187499999 0.270132834375 0.815416390625 0.28598823125 0.7944426234374999 0.3010494078125 0.7931900000000001 0.3190605515625 0.8045737015625001 0.330397878125 0.8038274281250001 0.34955526406250004 0.8167220234375 0.3514840890625 0.816982334375 0.3632985375 0.774524371875 0.38585103125 0.78186135 0.3944420328125 0.8038539328125001 0.391308765625 0.8212975234375002 0.39070654375 0.8296757453125 0.4465553375 0.8329680390625 0.45561181875 0.8210943 0.4688227125 0.831215184375 0.48211214375000006 0.8398088625 0.47911561562499994 0.8514426796875 0.486208353125 0.8585275015625001 0.4958321359375 0.8734536140625 0.51198135625 0.8547533234374999 0.5241711046875001 0.8608295234375 0.5379260171875 0.8772563359374999 0.528607696875 0.8722132234375 0.5492633453125 0.8575657718749999 0.57383484375 0.8782996187500001 0.579077296875 0.8868871796875 0.5664453468749999 0.9063459765624999 0.55436905625 0.914695653125 0.56525254375 0.9088919984375 0.5825829234375 0.9152203531249998 0.59530505625 0.90949623125 0.61875 0.9322962374999999 0.61875 0.9346954593749999 0.608923228125 0.9374671343750001 0.5943508125 0.94808825 0.5991510640625 0.9647374875000001 0.61875 1 0.61875
0 0.128205715625 1 0.12840645781249999 0.9988111453125 0.12764387500000002 0.9922740687499999 0.11854180781250001 0.990912546875 0.1104544796875 0.9950553156249999 0.10924722656250001 1 0.128205715625 1
0 0.21153894687500002 0.9320293625 0.2221580265625 0.93361780625 0.2277176796875 0.9301674390624999 0.23150613125000002 0.9243111234375 0.23377553125 0.9150160828124999 0.232504559375 0.9041209546874999 0.2264324359375 0.8967896578125 0.21808887656249998 0.8955415953125 0.212781375 0.8979591812500001 0.203185190625 0.9147222609375 0.20419992968749998 0.9202265546875001 0.21153894687500002 0.9320293625
0 0.168745234375 0.8239305218750002 0.16799080625 0.8302406796875001 0.1722937625 0.8383778375000001 0.182406490625 0.8388200390625 0.1894790796875 0.829172975 0.1935196859375 0.8222838796874999 0.1912400921875 0.8155198828125 0.18087112968750002 0.80968685 0.17354026875 0.8107312703125 0.1702581671875 0.817733828125 0.168745234375 0.8239305218750002
0 0 0.730176884375 0.0073928828124999995 0.731282740625 0.014719665625 0.723814703125 0.01446139375 0.7152120625 0.010414671875 0.7124657359375 0.0030838109374999997 0.7135101578125 0 0.716653421875 0 0.730176884375
1 0.41875 0.61875 0.131225859375 0.61875 0.14283371250000002 0.6273644109375 0.151177275 0.6286124734375 0.152710596875 0.6545338546874999 0.1580201359375 0.6553280781249999 0.157271825 0.6712736546875 0.156527590625 0.69364285 0.164881346875 0.71094995 0.1699489234375 0.72883599375 0.18057411875 0.7400598609375 0.18968434218750002 0.7542686171875 0.17907953593749998 0.7751628265624999 0.186414475 0.7805420171875 0.194755996875 0.7785782734375 0.1884459921875 0.7947624125 0.1856722796875 0.8061230203124999 0.1942741140625 0.8159737249999999 0.1942822703125 0.8288209562500001 0.206166203125 0.8316691015625001 0.2092124578125 0.8513937890625 0.20997708125 0.8611426718749999 0.2023981421875 0.8696434921874999 0.2163074765625 0.8770766109375 0.2216170140625 0.8778708328124999 0.2312315484375 0.890014021875 0.24134631562500003 0.89366803125 0.2423651328125 0.9055959390625 0.2509628875 0.9090230265624999 0.255253609375 0.897889340625 0.25954841093750003 0.89317926875 0.268398321875 0.895573575 0.258045671875 0.915435003125 0.26260690000000003 0.9321748031249999 0.27701850625 0.9343305484375 0.286879078125 0.93580553125 0.297492040625 0.9277585531250001 0.2997634796875 0.9216753171875001 0.30659002968750004 0.9226964609374999 0.3098802859375 0.9285411343749999 0.30685645781250004 0.9441463328124999 0.3023135796875 0.9563128015625001 0.3225308796875 0.9443499718750001 0.3422499875 0.94408813125 0.35590105 0.9429186093749999 0.36930199531249996 0.9459936750000001 0.365011271875 0.9571273625 0.3779058671875 0.9590561875000001 0.37817025625 0.9772942499999999 0.3918253953125 0.9825483437500001 0.40749370156250003 0.9731165609375001 0.417350196875 0.9681679296875 0.41875 0.96769325 0.41875 0.61875
1 1 0.61875 0.6245390921875 0.61875 0.6253436109375 0.6299645609375 0.6326948625 0.661038215625 0.638008478125 0.668256053125 0.5990908859374999 0.69240863125 0.567752234375 0.7080603890624999 0.61400884375 0.69571061875 0.6405504234375 0.6900463046875001 0.6526885515625 0.6950734765625001 0.66407836875 0.716046228125 0.66863551875 0.7263624125 0.6835493984375001 0.7232407859375 0.6961918359375 0.7262023937500001 0.7068149921875 0.7342144515625 0.7002507921875 0.748219565625 0.7010154140625 0.7579684484375 0.7113864140625 0.767013290625 0.7172063812499999 0.7753773703125 0.7119070359374999 0.7906421859374999 0.71469298125 0.798552425 0.732390765625 0.8001292296875 0.738963121875 0.7989713468749999 0.7553940125 0.796076640625 0.757669528125 0.7964170203125 0.76500650625 0.8050080203125001 0.7604615890625 0.8139626828125 0.757433684375 0.8231442640625 0.7627534171875 0.839997525 0.7812117453124999 0.8448995984375 0.7870215187499999 0.8372046375 0.7983970640625 0.8356947343750001 0.81432568125 0.8380774000000001 0.8292415984375001 0.8381675796875001 0.840873378125 0.8420485093749999 0.85756865625 0.8573918656250001 0.8820889109374999 0.853566196875 0.8927039140625 0.8487310265625 0.8894299671875 0.8685808140625 0.9048563140624999 0.8762408531249999 0.9164880921874999 0.88012178125 0.9238128374999999 0.8694419359375001 0.9270928984375001 0.8592275718749999 0.945543071875 0.8512824109375 0.9561601109375001 0.8496590484375 0.9665168390625001 0.8362212359375001 0.9809223296875 0.8287415578124999 0.9958362078124999 0.82561993125 1 0.8267936421875 1 0.61875
0 0.484688428125 0.61875 0.4782057578125 0.6272241140625 0.47821187500000006 0.6368595375 0.4847862703125 0.6389134624999999 0.4931257546875 0.6337379109375 0.50070469375 0.625237090625 0.5052994296875 0.61875 0.484688428125 0.61875
0 0.622828171875 0.649927809375 0.614986884375 0.6434023734375 0.607401828125 0.6422677718750001 0.6000730046875 0.6465240015625 0.60058343125 0.654093859375 0.6033693765625 0.6620040984375 0.6091873046874999 0.6671563703125 0.6175308656249999 0.6684044328125001 0.62409914375 0.6608229359375 0.622828171875 0.649927809375
0 0.666362040625 0.7292338390624999 0.6648409515625 0.722583303125 0.6570017015625 0.7192696749999999 0.6448717281249999 0.727089734375 0.642095978125 0.735238534375 0.6448819218749999 0.7431487734375001 0.6474116343749999 0.7456681796875 0.6522168625 0.748527965625 0.6562615453125 0.7480624859375 0.66106065625 0.7412868484375 0.666362040625 0.7292338390624999
0 0.5979707890625 0.9191872765625 0.6042889515625001 0.9158503687499999 0.6080774015625 0.909994053125 0.6100926078125 0.8985199859375002 0.6052873796875 0.8956602015625 0.5992172953125 0.8915407109375 0.5946662625 0.8908599484374999 0.5880979828124999 0.8984414468749999 0.5848179234375 0.9086558109375 0.58558050625 0.9151928874999999 0.5926612515625 0.9183930546875001 0.5979707890625 0.9191872765625
0 0.7480774218749999 0.8196037171875 0.741505065625 0.8207616 0.7311442593749999 0.827775796875 0.7303918703125 0.8372977593750001 0.7321651156250001 0.8429155125 0.7387415484375 0.8481812468750001 0.7450597109375 0.8448443375 0.75086744375 0.8339375718750001 0.7531348062500001 0.8214307203125 0.7480774218749999 0.8196037171875
0 0.7966584796875 0.8846777140625001 0.7895797734375 0.884689353125 0.78124640625 0.8995003296874999 0.785047090625 0.9129148609375001 0.7880831500000001 0.9165805109375 0.794657546875 0.9186344343750001 0.797435334375 0.9136974421874999 0.804251690625 0.8986595453125 0.8044977296875 0.8879913406250001 0.7966584796875 0.8846777140625001
0 0.7585055109375001 0.918579175 0.7630585828124999 0.9224717453124999 0.7673574609375 0.9241852875 0.7724168828125 0.9292241000000001 0.7807563671875 0.9240485484375001 0.775436634375 0.9071952859374999 0.766840915625 0.9069800078125001 0.7585055109375001 0.918579175
0 0.869228978125 0.9062381046875 0.8667114999999999 0.92298954375 0.874302671875 0.9337595703125 0.888207928125 0.9347690734375 0.8902292515625 0.9329304281249999 0.8972998015625 0.9200715578124999 0.8962809859374999 0.9081436484375001 0.8899546671875 0.8986333265625 0.8752888671874999 0.8942985562500001 0.869228978125 0.9062381046875
0 0.8566313921875001 0.9739362671875 0.8553787703125 0.9919474109374999 0.8576583640625 0.99871140625 0.8654914984375001 0.9923896125 0.8725640875 0.98274255 0.8750836062499999 0.9692029156249999 0.8687593281249999 0.9629044 0.861428465625 0.9639488234375 0.8566313921875001 0.9739362671875