0 0.309375 0.5404233515625 0.30189487656249997 0.54005711875 0.296054384375 0.5449311703124999 0.29566019374999997 0.5575538843750001 0.30237281562499996 0.5620105421875 0.309375 0.565307459375 0.309375 0.5404233515625
0 0.108234046875 0.328948153125 0.118454909375 0.3204185625 0.1177798765625 0.3047764953125 0.11116415625 0.3013565828125 0.10094658281249999 0.301501325 0.09559060312499999 0.311559103125 0.09325177500000001 0.3202166015625 0.094027 0.328510565625 0.108234046875 0.328948153125
0 0.1028370671875 0.195426771875 0.092034784375 0.1977358890625 0.081329403125 0.2010817515625 0.0740287859375 0.20717431562500002 0.076260846875 0.222634615625 0.08307037187500001 0.22812801875000002 0.0885199640625 0.22749183281250002 0.0946511671875 0.22572801875 0.09981005 0.221981596875 0.1061383484375 0.213906425 0.109840396875 0.20299366874999997 0.1028370671875 0.195426771875
0 0.84813089375 0.5653330734375 0.8530959718750001 0.5595131624999999 0.8472620546874999 0.5476175171875 0.8341275203125 0.5418144359375 0.8260451015625 0.5563827328125 0.8343114625 0.5690424703125 0.84813089375 0.5653330734375
0 0.8277713765625 0.372771059375 0.8362381171875001 0.37073459375 0.839743071875 0.36613319375 0.8412064828125001 0.3565298328125 0.8355663734375 0.3467076796875 0.8259335046875 0.344688046875 0.8231068718749999 0.356546665625 0.8277713765625 0.372771059375
0 0.8340602125000001 0.4653140609375 0.8381400093749999 0.48370282812500004 0.8433793546875 0.5229173921875 0.8456212781249999 0.5132231468749999 0.8541947890625 0.487068884375 0.857803225 0.466734534375 0.8588823109374999 0.44459934375000004 0.844865784375 0.454620096875 0.8340602125000001 0.4653140609375
0 0.39503636875 0.12144783750000002 0.38326176562500003 0.1217743453125 0.36915162343749996 0.12237350625000001 0.3700204625 0.1400890640625 0.3745913515625 0.14689186406250002 0.380525459375 0.15143940625000002 0.38675356562499996 0.1507123375 0.39726514062499996 0.145292984375 0.40884922343749996 0.1345081359375 0.414205203125 0.1244503578125 0.40671406718750003 0.12008458281250001 0.39503636875 0.12144783750000002
0 0.608956734375 0.0356874140625 0.6203404359375 0.039598771875 0.6274472484375 0.031432715625 0.626768925 0.0241754984375 0.622101134375 0.016335953125 0.6164577343750001 0.014898646875 0.6095480171875 0.01675334375 0.6065275796874999 0.026538471875000004 0.608956734375 0.0356874140625
0 0.8182075609374999 0.1946696234375 0.8190895546875 0.178845790625 0.8149095671875 0.167805125 0.8049859890625001 0.1626752546875 0.7990485921875 0.166512559375 0.79232939375 0.178825596875 0.7926168140625001 0.19032068124999998 0.8002048531250001 0.1957232 0.8098377218749999 0.197742834375 0.8182075609374999 0.1946696234375
0 0.752648234375 0.124766728125 0.748264575 0.13680711406249998 0.7569218375 0.1452289859375 0.767042509375 0.1440475 0.7732739046875 0.134935584375 0.7715263593749999 0.12465901093750001 0.7678308890625 0.1188020734375 0.752648234375 0.124766728125
0 0.903126240625 0.278033378125 0.9105237625000001 0.2729775609375 0.9077069953125001 0.2596816359375 0.8955447796874999 0.25586116406250003 0.884064175 0.2509130625 0.872870990625 0.2574600421875 0.8815249640625 0.27426676250000004 0.903126240625 0.278033378125
1 0 1 0.309375 1 0.309375 0.5796875 0 0.5796875 0 1
0 0.5232398375 0.87651479375 0.5124323734375 0.8842520890625 0.517720725 0.9004085234375001 0.5258160843749999 0.9061730156250001 0.5332911796875 0.905300371875 0.541546725 0.899304496875 0.5412416421875 0.8825663140625 0.5232398375 0.87651479375
0 0.6860483703125 1 0.6940737578125 0.9918228734374999 0.6907304859375 0.9748497562499999 0.681793825 0.975893021875 0.6754933484375 0.9875669359374999 0.676504709375 0.9983872671875 0.6800863015624999 1 0.6860483703125 1
0 0.5813615015625 0.65705404375 0.59216129375 0.6701958859375 0.6030880296875 0.6698314625 0.6117179593750001 0.6742932015624999 0.6145664546875 0.660834625 0.6099008359375 0.6460655187500001 0.6016787750000001 0.6371807890625 0.5869539671874999 0.6378059406250001 0.5813615015625 0.65705404375
1 1 1 1 0.5796875 0.6234860296875 0.5796875 0.623432015625 0.5799493328125 0.6333767171875 0.5984775359375 0.6300125109375 0.6327792859375 0.624726715625 0.6465223921875001 0.6254313437500001 0.662847728125 0.6192253578125 0.69310589375 0.6204389906250001 0.706090296875 0.6170848140625 0.71413866875 0.623071853125 0.72547204375 0.6299791484374999 0.720290353125 0.6341390812500001 0.7296492531250001 0.6341357625 0.7384003906250001 0.625094575 0.7471127046875 0.6184906921875 0.7555405281249999 0.614421921875 0.7735169749999999 0.6247744859375001 0.7876221484375 0.6229406796875001 0.803149996875 0.6235441703125 0.818393275 0.605974259375 0.8237259390624999 0.59906031875 0.8464098640625 0.5872784875 0.8521606078125 0.5922441265625 0.8789269125000001 0.613262703125 0.8841300890625 0.623116296875 0.875322896875 0.6405884000000001 0.8601571171875 0.663434134375 0.86733468125 0.6590618906250001 0.8820650046875 0.6652512578125 0.8955623640624999 0.66889880625 0.9170133421875001 0.6763017437500001 0.943495115625 0.6979238140625 0.9639416140625 0.72533396875 0.9848062328125 0.747074909375 1 1 1