0 0.5371411203124999 0 0.534027184375 0.0021272875 0.533724615625 0.0109773265625 0.53593696875 0.0214336578125 0.5477214499999999 0.0257307140625 0.559375 0.0205532390625 0.559375 0.0031710343750000003 0.5557730515625 0 0.5371411203124999 0
0 0.0434438421875 0.037602042187500004 0.051449198437499996 0.034317759375 0.052541892187499994 0.029202125000000002 0.050961640625000006 0.0217333171875 0.044121248437499996 0.015103503125 0.035167739062499995 0.013906499999999999 0.025437587499999997 0.0193188953125 0.0140683953125 0.0324047421875 0.0190259671875 0.0404157875 0.0288418734375 0.0405487328125 0.03936215 0.03887074375 0.0434438421875 0.037602042187500004
0 0.033614453125 0.02712529375 0.0293747359375 0.027647115625000003 0.026083170312499997 0.0326502203125 0.0195857953125 0.048201770312499996 0.0181047796875 0.056622104687499994 0.0243853421875 0.055465934375000005 0.0366304140625 0.051659831249999996 0.0426671984375 0.0442114390625 0.0405405984375 0.03930045 0.038572024999999996 0.0351363390625 0.0377818984375 0.031401934375 0.033614453125 0.02712529375
1 0.143930684375 0 0.13095642031250002 0.0040327546875 0.110403425 0.019973178124999998 0.0937606078125 0.0235542203125 0.09000844999999999 0.036660484375 0.078941825 0.0408962921875 0.042220087499999996 0.0626584 0.013892029687499998 0.07783152812500001 0 0.089317628125 0 0.49019664687500003 0.0040577609375 0.509375 0.5408245328125 0.509375 0.5565908 0.5045535125 0.559375 0.5027328984375 0.559375 0.07214016250000001 0.5509946765625 0.06690127343749999 0.559375 0.069812315625 0.559375 0.0411899515625 0.5559840703125001 0.039082456249999994 0.531421653125 0.051493120312499994 0.5282746296874999 0.0468993046875 0.5360362078125 0.0373228 0.52626560625 0.011703790625 0.5042903828124999 0.0209222890625 0.49894448750000003 0.0162159421875 0.5075684625 0.0055753828125 0.490135521875 0.0054220203124999995 0.48552096718750004 0.0195923390625 0.474296315625 0.023081267187499997 0.45519736875000005 0.0099137546875 0.45702816718749995 0 0.20858347031250002 0 0.2004578890625 0.008697784375 0.1864022671875 0.0090866578125 0.183918484375 0 0.143930684375 0
0 0.5711028875 0.08411729531249999 0.5869961515625001 0.08666899375 0.5997289140625 0.074283075 0.6054446 0.065014725 0.6061723859375 0.05636028125 0.604499178125 0.04845213125 0.591835578125 0.043023623437500005 0.5788160203125 0.048006928125 0.565525525 0.0577567953125 0.5675705578125 0.0674223109375 0.5711028875 0.08411729531249999
1 0.8195869343750001 0 0.8137892687499999 0.0096202265625 0.7932107640625 0.027254223437500003 0.76762849375 0.033332951562500004 0.7467631906250001 0.043564334375 0.74526003125 0.024365690625 0.7030725734375001 0.0487163390625 0.6840346671875001 0.0433962015625 0.6486942296875 0.0759197796875 0.625985665625 0.089533509375 0.6106659999999999 0.1017870375 0.591643953125 0.1086360765625 0.5760374890625 0.1134869921875 0.5718090984375 0.129784809375 0.559375 0.1417454984375 0.559375 0.509375 1 0.509375 1 0.0138213921875 0.9942141249999998 0.009727459375 0.9119058171875001 0.013772317187499999 0.9187099609375 0 0.889795753125 0 0.8877791187499999 0.002542153125 0.8816213828125001 0 0.8195869343750001 0
0 0.559375 0.547922790625 0.5483981109375 0.5502399437500001 0.5424470796875001 0.5632336765625 0.538220846875 0.5740992968749999 0.54701633125 0.57454941875 0.559375 0.5667186265625 0.559375 0.547922790625
0 0.559375 0.6363016781249999 0.546149078125 0.6321309421875 0.532811309375 0.6410526796875 0.53133029375 0.6494730140625 0.5313437765625 0.6598168156249999 0.539823209375 0.658773175 0.5565382953125 0.6503936734375 0.559375 0.649261775 0.559375 0.6363016781249999
0 0.4122617359375 0.6315588062499999 0.4212875171875 0.6279573484375 0.4240192515625 0.6151682609375 0.4157701140625 0.6121603203125 0.41144464531249997 0.6071367999999999 0.4034392875 0.6104210812499999 0.3941832125 0.61807411875 0.389324875 0.6259522171875 0.3946707703125 0.6306585625000001 0.4122617359375 0.6315588062499999
0 0.4497369203125 0.7058784328125001 0.44784061875000003 0.6969158625 0.44249472343749996 0.6922095171875 0.43188869218750003 0.6883421671875001 0.41918302656249995 0.7002514265625 0.4176297390625 0.713470221875 0.4231336578125 0.7189234484375 0.43734730624999996 0.7192814546875 0.44746577812500005 0.7105643625 0.4497369203125 0.7058784328125001
1 0 0.509375 0 1 0.2322437828125 1 0.24711395625 0.9869630046874999 0.2571013703125 0.9981866328125001 0.28440900625 0.9833306796875 0.26893115624999997 0.9769976265625001 0.272453015625 0.9679429421875 0.27022718125 0.947142809375 0.2757898859375 0.937453775 0.2986997796875 0.9223727625 0.307626321875 0.9028821624999999 0.3262830171875 0.8779791671874999 0.3380993203125 0.846446359375 0.330857125 0.8327774437500001 0.3324826828125 0.8147601890624999 0.34306175 0.7979399375 0.35128391875 0.7802602734375 0.35911776875 0.765885309375 0.3536003671875 0.75008828125 0.3684914203125 0.72794775 0.3508012171875 0.7111583640625 0.355099721875 0.6954942828125 0.34676483125 0.6869410015625 0.33370266718749997 0.666325096875 0.331404559375 0.6503234250000001 0.3163873015625 0.6358872124999999 0.31347057500000003 0.6272418156249999 0.31730848749999996 0.61968089375 0.316030803125 0.603362046875 0.3087886078125 0.58969313125 0.29857089531250003 0.58252108125 0.2974512359375 0.5669491140625 0.3110193 0.553975796875 0.30682488750000003 0.5290115546874999 0.2811196875 0.5505362234375 0.2655339015625 0.5394579187499999 0.242064178125 0.5467529484375 0.2363164796875 0.5350075000000001 0.21866672656250002 0.54924951875 0.2022272421875 0.528091378125 0.21192031249999999 0.509375 0.1892981078125 0.509375 0.186117290625 0.5187708 0.165866859375 0.5258611859375 0.1681245203125 0.510831453125 0.1538386 0.51527190625 0.134121034375 0.509460671875 0.13398178125 0.509375 0 0.509375
0 0.881779775 0.509375 0.87614921875 0.512998034375 0.8785195968749999 0.5242012468749999 0.8913245015625 0.5281811281250001 0.9034838203125 0.518829684375 0.9072494609374999 0.516067221875 0.9084265265625 0.509375 0.881779775 0.509375
0 0.7919147203125 0.5312204171875 0.8000058328125 0.533481475 0.8072075812499999 0.5161189875 0.8008412640625 0.5117298171875 0.79322423125 0.5117094 0.785534921875 0.51648744375 0.785462653125 0.5212859046875 0.7870429046874999 0.5287547125 0.7919147203125 0.5312204171875
0 0.7073140125 0.629952565625 0.687840225 0.6304335546875001 0.6810990703125 0.6396928828125 0.6828373484375 0.6479085734375 0.6864584484374999 0.6547430296875 0.696662675 0.6515712796875001 0.7041939578124999 0.646046353125 0.7044242515625 0.641994775 0.7073140125 0.629952565625
1 0.559375 1 1 1 1 0.6748667765625 0.9870128578124999 0.682314440625 0.9829042000000001 0.6628955375000001 0.963285871875 0.672973446875 0.9285645312499999 0.6630697999999999 0.8986427375 0.6604303171875 0.886528725 0.6442956984375 0.8475811515625 0.6452576734375001 0.8087193328125 0.651764990625 0.800068390625 0.6417179484375 0.77989023125 0.644009871875 0.7583168109375 0.660267471875 0.7292708984375 0.6669077359375 0.7019362953125 0.6610760843750001 0.677288125 0.667941409375 0.6487297703125 0.6871661140625 0.6487885578125 0.672023853125 0.61525915 0.6728937140625 0.596746996875 0.6881997875 0.5778465234375 0.7068105609375 0.5727309265625 0.698052634375 0.573408334375 0.6755540953125 0.5641252921875 0.6625195296874999 0.559375 0.66399605 0.559375 1