0 0.559357715625 0.18378973437499999 0.5652017078125 0.178372790625 0.5610738546875 0.16970435625 0.5530773109375 0.16725966875 0.5427240984374999 0.1671382625 0.536512171875 0.16706541875 0.5346187796875 0.1740959671875 0.5360086046875 0.1882177671875 0.5497538015625001 0.18602803125 0.559357715625 0.18378973437499999
0 0.5252350609375 0.2766426421875 0.5313650796875 0.2688781359375 0.5292125265625 0.261016503125 0.5202760015625 0.257777153125 0.5235726453125 0.25624853281250004 0.5074707828125 0.2607615515625 0.49635484218750003 0.2669003125 0.49012948593749994 0.275447340625 0.5008506296874999 0.281058534375 0.5164757875 0.2804581234375 0.5252350609375 0.2766426421875
0 0.49449776874999996 0.0694015 0.49506981406249995 0.06470637500000001 0.49347587812500004 0.0607694890625 0.4906559375 0.0583855046875 0.48576535625000006 0.0559772375 0.4805887484375 0.05591653437500001 0.47390011718749997 0.059756296875 0.470412790625 0.062849959375 0.4695547203125 0.06989264687499999 0.470862634375 0.076177096875 0.4737779171875 0.07777856093749999 0.48394044375 0.07946500937499999 0.49354435625 0.0772267109375 0.5009822875000001 0.075746653125 0.49449776874999996 0.0694015
0 0.4451421015625 0.0319917015625 0.44183202499999996 0.04214019375 0.44135531875 0.0460527984375 0.4421046171875 0.0484125015625 0.45226714687499997 0.050098949999999996 0.45640842968750006 0.050147514062499995 0.46290637968750004 0.0478727921875 0.46781039375000005 0.0416611875 0.4644318375 0.0353524578125 0.4618979203125 0.030620909374999998 0.45371069375 0.029741262499999997 0.4451421015625 0.0319917015625
1 0 0 0 0.49695519531250004 0.2613818265625 0.5000202687499999 0.28699067500000003 0.4985287234375 0.29458129843749997 0.49335682812500004 0.297319328125 0.48790346093750003 0.3099472953125 0.47786423593749994 0.334985684375 0.47659056718750004 0.3388812375 0.45312707812499997 0.34849858125 0.4422689078125 0.362066528125 0.4330243421875 0.37639720312499997 0.4175196109375 0.38017055312500003 0.412078384375 0.40400980156250005 0.39511787656249997 0.40759247031249995 0.3912416921875 0.422863125 0.3765316203125 0.43418317812499996 0.36020794375 0.4315673515625 0.347639046875 0.440435396875 0.334421171875 0.442424128125 0.326608103125 0.458348740625 0.31504025625 0.45412554531250005 0.30715434375 0.459696946875 0.2954650921875 0.469764134375 0.29793406093749997 0.47069068437499995 0.30734859375 0.48056718906249996 0.3113826046875 0.501546203125 0.317897725 0.510332340625 0.29684250156249997 0.4911513765625 0.284079353125 0.48532081250000003 0.280876425 0.48130173125000003 0.2628055984375 0.47521200781250006 0.244710490625 0.47549803125 0.24236292812500002 0.4819275 0.223630984375 0.47564709531249993 0.20710091875 0.47274524375000004 0.196879584375 0.48151795000000003 0.18444423125 0.5010118 0.1776200734375 0.5154243859375 0.169952690625 0.5056432203125001 0.16513615937499998 0.484650775 0.167240909375 0.47770297968750003 0.1561884890625 0.48270233593749995 0.1491943625 0.48347849375 0.1343143234375 0.47371076093750003 0.1208779203125 0.4677029484375 0.1106201625 0.4601965375 0.095642996875 0.45965135312500005 0.0830983796875 0.455060225 0.0697226796875 0.43577048906250004 0.066361921875 0.43888988281249997 0.0577784734375 0.44060602343750005 0.04369309375 0.43797676562500004 0.039744067187499996 0.430742946875 0.0310392109375 0.4077752015625 0.0323371609375 0.3904473328125 0.0384030796875 0.391972790625 0.025882742187500002 0.40168547656250003 0.0142420515625 0.39096949531249997 0 0 0
0 0.8871886140624999 0.3844896875 0.8855946781250001 0.38055279999999997 0.886166725 0.375857675 0.8707322484375 0.37489304375 0.8631036359375 0.37793814375 0.8598889015625 0.387304115625 0.8603521765625001 0.39201138125 0.873525328125 0.3945167734375 0.8839738796875001 0.393855659375 0.8871886140624999 0.3844896875
0 0.6390625 0.214296084375 0.6550820265625 0.2046654890625 0.653310840625 0.1936737734375 0.6431483109375 0.1919873234375 0.6399470046875 0.19273342499999999 0.6390625 0.193336084375 0.6390625 0.214296084375
0 0.72567056875 0.025256262499999998 0.70240336875 0.037521646874999995 0.7123617859375 0.049393009375000005 0.7300575859375 0.048816878125000004 0.7370456703125 0.03400968125 0.7358330984375 0.026942710937499996 0.72567056875 0.025256262499999998
0 0.593279190625 0.53109348125 0.5802564296875 0.5528826625 0.5930616453125 0.549898265625 0.6169828046875 0.5407751078125 0.619924946875 0.5251368265624999 0.6052397703125 0.5265319015625 0.593279190625 0.53109348125
0 0.6027957140625 0.8869771921874999 0.6101383031250001 0.8862796562499999 0.609892571875 0.8627676046874999 0.5889001265625 0.8648723562499999 0.5841867953125 0.8695189187500001 0.5940498703125 0.8821728015625 0.6027957140625 0.8869771921874999
0 0.5874391734375 0.7151801703125 0.58218065625 0.707282115625 0.5723041515625 0.703248103125 0.5540363046875 0.7085193609375 0.55354616875 0.7210518374999999 0.5608753265625 0.7289741734375 0.585259759375 0.72455828125 0.5874391734375 0.7151801703125
0 0.428996075 0.7987388531249999 0.4332192703125 0.8066247656249999 0.4403711765625 0.807492271875 0.4582576578125 0.8053511 0.4626849671875 0.8030520984375 0.4753948421875 0.8008502234374999 0.48773678593750003 0.793158559375 0.482668953125 0.7836954640625 0.4800396953125 0.7797464359375 0.46197596093750004 0.7748327796875 0.4541566671875 0.7794429218750001 0.44077940312499997 0.7871224437500001 0.428996075 0.7987388531249999
0 0.4180694921875 0.743755990625 0.43012541249999997 0.738411890625 0.4320188046875 0.7313813437500001 0.4270463109375 0.721135725 0.4133964546875 0.7225429390625 0.4068031625 0.7256001796875 0.403315834375 0.72869384375 0.40489634218750004 0.7412506000000001 0.4180694921875 0.743755990625
0 0.1864530421875 0.551399315625 0.1796824984375 0.5474017265625 0.1673539875 0.5464735171874999 0.1637578875 0.5589695734375 0.16976570156249998 0.56922733125 0.18105889375 0.5701433984375 0.1916162171875 0.560079890625 0.1864530421875 0.551399315625
0 0.068193978125 0.509375 0.06687278906250001 0.520218784375 0.0729759453125 0.5296940203125 0.08426913593749999 0.5306100890625001 0.093968390625 0.5275892703125 0.09896774375 0.5205951437499999 0.09370922968749999 0.5126970890625 0.091689553125 0.509375 0.068193978125 0.509375
0 0.0778128046875 0.5665817734375 0.0581282734375 0.574970975 0.0494509078125 0.5866238046875 0.0517941421875 0.5929203953125001 0.06562125156250001 0.5985680109375 0.08003383593749999 0.5909006296875 0.08288063749999999 0.5760448703125001 0.0831666609375 0.5736973078125 0.0778128046875 0.5665817734375
1 0 1 0.3039051140625 1 0.304353290625 0.996321553125 0.315578003125 0.9807803968750001 0.3124854703125 0.9721241046875001 0.3142969515625 0.9572562046875 0.3221431078125 0.9354063187499999 0.3266926171875 0.9150850531250001 0.3271827546875 0.902552578125 0.330792284375 0.88143665 0.31527589843750004 0.8726346703125 0.3116113203125 0.8686735015625 0.2991874671875 0.868527815625 0.29977294374999996 0.8552128171875001 0.3112702484375 0.8459439703125 0.304145203125 0.827836721875 0.32353028125 0.8304149562500001 0.330327684375 0.817172803125 0.3281885625 0.8006912984374999 0.30447151875 0.7996295421875 0.292715053125 0.7940062078125 0.27925587812499997 0.7938483796875 0.253958328125 0.78022986875 0.25811304375 0.7716585578125 0.273179584375 0.7671334015625 0.279418375 0.7499665 0.263139259375 0.7474246875 0.23432751875000002 0.7541395812499999 0.2163591265625 0.748443403125 0.19405876875 0.7442637046874999 0.1627265421875 0.7376271765625 0.1510788484375 0.72260145 0.122280540625 0.720696471875 0.1190107546875 0.704985346875 0.100033903125 0.682037284375 0.0918735375 0.6639178953125 0.07919052343750001 0.6488800265625 0.066208053125 0.64480959375 0.042477578125 0.6523677125 0.00810786875 0.6621519859375 0 0.6627318796875 0 1
0 0.2813386265625 0.7256962078125 0.289321740625 0.7367607671874999 0.304660875 0.7385079187500001 0.31427822031249997 0.72764975 0.315326971875 0.71904201875 0.30508253281250003 0.70951821875 0.2922773140625 0.7125026171875 0.2843626796875 0.7178952796875 0.2813386265625 0.7256962078125
1 0.6390625 1 1 1 1 0.8067975687500001 0.980448115625 0.8211053265625001 0.983027934375 0.799931228125 0.959789096875 0.7904394375 0.958474709375 0.781204740625 0.9325754890625 0.7735256093749999 0.9242420453125 0.7918664546875 0.9049621796875 0.7999377234375 0.8944486203124999 0.7961267234375 0.8499267281249999 0.8011362109375 0.8451825984375001 0.790017440625 0.8107572046874999 0.7822383281249999 0.783175496875 0.788368390625 0.7467311171875 0.7971603125 0.711488959375 0.8161075406249999 0.6859104375 0.8158075968749999 0.66530038125 0.8247851984375 0.6390625 0.8471017015625 0.6390625 1
0 0.6806686796875 0.7687277874999999 0.6766623078125 0.781587803125 0.6945803796875001 0.7947049156249999 0.70555840625 0.7846924359375 0.7141003796875001 0.7746513921875 0.712689625 0.756196284375 0.694307084375 0.7569026515624999 0.6806686796875 0.7687277874999999
0 0.96815414375 0.7518165421875 0.9701415296875 0.755527559375 0.9856393562499999 0.7584750781249999 0.9946299921874999 0.7447515828125 0.9955273203124999 0.7373866781249999 0.9903345250000001 0.729950359375 0.9856867578124999 0.7280520015625 0.9780421109375 0.7307281421875 0.9745965671875 0.7389850921875001 0.96815414375 0.7518165421875