0 0.2684018265625 0.297891215625 0.2777819171875 0.2923664828125 0.280599103125 0.27945614375 0.2751197359375 0.2671050234375 0.2653960734375 0.2629658015625 0.2644147234375 0.26371689531250003 0.257009675 0.27517518124999996 0.2568176484375 0.29103976249999997 0.2684018265625 0.297891215625
0 0.0358795859375 0.11600569375 0.0204845296875 0.1153799359375 0.021936315625 0.13494985312500002 0.034947596875 0.1464997453125 0.049348962499999996 0.1404408609375 0.058410162499999994 0.1401236515625 0.05434555625 0.1250352296875 0.047565946875 0.1186427265625 0.0358795859375 0.11600569375
0 0.6926129031249999 0.0326605828125 0.6995968796875001 0.030624243750000002 0.7020828359375 0.015485689062499999 0.6928947734375 0.005145840625 0.6786977750000001 0.0027758859375 0.676964121875 0.010720709375 0.6782890421875 0.01963356875 0.68245583125 0.030507568750000002 0.6926129031249999 0.0326605828125
0 0.6615498046875 0.1300598796875 0.672038109375 0.134441109375 0.6798889109375 0.1284323578125 0.677468115625 0.117049271875 0.6721032703125001 0.1079194703125 0.6674008859375 0.10324609843749999 0.66150044375 0.100316921875 0.6561479390625 0.09862285781249999 0.6487305484375 0.10264540468750001 0.6447153046875 0.117299940625 0.65127820625 0.124685546875 0.6615498046875 0.1300598796875
0 0.5156210421875 0 0.5257409109375 0.0032029296875000003 0.5379752078125 0.0070750765625 0.5466153359375 0.0161798109375 0.588454028125 0.0304834125 0.5928005015625 0.018057090625 0.546921884375 0.0035365468749999998 0.54225603125 0 0.5156210421875 0
1 0.88842070625 0 0.8814586562500001 0.013865004687499998 0.8942532312499999 0.026407999999999997 0.8926464421875 0.0450098828125 0.8822726609375 0.0438499703125 0.8721526078124999 0.0640041734375 0.8565531859375 0.07180725624999999 0.8422416640625 0.06621598125 0.8321092703125 0.0789344453125 0.8151074265625 0.09691056718749999 0.8000806218750001 0.120820240625 0.7967278390625 0.1399312046875 0.7873847703125 0.1677631578125 0.780502978125 0.165585075 0.7573593031250001 0.166753646875 0.747100046875 0.168815053125 0.73128391875 0.17761123750000002 0.7336025312500001 0.19320874375 0.7469450421875 0.20698685156250002 0.73530804375 0.2340927765625 0.7220148937499999 0.250057625 0.7265252515625 0.27059557968750003 0.7341716875 0.27301566875 0.732450375 0.2883962328125 0.7202160765625 0.2845240875 0.7146715453125 0.29869460625 0.7207111921875 0.319716578125 0.7153586875 0.31802251406250004 0.7053161359375 0.31909081875 0.70424494375 0.3314920734375 0.7036071640625 0.341907121875 0.69992315 0.3587898734375 0.7035420015625 0.368428759375 0.7131634796874999 0.376782403125 0.713447765625 0.3890625 1 0.3890625 1 0 0.936771584375 0 0.9263312406249999 0.014265162500000001 0.91158630625 0.01066009375 0.9087455453125 0 0.88842070625 0
0 0.46875 0.3890625 0.46352829375000004 0.3890625 0.4614913703125 0.401759746875 0.46875 0.40479185937500006 0.46875 0.3890625
0 0.3044924703125 0.3890625 0.3061914453125 0.39507507343750004 0.3128781921875 0.39968951875 0.326612334375 0.3940439796875 0.327091315625 0.3890625 0.3044924703125 0.3890625
0 0.360788259375 0.55474635 0.3712992421875 0.5418354484375 0.37242473593750003 0.52345595 0.3634289296875 0.520608784375 0.3561120671875 0.523289196875 0.3491994078125 0.5373389625 0.3529324640625 0.5422676171875 0.360788259375 0.55474635
0 0.2941135890625 0.5473833984375001 0.287186409375 0.5526852390625 0.2851468171875 0.562032090625 0.2935125125 0.5721741125 0.304817378125 0.573253996875 0.309045815625 0.56709800625 0.309016778125 0.5496021484375 0.3023300296875 0.5449877046875 0.2941135890625 0.5473833984375001
0 0.0605420015625 0.665811528125 0.047962387499999995 0.670573425 0.05040618125 0.6725959328125001 0.055308284375 0.685388871875 0.067647465625 0.6905432609375 0.0737952796875 0.6799985625 0.0686382265625 0.668373975 0.0605420015625 0.665811528125
0 0.04797690625 0.679321353125 0.021874546875 0.6623166453125 0.0207345359375 0.6719482171875001 0.036176659374999996 0.6893261109375001 0.050974149999999996 0.7052509312499999 0.060090175 0.7031399546875 0.057886812499999996 0.6912011625 0.04797690625 0.679321353125
0 0.054340184375 0.5664229421875 0.0523917734375 0.5533157937500001 0.039797640625000005 0.5493297625 0.029002671875000004 0.5459131640624999 0.02453380625 0.5619854375 0.043949415625 0.5743757031250001 0.054340184375 0.5664229421875
0 0.11203994375 0.7383177265625 0.11908733593750001 0.728057746875 0.0916957140625 0.7081468921875 0.07845695312499999 0.7027077875 0.0792508359375 0.7166985765625 0.11203994375 0.7383177265625
0 0.08053505 1 0.0773918375 0.9896516375000001 0.0717248875 0.9803637671875001 0.0641385578125 0.9754646062500001 0.0560423328125 0.97290215625 0.0447519828125 0.9805702015625 0.042847125 0.9937068390625001 0.0437826203125 1 0.08053505 1
1 0.46875 1 0.46875 0.5427013859375001 0.468275671875 0.5425512609375 0.46554789375 0.52420125625 0.452443865625 0.5225519359375 0.44990889375 0.5429834296875 0.43707433125 0.548913684375 0.4374349796875 0.53403925625 0.4211223109375 0.5338725 0.41293490468750005 0.553764053125 0.39215336875 0.569669571875 0.3763506 0.567166103125 0.3541305484375 0.5676277625 0.33414289531249997 0.5975240703125 0.32784583125 0.5955310546874999 0.305462009375 0.57470706875 0.28970279374999997 0.5984473859375 0.28261184687499996 0.582463584375 0.267737690625 0.5977406890625 0.27791706562499996 0.617200071875 0.26700188125 0.6187416171875 0.25248837343749997 0.6191442921875 0.2144945890625 0.634598340625 0.17723254375 0.7039930359375 0.133335446875 0.645133925 0.1275773171875 0.6583000515625 0.1549067953125 0.7181607640625 0.1401528578125 0.7284797265625 0.1311860859375 0.7431284171874999 0.11899615781249999 0.75051174375 0.113882659375 0.765130946875 0.1245719296875 0.7822536171875 0.13052286562499998 0.8078689875 0.12336977499999999 0.8318350406250001 0.122379015625 0.854004325 0.10399771875 0.8456885640625 0.105359571875 0.8923343515625 0.09099531718750001 0.9052747453125001 0.1032723546875 0.9503789890625001 0.1044704390625 0.9757391359375 0.10809779687500001 0.9943738578125 0.10715520468749999 1 0.46875 1
0 0.233597178125 0.6131652453124999 0.22407695468750002 0.6039068656250001 0.21112217812499998 0.6147952609375 0.2119160609375 0.6287860484375 0.22951799374999998 0.6318589515624999 0.233597178125 0.6131652453124999
0 0.41080820312500005 0.5106233328125 0.3991136546875 0.5069220203125 0.39128689375 0.511939140625 0.3909262484375 0.52681356875 0.40133153593750004 0.5276087359374999 0.415710309375 0.523416271875 0.41080820312500005 0.5106233328125
0 0.7544130156250001 0.42475032500000004 0.7699225937499999 0.42859740312500005 0.773618946875 0.41915039062500004 0.771631565625 0.4057811 0.7657311234374999 0.40285192500000006 0.753075753125 0.40840172499999994 0.7466397140625001 0.4116731765625 0.7544130156250001 0.42475032500000004
0 0.8930055343750001 0.4526893796875 0.896472840625 0.4367997328125 0.893504109375 0.42418153593749996 0.8776633 0.41810624374999994 0.8692769015625 0.430315621875 0.8695059484375001 0.4367582578125 0.8752020234375 0.4481162765625 0.8885321953125 0.45445864374999995 0.8930055343750001 0.4526893796875
0 0.9285439328125001 0.552057565625 0.9352336984375 0.570100228125 0.9473658140625 0.5781867937499999 0.948997284375 0.5744563921875 0.95223554375 0.55212410625 0.9463104203124999 0.5343234531250001 0.9418247421875 0.5286569765625 0.9310175484375 0.529483271875 0.9277669484375 0.5443798156249999 0.9285439328125001 0.552057565625
0 0.8829313843750001 0.5662868765625 0.8766873703125 0.553693746875 0.8673072812499999 0.5592184796875 0.8640443390625 0.5666792859375 0.8648213234375 0.574357034375 0.8710653374999999 0.5869501640625 0.8806744734375 0.5878680671875001 0.8829313843750001 0.5662868765625
0 0.6616660109375 0.7860980828125 0.66152680625 0.7680052859375 0.651038503125 0.7636240578125 0.6463484578124999 0.7663864234375 0.6458252015625 0.7800227890625 0.6503232203125 0.7931250046875 0.6556757265625001 0.7948190671875001 0.6616660109375 0.7860980828125
0 0.6024132812499999 0.8703286234375 0.6083137234375 0.8732577984375001 0.6186875031250001 0.8744177093750001 0.6218482609375 0.8711713249999999 0.6247799734375 0.8614823031250001 0.618535959375 0.848889175 0.610239403125 0.84944839375 0.6026053078125 0.8544640421875 0.5991256609375 0.8629179499999999 0.6024132812499999 0.8703286234375
0 0.6792722265625001 1 0.6794417453125 0.99837901875 0.6723653171875 0.9911431453125001 0.6581212765625 0.999125396875 0.658219121875 1 0.6792722265625001 1
0 0.693355940625 0.7142528421875 0.6861447765625 0.7032271812499999 0.6753498062500001 0.6998105828125001 0.6666234671875 0.7045429921874999 0.6678070328125 0.721155209375 0.6688012359375 0.7227846609374999 0.6883771750000001 0.7326618296875 0.693355940625 0.7142528421875