0 0.39674263593750003 0.1125455484375 0.38424996562499997 0.10809610624999999 0.3820225359375 0.1177043296875 0.386336815625 0.1289923765625 0.39592178125 0.1346815375 0.40269108593749997 0.133191940625 0.40514611250000004 0.1204142953125 0.39674263593750003 0.1125455484375
0 0.35702754531249997 0 0.3538709515625 0.0101631859375 0.353050096875 0.032299175 0.365407215625 0.0314995625 0.3763577609375 0.01817218125 0.369730540625 0 0.35702754531249997 0
0 0.416979390625 0.29105373125 0.41357047031249994 0.3028415375 0.41979253749999995 0.3161092640625 0.43560208593749994 0.31718938125 0.4435989046875 0.3093109578125 0.4449184625 0.2945036578125 0.43746888124999994 0.2876247515625 0.4272471484375 0.28723462187500004 0.416979390625 0.29105373125
0 0.3373944671875 0.22890338593749998 0.347662225 0.2250842765625 0.347618715625 0.2114167421875 0.341713775 0.20443788437500002 0.3336274265625 0.2028580125 0.31967964531250004 0.20796681718749999 0.32013232343750003 0.2195047421875 0.325083371875 0.225493759375 0.3373944671875 0.22890338593749998
0 0.2147412015625 0.1705915015625 0.2135162015625 0.1591035515625 0.20779535 0.1352877375 0.206158665625 0.1438061671875 0.195394721875 0.122419815625 0.19507508125 0.13400771875 0.1938015453125 0.1446057796875 0.1976606328125 0.162232675 0.2033379765625 0.1723809546875 0.2147412015625 0.1705915015625
1 0 0.459375 0.510540184375 0.459375 0.5094535859375 0.44490778124999997 0.49864613437500005 0.40985389375 0.48352189062499995 0.381388734375 0.470213390625 0.3633217328125 0.46044685 0.3565927578125 0.46844366875 0.348714334375 0.4803020875 0.340586034375 0.4922525484375 0.3240392546875 0.51833488125 0.2855467140625 0.49316544999999995 0.2934847875 0.477036259375 0.3039925734375 0.45918085625 0.313560496875 0.44423315937499996 0.3218887 0.438371725 0.328577378125 0.4216978125 0.33596571875 0.402118709375 0.326717003125 0.38385665 0.3205377609375 0.37790568593749996 0.31776814375 0.381452671875 0.29335261875 0.381227590625 0.27864526875 0.3768672875 0.27156646093750003 0.371100415625 0.25195988593749996 0.35629078281250004 0.2476603703125 0.3518819453125 0.2626675765625 0.353152965625 0.2699462875 0.3353461 0.25742819687499996 0.3236717703125 0.248719540625 0.31204346250000004 0.2358016421875 0.3012309828125 0.236501303125 0.2787901953125 0.22428306875 0.248669715625 0.22623212499999998 0.22654605625 0.22030276249999997 0.20074237031250003 0.21566309375 0.17216653125 0.2175121984375 0.1412737328125 0.21951123125 0.1265996546875 0.2204607734375 0.12623901875000001 0.20050436718750003 0.11774601250000001 0.183177328125 0.10570602031250001 0.1902658109375 0.10361414218750001 0.20512308906249999 0.1007499453125 0.2200303421875 0.0956658609375 0.1909154984375 0.09203437187499999 0.170119178125 0.0675912375 0.18221651562500002 0.0653638078125 0.1918247375 0.078035540625 0.2151907703125 0.083076115625 0.2306380796875 0.06508264687500001 0.252833721875 0.0536333984375 0.25883241562500003 0.038187 0.25983193125000004 0.0245563453125 0.2712296078125 0 0.2830594 0 0.459375
0 0.4844322765625 0.3687110390625 0.49279224375 0.3629122515625 0.49370262968749995 0.35023455625 0.4877976890625 0.3432557 0.478711425 0.3448952265625 0.46898839218750005 0.3518337828125 0.4756656515625 0.3587626625 0.4844322765625 0.3687110390625
1 1 0.459375 1 0 0.5390625 0 0.5390625 0.221723040625 0.5801835390625 0.459375 1 0.459375
0 0.3604706875 0.5071930390625 0.3664549203125 0.5204143015625 0.3782127296875 0.5246020109375 0.3860171453125 0.5166741828125 0.380995665625 0.49844208125 0.3637861875 0.494607140625 0.3604706875 0.5071930390625
0 0.3312385953125 0.481867625 0.3361006015625 0.49392436875 0.34882116406249997 0.4931012375 0.356839196875 0.48639672031250003 0.3479155125 0.472128534375 0.33434047968749997 0.46805841406250004 0.3312385953125 0.481867625
1 0.5390625 1 0.5390625 0.6778607015625 0.5319068812500001 0.6680614890625 0.5196706515625 0.645347703125 0.524698046875 0.6215168078125 0.49882968281249995 0.6207164453125 0.49759916875 0.6294560203125 0.482420528125 0.626726803125 0.4646243421875 0.614269878125 0.46243698593750004 0.5859572984375 0.4506250328125 0.586721634375 0.44287772031249995 0.5686659171875 0.41241215468750003 0.5731115765625 0.3872958890625 0.545045559375 0.36992693593750003 0.5350352593750001 0.354053303125 0.533588153125 0.337216915625 0.5371518828124999 0.3190476375 0.5172962875 0.3233800375 0.4947475 0.3137613546875 0.48176142187500004 0.3004511265625 0.494994065625 0.2896019296875 0.49074755937500003 0.2917952015625 0.476997140625 0.2754401890625 0.478055453125 0.272124690625 0.490641353125 0.24732441249999998 0.49595755468749997 0.24198102968750002 0.48640623281249995 0.224449646875 0.491252071875 0.20120178906250002 0.47914791718750005 0.1879457046875 0.487428515625 0.1688648578125 0.4886632125 0.1469498875 0.4999783875 0.13658206875 0.4932264625 0.12669266875000001 0.5050006109375 0.11637603593750001 0.5143281375 0.1021571953125 0.527619578125 0.0682166578125 0.5384757765625 0.0469966828125 0.54850884375 0.0253465171875 0.5771267828125 0.013369176562499998 0.6137787578125 0 0.619948446875 0 0.8549752796875 0.02503708125 1 0.5390625 1
0 0.9212799328125 0.567387309375 0.9175538859374999 0.5728862453125 0.9212774203125 0.5852640828125 0.93336091875 0.5918431328125 0.9380868843750001 0.5831247984375001 0.9375421609375 0.5800053515625 0.93359103125 0.5707969359375 0.9295478562499999 0.5700069984375 0.9212799328125 0.567387309375
0 0.8699051859375 0.519185 0.8713117609375001 0.5317127687500001 0.8812598749999999 0.539481559375 0.88362285625 0.5351223921875 0.8942537640625 0.5333829171875 0.8928011671875 0.5250643890625 0.8882592921875 0.5169457640624999 0.8861699281250001 0.5139262671875 0.87849275 0.5102167875 0.8699051859375 0.519185
1 0.5390625 0.459375 0.5390625 1 1 1 1 0.7440629062499999 0.999803834375 0.7442269359375 0.9843139265625 0.7315589171875001 0.997535409375 0.7222908515625 0.9927224296875 0.703674115625 0.971233021875 0.71032249375 0.9634177796875001 0.71924073125 0.9556970937500001 0.7018637156249999 0.9604690796875002 0.6889361421875 0.9547022046875 0.6693295671875 0.9496616281249999 0.65388225625 0.9359464718750001 0.6200680890625 0.9068309375 0.5830442015624999 0.921190403125 0.5579290140625 0.9332764171875001 0.5466312921875 0.9510857984375001 0.54127260625 0.9669899046874999 0.5160574718750001 0.942457240625 0.5186965125 0.9126078671875 0.53114368125 0.8927526312499999 0.5471504015625 0.873488140625 0.56206733125 0.8574074859374999 0.5504891046875 0.8395545984374999 0.5421802546875 0.8334680828125001 0.5341615828124999 0.8425108375000001 0.5188545203125 0.838925371875 0.4938489640625 0.8324757078125 0.48375066093749997 0.818167290625 0.468903059375 0.8117586203125 0.4903490625 0.799447521875 0.4869394359375 0.7881363421875001 0.4803104109375 0.7742345828125 0.4812099765625 0.7744733171875 0.459375 0.7684489796875 0.459375 0.7630154453125 0.466162471875 0.7606586953125 0.459375 0.5390625 0.459375
0 0.9810177843750001 0.5024617671875 0.9891041328124999 0.5040416390625 0.9961470562500001 0.49517337968749997 0.9974205921875001 0.48457531718749997 0.9824754078125 0.47502674687499996 0.9801559328125 0.49305344843750004 0.9810177843750001 0.5024617671875