0 0.026456028124999996 0.3414056546875 0.024343792187499998 0.3524700328125 0.0304278375 0.36833298281250004 0.033540604687499996 0.36896495625000003 0.04676986875 0.3716508390625 0.05245976718749999 0.37071635937499997 0.055350195312499996 0.359809975 0.05405658125 0.34387476875 0.0470023203125 0.33617354375 0.0352081625 0.3348238625 0.026456028124999996 0.3414056546875
0 0.333417415625 0.44760997031249994 0.330254115625 0.4406987125 0.3220578328125 0.435900140625 0.25944875 0.37930568125 0.3088791 0.43949354375 0.3237658109375 0.455053984375 0.32610038750000003 0.455527965625 0.3312546453125 0.45239506093750004 0.333417415625 0.44760997031249994
0 0.24508755624999998 0.49341182968749997 0.2514646859375 0.513513634375 0.266715228125 0.5260134296875 0.2739615109375 0.5253949375 0.277923215625 0.5188854015625 0.27470938437500003 0.50569485625 0.2693327875 0.4972894015625 0.2537689453125 0.4941295375 0.24508755624999998 0.49341182968749997
0 0.28062162343749997 0.5162987343750001 0.284340775 0.511829628125 0.29075833281249996 0.50477385625 0.290293440625 0.49527593124999997 0.287544503125 0.4915833125 0.277185453125 0.4915698296875 0.2707173625 0.49234631718750005 0.271475340625 0.5060830968750001 0.27451736250000003 0.5140145734375 0.28062162343749997 0.5162987343750001
0 0.308100896875 0.5197880625 0.30063227656249997 0.5088682 0.291829609375 0.50917070625 0.28492694375 0.520307340625 0.2890402421875 0.5326356624999999 0.3010769546875 0.5319449140625 0.3077875984375 0.529127996875 0.308100896875 0.5197880625
0 0.5711542749999999 0.09000804999999999 0.5742872578125 0.077061234375 0.572559065625 0.0714861765625 0.5691532125000001 0.06661534999999999 0.5629984218749999 0.058051903125000005 0.550476603125 0.0628235140625 0.5477579828125 0.07898896875 0.5494861734375001 0.0845640265625 0.5649287375 0.0887441046875 0.5711542749999999 0.09000804999999999
0 0.6365123046875001 0.0698426140625 0.6404234796875 0.057053790625 0.6357745421875001 0.0425270453125 0.6314186875 0.0322391515625 0.6231011296875 0.0284607953125 0.6103165421875 0.0488516265625 0.6097101578125 0.053952703125 0.6093261156249999 0.0705921390625 0.625668146875 0.0739099953125 0.6365123046875001 0.0698426140625
0 0.359375 0.328072753125 0.36655037031250004 0.329529540625 0.3756663359375 0.3198871 0.371795590625 0.305518346875 0.3707243140625 0.3011214984375 0.3633062234375 0.29648091875000004 0.359375 0.296540215625 0.359375 0.328072753125
0 0.87603375 0.14668230468750001 0.8691512984374998 0.14424014999999998 0.8618544859374999 0.13857935625 0.8527183062500001 0.161800584375 0.854375753125 0.1746751421875 0.8687470390625001 0.17445837343749998 0.8797832203125001 0.16207127187499998 0.8787826890625 0.1503749234375 0.87603375 0.14668230468750001
0 0.41038176249999997 0.53067861875 0.4066120796875 0.5288684375 0.39632377500000004 0.5215554546875001 0.3886934484375 0.53881338125 0.39472696093750004 0.548397046875 0.4032870734375 0.550134971875 0.41131154687500004 0.5496744703124999 0.41252431562499997 0.5394723171875 0.41038176249999997 0.53067861875
1 1 0.56875 1 0.366749784375 0.9844752968750001 0.347366028125 0.9650407093750001 0.329837409375 0.9562582578125 0.316561128125 0.9429481453124999 0.28773788125 0.9198954687499998 0.28723694375000003 0.8990257734375 0.2683721234375 0.8967821593749999 0.247019853125 0.8757204421874999 0.23647475 0.8610055375 0.2261733796875 0.8601262843749999 0.2134568140625 0.8475034046874999 0.20566985 0.8356890312499999 0.2178989578125 0.821388490625 0.210816225 0.8054102859375 0.20443772187499998 0.7860060171875001 0.2067671796875 0.767986321875 0.2041535515625 0.750674075 0.20899741875000002 0.7479958828125 0.198005296875 0.7482081203125001 0.1761067921875 0.721850653125 0.183293596875 0.7109559640625001 0.1810816921875 0.692865525 0.1857675671875 0.6794240234375 0.20498018906249998 0.670863909375 0.2032422640625 0.656805921875 0.19411910000000002 0.646446871875 0.1941056203125 0.6315601609374999 0.17854517812499998 0.615854828125 0.1899843171875 0.6128229078125 0.21548970625 0.6036058796875 0.212573571875 0.6016149203125 0.222617734375 0.596925553125 0.2352485640625 0.5941260843749999 0.22527665937500002 0.5853941640625 0.2182796625 0.5680819171875 0.2231235296875 0.55984520625 0.245482534375 0.5592691390625 0.2704416890625 0.5624627531249999 0.29721102187500004 0.5422297609375 0.2931032 0.5436951859375 0.3142974765625 0.5198238875 0.3407961203125 0.5048765328125 0.365972040625 0.4844515171875 0.3701839375 0.4691908640625 0.40469979062499994 0.459256278125 0.44134181562499997 0.44607754374999997 0.44493521718749995 0.43988232499999996 0.46352934687499997 0.4464312625 0.48889022187500003 0.44070093593750004 0.516982278125 0.42378283593750005 0.5386235734375 0.420094 0.5629507546875 0.42124428125 0.56875 1 0.56875
0 0.9866785046875 0.23497084531249998 0.9805742437500001 0.2326866828125 0.972671046875 0.2321269671875 0.9661322109375 0.24020295625000002 0.9655763578125001 0.25158331875 0.9682040203125 0.2562961546875 0.9702960421875 0.25881056406249997 0.9753795562499998 0.26297716250000003 0.9778859390625 0.2687102140625 0.9883157359375 0.2614241921875 0.9906705265625 0.248319384375 0.9866785046875 0.23497084531249998
0 0.2831202859375 0.76041559375 0.29503572031249997 0.7607450609375 0.30164530312500004 0.7453695703125 0.2888506140625 0.7323235359375 0.2793910328125 0.7314478359375001 0.271002728125 0.73496898125 0.26745538281250003 0.74469715625 0.2728319828125 0.7531026109375001 0.2831202859375 0.76041559375
0 0.2698404890625 0.7514504234375 0.26057293125 0.7422550015625 0.2499356078125 0.7329075875 0.2200058828125 0.721480784375 0.2399053625 0.748507328125 0.2575410109375 0.7677603921875 0.27249846875 0.7760213328125 0.27974475 0.7754028390625 0.2786229421875 0.7647267046875 0.2698404890625 0.7514504234375
0 0.0703100359375 0.6398915890625 0.0828823859375 0.641399265625 0.0866015375 0.6369301593750001 0.08739994375 0.6235093640625 0.06993610312500001 0.6095153718749999 0.0537860921875 0.5978777984375 0.039344059375000004 0.6053940703125 0.046570128125 0.618354365625 0.053553640624999996 0.63335509375 0.0703100359375 0.6398915890625
0 0.280654340625 0.64707245 0.28575806875 0.6376602609375001 0.28529317656250003 0.628162334375 0.27541923281249997 0.62406799375 0.269193696875 0.6228040484374999 0.25978464687499997 0.6282076328125 0.2691027359375 0.6436823390625 0.280654340625 0.64707245
0 0.313641584375 0.7718363984375 0.304232534375 0.7772399828125 0.2996139125 0.782571309375 0.30618306562500003 0.794353396875 0.31552136875 0.7962493140625 0.32096871562499996 0.7973552671874999 0.3589283171875 0.7998378609375 0.3194325453125 0.7834604921875 0.313641584375 0.7718363984375
0 0.5649579 0.6797583734375 0.5608083359375 0.6752282421875 0.55116565 0.669582865625 0.54404361875 0.6742830109375 0.54001295 0.6845276703125001 0.5435918 0.6938588171875 0.55183148125 0.6955316859375 0.5671931953125 0.69250440625 0.5649579 0.6797583734375
0 0.5863834609375 0.578395309375 0.5846951 0.5768233078125 0.5819485375 0.576265684375 0.572852784375 0.5817943359375 0.5748027234374999 0.596940875 0.5881074875 0.6033297531249999 0.5920549265625 0.6016727421875 0.5934817125 0.5896702078125 0.5923640640625 0.5832971890625 0.5863834609375 0.578395309375
0 0.6135161171875 0.8076221718750001 0.6132902109374999 0.8174100750000001 0.6189854578125 0.8247124625 0.6313152546875 0.82352806875 0.63583340625 0.8170700437499999 0.6319097499999999 0.802752009375 0.6256437890625 0.800250634375 0.6180342718749999 0.8011641468749999 0.6135161171875 0.8076221718750001
0 0.5636033640625 1 0.5653383390625001 0.99205775625 0.557039209375 0.9829974890625 0.5541499703125 0.9836401218749999 0.5516055390625001 0.989269640625 0.5478602265625 0.9971137921875 0.5480597875 1 0.5636033640625 1
0 0.5787365015624999 1 0.5818177015625 0.9954034921874999 0.574921575 0.9903157374999999 0.568227578125 0.991415125 0.5646249453125 0.9980590234375001 0.5665593125 1 0.5787365015624999 1
1 1 1 1 0.56875 0.7751394671875 0.56875 0.7770851046875 0.575319175 0.7651595609374999 0.588877853125 0.74934603125 0.6114809375 0.74102311875 0.61839571875 0.73056003125 0.643314303125 0.7261013265624999 0.6571597234375 0.7134623921875 0.676719671875 0.70093046875 0.671716921875 0.68766136875 0.6886904890625 0.67740040625 0.7197962140625 0.665676990625 0.739542034375 0.6621100265625 0.7695483750000001 0.6598866187500001 0.7961398265625 0.6582339234375001 0.817930265625 0.64856745625 0.8282599328125 0.6414454234375 0.8329600796874999 0.639447921875 0.8497636328125001 0.637165065625 0.8689676875 0.630245159375 0.8798549781249999 0.6243834515625 0.8897278890625 0.6295674328125 0.9092186874999999 0.6415286421874999 0.9190224499999999 0.6394479125 0.9444136484375001 0.63352675625 0.9468991640625 0.62231460625 0.9544565734375 0.6128145984375 0.9476109421875 0.603457271875 0.9395650578125 0.592185675 0.9397350703124999 0.5826618859374999 0.948864484375 0.584385915625 0.973798928125 0.5895104484375 0.9859023328125 0.6059898078125 0.98924806875 0.615145009375 0.9911068125 0.6360592921875 0.996582175 0.635196221875 1 1 1