0 0.2301897796875 0.46579517812500004 0.24190384687500002 0.4605587046875 0.24242099062500003 0.4580324625 0.2360125140625 0.44837865312499997 0.22601680000000002 0.446796346875 0.217690275 0.45281357343749995 0.21935946875 0.46041310468749996 0.2247664296875 0.46550719375 0.2301897796875 0.46579517812500004
0 0.199066971875 0.446116378125 0.2017868390625 0.4438573203125 0.20675086718750002 0.43848584687500003 0.20015042031250002 0.42664557968750005 0.1865838546875 0.42832867031250005 0.17588768906250002 0.4333187578125 0.1751872390625 0.43989115312499993 0.17685643125 0.44749068437500006 0.1849832609375 0.45032571250000003 0.199066971875 0.446116378125
0 0.0771450765625 0.359576065625 0.0971365078125 0.362740678125 0.1141233921875 0.3522261328125 0.1148238421875 0.3456537375 0.102307953125 0.3374782375 0.0846533921875 0.34495296875000003 0.07632686875 0.35097019375 0.0771450765625 0.359576065625
0 0.08431344843750001 0.2457910828125 0.07800634375 0.2561216421875 0.076805134375 0.2604141796875 0.0781404875 0.26649380312500004 0.087101915625 0.2731285984375 0.1044226375 0.264133959375 0.112431709375 0.2517907234375 0.11042867812499998 0.24267128593749998 0.098914303125 0.23905550468749998 0.08431344843750001 0.2457910828125
1 0.459375 0.4796875 0.459375 0 0.2245243171875 0 0.222618171875 0.0018205828125 0.200558165625 0.0087609453125 0.19899034375 0.021145781250000002 0.19924225 0.04669620625 0.1849588453125 0.059757795312499994 0.1834237984375 0.06253042343750001 0.1635009671875 0.0889623859375 0.157877925 0.0975266546875 0.1486512578125 0.118968528125 0.1363544984375 0.1459556609375 0.1473353421875 0.1569037890625 0.14766918125 0.1584236953125 0.1445827015625 0.16877505625 0.140962690625 0.186458765625 0.1402294671875 0.20264336562500002 0.1281651734375 0.2111660359375 0.125294775 0.2078590375 0.1176850875 0.202497765625 0.0932718234375 0.20360488906250002 0.0850794453125 0.2199942734375 0.09370703281250001 0.2251091609375 0.10994430625 0.235585321875 0.12364502031249999 0.2442743921875 0.1263321140625 0.25162754062500003 0.1286853703125 0.2574607828125 0.131189159375 0.26886008125 0.1368971859375 0.2850862828125 0.138566378125 0.2926858140625 0.140919634375 0.2985190546875 0.145976371875 0.306899340625 0.1496649828125 0.3188122078125 0.14828046875 0.32715089375 0.13604925625 0.334913609375 0.122633221875 0.34216275625 0.12904169999999998 0.35181656562499997 0.16089773125 0.3553107625 0.1639350515625 0.3593777109375 0.1704776734375 0.3794036796875 0.18112467968749998 0.388831903125 0.20380320468750002 0.3993496640625 0.1910384625 0.414444728125 0.2142669046875 0.41282403749999996 0.21390029375 0.42091633906250003 0.216737921875 0.43383554375 0.240984265625 0.43196846874999995 0.2385654625 0.445359640625 0.24499032656250003 0.4502073453125 0.26378055 0.45766449218750005 0.274643634375 0.4534343578125 0.29161413281250004 0.4477259171875 0.2954532734375 0.46520484218749997 0.30181364843749997 0.4796875 0.459375 0.4796875
0 0.55527405625 0.3319266796875 0.563616965625 0.32110335156250003 0.5899318890625 0.3091313 0.5578597765625 0.31929545937500003 0.5459951765625 0.318965875 0.5268055687500001 0.3292132359375 0.5199977062500001 0.3372639375 0.5159097109374999 0.34305557656249996 0.5050302390625 0.352091815625 0.5228517203124999 0.3453770375 0.5421918609375 0.340695734375 0.55527405625 0.3319266796875
0 0.6486885859375 0.32772377656249996 0.6534606453125 0.320165846875 0.648737746875 0.3133054671875 0.6385751125000001 0.31096320624999996 0.631099571875 0.31597409375 0.6293812187500001 0.32279287343749996 0.6322352328124999 0.33090597499999996 0.64019514375 0.33298105 0.6486885859375 0.32772377656249996
0 0.6246788859375 0.111036328125 0.61296481875 0.1162728015625 0.609894725 0.12181805781249999 0.6108962390625 0.1263777765625 0.6127323515625 0.1347372609375 0.6271499015625001 0.132047834375 0.640382628125 0.1288448359375 0.64245120625 0.1187398609375 0.6356925046875 0.11237224999999999 0.6246788859375 0.111036328125
0 0.5740459671875 0.0464578890625 0.5884471296875 0.0485745640625 0.597123878125 0.039271142187500004 0.5966395062500001 0.032185179687499996 0.5824052640625 0.030828456250000004 0.570858115625 0.036824881250000004 0.56999074375 0.042637321875 0.5740459671875 0.0464578890625
0 0.613809696875 0.0176244828125 0.60346375625 0.019328373437499997 0.5983578578125 0.0253664 0.5978407140625001 0.0278926421875 0.5994935203125 0.0402982796875 0.609823075 0.0434004921875 0.627127409375 0.039211957812499997 0.6288457624999999 0.0323931796875 0.6256579109375 0.022760171875 0.613809696875 0.0176244828125
0 0.7248746109375 0.20603691093749998 0.7299477359375001 0.20961109375000003 0.73977653125 0.21043344687499999 0.7474353765625 0.2013764078125 0.750822921875 0.2021571609375 0.75087208125 0.18773884999999998 0.7398584640625 0.18640292812499998 0.7272934140625 0.1926457390625 0.7211696140624999 0.1989301484375 0.7248746109375 0.20603691093749998
0 0.76429116875 0.22931069218750003 0.7754880921874999 0.22660046562499997 0.7792258625 0.2240950203125 0.782295953125 0.21854976406249998 0.7824956484375 0.20969750937499998 0.7765715390625 0.2071296640625 0.7643567140625 0.210086278125 0.7604356390625 0.216637871875 0.7590511234375 0.22497655781249998 0.76429116875 0.22931069218750003
0 0.797868603125 0.2748071015625 0.8019074390625001 0.2834337703125 0.80714748125 0.28776790625 0.8190120828125 0.288097490625 0.8244518187500001 0.28357937187500004 0.8319437453124999 0.2737623796875 0.8297901812500001 0.2590768859375 0.8199613843750001 0.25825453125000003 0.8087644624999999 0.260964759375 0.799253115625 0.266468415625 0.798051909375 0.27076095 0.797868603125 0.2748071015625
0 0.896208778125 0.31743331406249997 0.9026664140625 0.31266880937499997 0.900830303125 0.304309325 0.8940716015625 0.2979417140625 0.885427628125 0.2976329296875 0.8748983796874998 0.3033829703125 0.8786033765625 0.310489734375 0.8797718109375001 0.31580940625 0.8880655609375001 0.3194043890625 0.896208778125 0.31743331406249997
0 0.9308071671875 0.4115043265625 0.9319592171875 0.42163010312500004 0.9380502421875001 0.42495790156249996 0.94587600625 0.41666081562499996 0.9538686921874999 0.409123684375 0.9545691421875 0.40255128906250004 0.9450905703124999 0.39844273750000003 0.9377819500000001 0.4042135796875 0.9308071671875 0.4115043265625
1 1 0 0.6333817703125 0 0.6356863984375 0.014730270312499998 0.6514393015625 0.0181204671875 0.6651727890625001 0.01719733125 0.6668419812499999 0.0247968625 0.6752862625 0.0339579015625 0.6742192 0.048622596875 0.6787587937499999 0.0595291265625 0.68378275625 0.07752161875 0.6883059625 0.09323425156250001 0.6938470703125 0.1087005015625 0.6970185359375 0.1231396109375 0.70187558125 0.14037215 0.6916801734375 0.1476420984375 0.6992734734375 0.157809475 0.7237031234375 0.15189625 0.7117893640625 0.165984975 0.7111053 0.167751265625 0.7287106999999999 0.17469484531249999 0.7360357093750001 0.16411789999999998 0.7530911921875 0.1831999296875 0.7581643171875 0.1867741125 0.7725327046875 0.19850299531249999 0.784865290625 0.2107246484375 0.8002679687500001 0.21740104062499999 0.8081101203125 0.204297853125 0.8197914140625 0.2086735875 0.8200924796875 0.21980570156249998 0.8180239015625 0.229910678125 0.8230642515625 0.243097065625 0.839985590625 0.2518069375 0.8543539796875 0.26353581875 0.855188575 0.2673355859375 0.845428378125 0.2961098078125 0.8363522453125001 0.3231177390625 0.8331510578125 0.367111825 0.8416608859375 0.3570484484375 0.8512541640624999 0.3275142734375 0.8594465421875 0.3111248875 0.868489903125 0.2937291640625 0.8781681656250001 0.288985459375 0.8918852640625001 0.2928684265625 0.9299992421875001 0.30045037343750003 0.9569654546875 0.2963242390625 0.9881701953124999 0.291972521875 1 0.2920489234375 1 0
0 0.0180291515625 0.96754335 0.011738434374999999 0.9730678078124999 0.006115390625 0.9816320765625001 0.004230118749999999 0.9876909015625 0.0058993109375 0.995290434375 0.018614895312499997 0.99461368125 0.031864009375 0.9866045796874999 0.029694059374999998 0.9767251890625002 0.026840046875000002 0.9686120875 0.0180291515625 0.96754335
1 0.459375 0.4796875 0 0.4796875 0 0.9432212328125 0.015106540625000001 0.9298336734374999 0.017443409375 0.9404730203125 0.028257334375 0.9506611953124999 0.0385541140625 0.963375615625 0.041558660937500005 0.9770547734375 0.031824717187500004 1 0.06721031562499999 1 0.0679421828125 0.9946792984374999 0.0784550421875 0.993735359375 0.09135725 1 0.1812486296875 1 0.1847193015625 0.9992278640624999 0.19234537499999999 0.9997830328124999 0.19239303125 1 0.3122183328125 1 0.3142447796875 0.9934874718749999 0.33750599531250003 0.982254575 0.353291671875 0.9760325640625 0.3523915296875 0.9914572125 0.36255416406249996 0.9937994734375 0.3830955125 0.984825634375 0.39801381875 0.9844160656250001 0.41431664062499995 0.9756678125 0.42112450468749996 0.9676171109375 0.4284003515625 0.9714584765625001 0.4399638875 0.960655946875 0.4539134515625 0.9460744515624999 0.459375 0.9431684562499999 0.459375 0.4796875
0 0.48897655625 0.7161328703125001 0.4787647609375 0.7282089218750001 0.4826366765625 0.7360756390625001 0.49059658749999996 0.7381507140625001 0.5058651203125 0.7344549484374999 0.5138578046875 0.726917815625 0.507966471875 0.7147377640625 0.48897655625 0.7161328703125001
0 0.5705623109375 0.750809165625 0.5670406203125 0.7396562531249999 0.5580628078125 0.7378275609375 0.5489016890625 0.7400450203125001 0.5451475328125001 0.7473565671875 0.54766770625 0.7539497625 0.55884824375 0.7560456375 0.5705623109375 0.750809165625
0 0.7063354515625 0.8516046062499999 0.6873455359375 0.8529997125 0.6818894125 0.8623239359374999 0.6876138265625 0.873744034375 0.7048853890625 0.87916770625 0.714229815625 0.872904096875 0.7124100890625 0.8597385078125 0.7063354515625 0.8516046062499999
0 0.8941435390624999 0.7549226453125 0.8916755734375 0.7827321296875001 0.9105805046875 0.7565465515625001 0.9293707265624999 0.7640037 0.92059260625 0.7533227531250001 0.9214763625 0.742704209375 0.9249294546875 0.7242605484375 0.913248159375 0.7198848124999999 0.8966115 0.727113159375 0.8904549265625 0.743009778125 0.8926576515625001 0.7432769625000001 0.8941435390624999 0.7549226453125
0 1 0.7118835921875 0.995832378125 0.7102998375 0.983617553125 0.71325645 0.9761092390624999 0.7278795468749999 0.9869231656250002 0.738067721875 0.9975701703125001 0.7474959453125 1 0.747624971875 1 0.7118835921875
1 1 0.4796875 0.459375 0.4796875 0.459375 0.6917118078125 0.47193745937500003 0.6922447359375 0.48690492656249995 0.67741685625 0.5007889453125001 0.682059775 0.507014115625 0.6957597328125 0.5251366625 0.7001770687500001 0.523218615625 0.7158481015625 0.51382503125 0.7365300234375 0.5090038125 0.758506265625 0.5002942921875 0.7774218968750001 0.5082050406249999 0.7939152828125 0.5167998578125 0.808642378125 0.5317837109375 0.7890083953125 0.5337673031250001 0.7541129468750001 0.5489344609375 0.7304328140624999 0.5812912515625 0.7362068703125 0.6170355859375001 0.74276168125 0.6468885859375 0.7371364406250001 0.6616235859375 0.740773021875 0.6752065390624999 0.7342838281249999 0.6889727984375 0.7237484828125 0.6933618578124999 0.7290889546875 0.6916271187499999 0.7407138375000001 0.6817163890625 0.763922003125 0.665698246875 0.788608475 0.6571884171875 0.7986718500000001 0.64999755625 0.81962095625 0.626503871875 0.8493183156249999 0.6325949 0.8526461125000001 0.6577577734375 0.8305482859375001 0.6561571796875001 0.852545328125 0.662748965625 0.8581529859374999 0.6722080968749999 0.8182466500000001 0.6822693609374999 0.8006045421875001 0.7001727734375001 0.76985924375 0.7128197578125001 0.739585915625 0.7178601078125 0.7527723046875 0.7105351000000001 0.76334925 0.7092847328125 0.7820600953125 0.730310453125 0.780172221875 0.7530217515625 0.7810777734375 0.7587267265625 0.7484829859375 0.7777330296875 0.7422817765625 0.7703230359375001 0.72806825 0.78015183125 0.728890603125 0.8015441640625 0.7189104265624999 0.8286936828125 0.7107381421875 0.8298129578125 0.7304761265625 0.8510055953125001 0.7293482046875 0.867809175 0.722879809375 0.8780209703124999 0.7108037578124999 0.885512896875 0.7009867671875 0.9004148171875 0.7053833015625 0.9096250953125 0.68874753125 0.929999525 0.6790137390625001 0.944099621875 0.6699983015625 0.9853000796875001 0.6672288890625 0.9942123468750002 0.6882819953125 0.9938262968749999 0.652359409375 1 0.6504368421875 1 0.4796875