0 0 0.0490539640625 0.0040166796875 0.0502656875 0.010656318750000001 0.0412936390625 0.0122564140625 0.028822189062499996 0.0097044203125 0.0181567859375 0.0043981937499999995 0.016735959375 0 0.016958740625 0 0.0490539640625
0 0.008987325000000001 0.07263578125 0.019976834375 0.0786498015625 0.029835171875 0.0751467171875 0.0307685609375 0.06787170625 0.0287269671875 0.059339382812499994 0.0230436828125 0.05474618906249999 0.0092999390625 0.0579767453125 0.008987325000000001 0.07263578125
0 0.2680034890625 0.058295687500000005 0.270868096875 0.054302054687500004 0.2697598921875 0.0384947203125 0.2596578375 0.037786146874999996 0.24931206874999998 0.03286591875 0.2551286921875 0.0364198265625 0.2544160546875 0.0541967265625 0.2680034890625 0.058295687500000005
0 0.2434865296875 0.10271620625 0.2380469625 0.10233466718749999 0.23000947031250002 0.1038681859375 0.23251552968750003 0.12711404843750002 0.24157382031250002 0.129846690625 0.24947797187499998 0.129352459375 0.2540530484375 0.11813831718750001 0.25460938125 0.1076909390625 0.24879275625 0.10413703125 0.2434865296875 0.10271620625
0 0.20919864062500002 0.162180978125 0.224873603125 0.16223180312500002 0.22891531718749997 0.1551748125 0.225829959375 0.148666559375 0.21754875 0.145988425 0.2071800125 0.1473584265625 0.20364869843750003 0.156548496875 0.20919864062500002 0.162180978125
1 0 0.31875 0.3390625 0.31875 0.3390625 0.255511634375 0.32923726875 0.24715139375 0.31229779375 0.23862275312499998 0.2906728640625 0.23605731093750001 0.28021671875 0.22588614062499998 0.27042728125000004 0.21051852968749998 0.2614149234375 0.19520542968750002 0.24367540000000001 0.1929125140625 0.2302213046875 0.1877742640625 0.21587975625000003 0.177330565625 0.1983839484375 0.17924930625 0.18890266875 0.18592475625 0.1849298546875 0.17411105625 0.1721195015625 0.1700666 0.168321503125 0.1813352453125 0.1543340453125 0.18035414375 0.15047160625 0.17379138593750001 0.14130294062499998 0.16580780312500001 0.1274488234375 0.1637874140625 0.116836371875 0.16094576249999998 0.0999613375 0.1702485265625 0.09181346875 0.166531103125 0.07227606875 0.159917521875 0.0684780703125 0.1711861671875 0.0653008484375 0.1898388359375 0.052867551562500004 0.18896674687499998 0.045919754687499995 0.17589573593750002 0.026713478125000002 0.185034984375 0.014969853124999998 0.172676228125 0 0.17229576562499999 0 0.31875
0 0.5654102890624999 0.1876402609375 0.5734707484375 0.1798165109375 0.5716958359375 0.1692056140625 0.56354796875 0.165488190625 0.556931296875 0.1681700078125 0.5550874859375 0.17642980156250002 0.5541540984375001 0.18370481562500002 0.5593269828125 0.18616492812500002 0.5654102890624999 0.1876402609375
0 0.597371390625 0.0913098734375 0.6019235015625 0.0863859640625 0.6043880859375 0.08551019374999999 0.598373678125 0.0651641703125 0.5941341812500001 0.05542904375 0.593113384375 0.0511628828125 0.5838802765625 0.02534789375 0.5838528546875 0.06834021875 0.577323590625 0.08256321250000001 0.5830298421875 0.080866175 0.5843173203124999 0.08305376249999999 0.5911317765625 0.09716406093749999 0.5945941921875 0.10684468124999999 0.597371390625 0.0913098734375
0 0.7575056171875 0.1937736125 0.7516430609375 0.2028001671875 0.7473346656250001 0.2119357328125 0.75039705625 0.22473421562499998 0.7581678671875001 0.225279271875 0.7655845875 0.216361728125 0.7666742828124999 0.2017571984375 0.7623014453125 0.193061359375 0.7575056171875 0.1937736125
0 0.7405572296875 0.2586491640625 0.7471509359375 0.26225757656250004 0.752480128125 0.2573881734375 0.7572115125 0.238844515625 0.74819915625 0.2235314125 0.73468061875 0.2005617578125 0.7338346390625 0.21937794375 0.73545324375 0.23731835937499998 0.735696959375 0.24153001562499998 0.7405572296875 0.2586491640625
0 0.8403362187500001 0.2509668375 0.8421111312499999 0.2615777375 0.8507923640625 0.261138009375 0.8602966109375 0.2481723265625 0.8627841609375 0.24100632656249998 0.8583009484375002 0.22705954374999998 0.8531280640624999 0.22459943125 0.8414488828125 0.230072078125 0.8394717296875001 0.2393711609375 0.8403362187500001 0.2509668375
0 0.8829838109375 0.27912556718750003 0.8880692890624999 0.27004450625 0.8863173421875 0.253143378125 0.8753048671875 0.2534195875 0.8684444796874999 0.25188975 0.8633819687500001 0.2546805796875 0.8524569 0.2664979640625 0.85511926875 0.282414309375 0.8702608671875 0.2866222828125 0.8829838109375 0.27912556718750003
0 0.6330259375 0.2961983015625 0.640396725 0.29986121875 0.647900853125 0.30248485 0.653496728125 0.2955368703125 0.6539197171875 0.28612877812500004 0.65174478125 0.2786357421875 0.645151075 0.27502733125 0.6391781453125001 0.2788029421875 0.631761425 0.2877204859375 0.6330259375 0.2961983015625
0 0.6220046421875 0.31875 0.620923765625 0.3110790421875 0.617571725 0.3066493640625 0.6057592015625 0.31316129843749996 0.6060035265625 0.31875 0.6220046421875 0.31875
0 0.157796246875 0.6502977859375 0.15061239531249998 0.6559623703125 0.1464579078125 0.6667742203125 0.14993086875 0.675653678125 0.1581587859375 0.676230796875 0.1735705546875 0.671143325 0.1714824203125 0.6586599171875 0.1673819734375 0.6546712234375001 0.157796246875 0.6502977859375
0 0.189701353125 0.55260640625 0.1805322046875 0.559365434375 0.18230659062500001 0.574294225 0.19554917031250002 0.5789241625 0.1995197671875 0.5767352765625 0.2010884859375 0.564508365625 0.200044421875 0.558266659375 0.1941155453125 0.5541497171875001 0.19244399375000001 0.5527987781249999 0.189701353125 0.55260640625
0 0.22386355937500002 0.7968066953124999 0.2362189453125 0.7939722359375 0.2408170296875 0.786892584375 0.23705734218750002 0.7730582375 0.23081472500000003 0.771386675 0.223187275 0.773319065625 0.218589190625 0.780398715625 0.21824842968749997 0.79024436875 0.22386355937500002 0.7968066953124999
0 0.1506515078125 0.9791930499999999 0.15093823281250002 0.9841479359375 0.15321025625 0.988008384375 0.1596097453125 0.9884572531250001 0.16603625625 0.9815058515625001 0.168205446875 0.9717884453125001 0.1600045484375 0.96381105625 0.1571050375 0.9648413765625001 0.1544922515625 0.9708265828125 0.1506515078125 0.9791930499999999
0 0.18466128125 0.9729426812499999 0.17781819375000002 0.9687616125 0.17110495781249999 0.9707581281250001 0.1674210859375 0.977901903125 0.176536196875 0.9859434140625 0.18466128125 0.9729426812499999
0 0.19173705624999998 0.9968791796875 0.1964649921875 0.99597710625 0.19850432812500002 0.980082125 0.1884750046875 0.9719764859375001 0.1811072625 0.986264034375 0.1845802234375 0.9951434921875 0.19173705624999998 0.9968791796875
0 0.22100075000000002 0.49558445781250005 0.21488798281250002 0.5000904765625 0.2172898578125 0.5101285015625 0.23128977968750003 0.5160452546875 0.2395447140625 0.5092221015625 0.23549830468750002 0.4904328640625 0.22100075000000002 0.49558445781250005
0 0.922353790625 0.31875 0.9206050640625 0.332379925 0.9264216890625001 0.33593383125 0.9366570828124999 0.3356031171875 0.94576130625 0.325755296875 0.9471913796875 0.31875 0.922353790625 0.31875
0 0.718555075 0.391612675 0.7243487359375 0.40145681250000004 0.7223945484375001 0.4044656625 0.735981984375 0.4085646265625 0.7412008015625 0.398444278125 0.7398259140625 0.3847155203125 0.736096815625 0.3771134734375 0.728059321875 0.37864699375 0.7228634703125 0.382477109375 0.718555075 0.391612675
0 0.691486125 0.4253677890625 0.6956152453125 0.42985197187499996 0.7038964546875001 0.432530109375 0.708448565625 0.4276061984375 0.7100486593750001 0.4151347484375 0.7052757984375 0.409556771875 0.6979050125 0.4058938546875 0.69193208125 0.4096694671875 0.6904653265625 0.421101628125 0.691486125 0.4253677890625
0 0.6213695546875 0.4340820390625 0.616794478125 0.4452961796875 0.6191027546875001 0.45174992812500003 0.62567349375 0.4616485703125 0.6403046921875 0.46372346249999996 0.6446130890624999 0.45458789531249993 0.6460798421874999 0.443155734375 0.6443049296875 0.4325448359375 0.6406862062500001 0.43019373437499997 0.6369341421875 0.42888191875 0.6273424875 0.43030642812500003 0.6213695546875 0.4340820390625
0 0.5720919203125 0.5187114171875 0.5805294359375 0.5140600359375 0.583927409375 0.505909253125 0.5822858390625 0.4942590671875 0.574248346875 0.4957925875 0.568808778125 0.49541104843749995 0.5624358234375 0.502304521875 0.56136909375 0.5106188234375 0.563544028125 0.51811185625 0.5720919203125 0.5187114171875
0 0.435533034375 0.629726615625 0.43775390156250005 0.6246391890625 0.438576915625 0.612113234375 0.4347144765625 0.6055504765624999 0.42370200156250004 0.6058266859375 0.421104075 0.6077417437499999 0.418483184375 0.6159470328125 0.41910395781250004 0.6233310578125 0.4230997375 0.6288545265625001 0.435533034375 0.629726615625
0 0.4448713765625 0.5202743937500001 0.449887953125 0.5300640265625 0.45412745 0.5397991531249999 0.4600774171875 0.5423137703125 0.46736079375 0.534435515625 0.46454211875 0.5258486890625 0.46016928124999995 0.5171528484375 0.45020056875000003 0.515404990625 0.4448713765625 0.5202743937500001
0 0.42511836562500005 0.643677078125 0.42029957187499994 0.6506795640625 0.42453906875 0.6604146906249999 0.44265564687500003 0.665879975 0.4490056375 0.66527673125 0.45617864218750004 0.6521475328124999 0.452472509375 0.63825525625 0.44392461718750004 0.6376556953125 0.430047534375 0.6419255375 0.42511836562500005 0.643677078125
0 0.45304803437499996 0.8354399890625 0.4525146703124999 0.839597140625 0.45479997968749997 0.8523411187499998 0.4616603671875 0.8538709546875001 0.470608284375 0.8513526531250001 0.47493964375 0.8359268562499999 0.47627305781249996 0.825533984375 0.47112313906250003 0.8167836375 0.46359604374999996 0.8204502390624999 0.4584001921875 0.8242803546874999 0.45489184531250004 0.8271801968750001 0.45304803437499996 0.8354399890625
0 0.42770360468749996 0.929088559375 0.430099290625 0.9470834796875 0.43331798906249996 0.9525524453124999 0.45547628281249997 0.9509607375 0.4579408671875 0.95008496875 0.459274278125 0.9396920921875 0.4584097890625 0.9280964125000001 0.453526553125 0.91726749375 0.44835366875 0.9148073796875 0.43953909375 0.9162863937499999 0.43785159062499995 0.9172166718749999 0.42770360468749996 0.929088559375
1 1 1 1 0.42488030625000006 0.9959270796874999 0.42365161718749994 0.9886896343749999 0.41894941093749993 0.9827626343750001 0.4101445609375 0.9736169374999999 0.3958707453125 0.9628481765625001 0.4003586125 0.9587420218750001 0.389584196875 0.9529483640624999 0.379740059375 0.9583234890625001 0.36229019375 0.957592340625 0.349655228125 0.9406298984374999 0.3474168171875 0.9317693921875 0.3614762921875 0.9277047125 0.3748235140625 0.9199339015625 0.37427845781249997 0.9082547187500001 0.37975110624999997 0.8948006249999999 0.37461285625 0.8828777265625 0.3758738484375 0.864094440625 0.3756050015625 0.847642396875 0.3754996734375 0.8310570125 0.37643363125 0.816292471875 0.3753980265625 0.7982862671875 0.3751836875 0.7950905328125 0.36342449062500004 0.7827676125 0.3678033453125 0.779567421875 0.3927462453125 0.7705550640625 0.3774331421875 0.7691342437500001 0.37628484375 0.756254990625 0.391111078125 0.7636028109375 0.4010642265625 0.739467365625 0.411955015625 0.7342715140625 0.415785134375 0.7180402203125 0.426181690625 0.702075609375 0.4344996734375 0.6902401203125 0.44730183906250004 0.6997858421875 0.458457790625 0.6914587015625 0.4683601171875 0.6808462484375 0.4655184640625 0.672054640625 0.46070724687500003 0.6578005 0.461804721875 0.643500425 0.4754826578125 0.6272691312500001 0.48587921562499997 0.6233837265625001 0.48560668749999997 0.5997401703125 0.4682186921875 0.577517434375 0.4519789953125001 0.537155153125 0.436564246875 0.54359255 0.447502175 0.5680131875 0.4649446765625 0.58053389375 0.47735793906249996 0.5936983390625 0.4908649953125 0.5946961703125 0.5014213859375001 0.5861023453125 0.5134022859374999 0.5652500421875001 0.5475934453125 0.5594519265625 0.5744514031250001 0.552343365625 0.60541200625 0.5476349468749999 0.617665434375 0.5362639234375 0.6451811421875 0.52145345 0.6567259984375 0.5175680437500001 0.6564534703125 0.5112639875 0.6444762515625 0.49454526249999997 0.6464494984375 0.489680534375 0.6660324453124999 0.4909220828125 0.680800490625 0.4982469359375 0.6970438718749999 0.49935514375 0.7128512062500001 0.5063259062500001 0.7196319875 0.5058799484375001 0.735330309375 0.5030797828125 0.7571553468750001 0.5010796656250001 0.7727446609374999 0.48940048281250004 0.7782173078125 0.48788779687500006 0.8022299296875002 0.48304603593749995 0.815522646875 0.4882833640625 0.835814165625 0.4903019921875 0.85063671875 0.48972269375 0.8673743296875 0.49886839375 0.88164814375 0.4963349109375 0.90139460625 0.5070577375 0.9094872046875 0.5069014296875001 0.9168167203124999 0.5082763187499999 0.9305454812499999 0.5047450046875 0.9397355515625 0.49319916406250003 0.9441689109375 0.480122125 0.9422030296875 0.4778782921875 0.9535806874999999 0.49419699375 0.9547253031250001 0.5073384734374999 0.9745225890625001 0.5172612531249999 0.9888509109375001 0.52332159375 0.9966164718750001 0.5251200828125 1 1 1