0 0.17405075781249998 0 0.1722368453125 0.010152201562500001 0.1817802671875 0.0225442640625 0.1963990953125 0.018868509375000002 0.20548740312499997 0.007074425 0.20061887656250002 0 0.17405075781249998 0
0 0.010216753125 0 0.011288925 0.0020197484375000002 0.0277782625 0.0084391421875 0.0385500296875 0.005730690625 0.037488201562500004 0 0.010216753125 0
0 0.1220091734375 0.10413555000000001 0.11210903750000001 0.12458613593750001 0.11759714218749999 0.14116750625000002 0.11951006875 0.1427996140625 0.1476254171875 0.12939101718749998 0.15827375625 0.1129784890625 0.14723392500000002 0.092510309375 0.1285809859375 0.096143853125 0.1220091734375 0.10413555000000001
0 0.1898968421875 0.16630691250000001 0.1993168375 0.16499489843749998 0.20744868125 0.152384759375 0.2078652 0.1459407484375 0.198861721875 0.1408087515625 0.1853652015625 0.1505415953125 0.1898968421875 0.16630691250000001
0 0.4195926109375 0.37163245312500004 0.41601743437499994 0.356683190625 0.4088844671875 0.36164634218749997 0.40349858281250006 0.36300056875000003 0.3992562140625 0.3661803625 0.397466715625 0.37825233125 0.4012925671875 0.3815165453125 0.4162642890625 0.38409134218749996 0.4195926109375 0.37163245312500004
0 0.45458261875000006 0.4431321421875 0.453728375 0.460251684375 0.46175418125 0.4687991453125 0.4700306625 0.46566156249999996 0.472402521875 0.45238662031250004 0.46978380625 0.43825341250000005 0.46304615 0.44100407343750003 0.45458261875000006 0.4431321421875
0 0.4096424265625 0.4787324734375 0.409455375 0.47772295624999994 0.403363703125 0.4665760828125 0.385854278125 0.47203519531250004 0.375248353125 0.47998468125000004 0.3755588328125 0.4946982734375 0.3776163953125 0.5058029359375 0.388949315625 0.506123028125 0.39839051875 0.50057949375 0.4059400015625 0.4891723328125 0.4096424265625 0.4787324734375
0 0.3854899296875 0.5830642359375 0.3772346578125 0.5819702984374999 0.37598510625000003 0.60130233125 0.38168146875 0.6146616953125 0.392453234375 0.6119532453125001 0.398047378125 0.607377015625 0.398650946875 0.6019425203125001 0.397362796875 0.5906443953125 0.39106286562500003 0.5827195265625 0.3854899296875 0.5830642359375
1 0 0.6296875 0.3678833015625 0.6296875 0.3680191046875 0.6191535046875 0.363279203125 0.60661019375 0.3520311125 0.58936401875 0.3451912359375 0.5741790859375 0.34367362031250004 0.5703344859375 0.3316561171875 0.5532817718749999 0.3295985546875 0.5421771078125001 0.336046940625 0.5204813359375 0.36474465 0.5058697624999999 0.3611482640625 0.49515202187499996 0.3261082078125 0.510301765625 0.3271919171875 0.48572869843750005 0.3378614640625 0.465084653125 0.330043915625 0.45331518437499996 0.3177333234375 0.45641055625 0.29126283750000004 0.44827463125 0.2862298484375 0.45587940781249997 0.26315130781249996 0.4225900328125 0.2452291828125 0.395399959375 0.22530930312500003 0.38350385781249996 0.21890715 0.3576433921875 0.2014189328125 0.358870984375 0.210341396875 0.341835865625 0.20641332499999998 0.320636053125 0.1985533625 0.31732962656249997 0.206289896875 0.306931978125 0.1988888671875 0.2887185 0.1833135765625 0.2915781984375 0.1752029390625 0.2999568171875 0.176865190625 0.313273971875 0.182042815625 0.3151417515625 0.1770098265625 0.32274652812500004 0.164949909375 0.3141568515625 0.162539453125 0.2968016390625 0.157217190625 0.2854613046875 0.15303844375 0.2759465375 0.1469891875 0.2563366234375 0.1437456953125 0.25186943125 0.12546686093749998 0.25752200468750003 0.120807971875 0.267145809375 0.12074434999999999 0.2798403703125 0.11687608281249999 0.28503919375 0.1073538671875 0.2684156109375 0.0967903578125 0.2679020578125 0.1011349484375 0.28265785781249997 0.0915279015625 0.2829603578125 0.0809856 0.2782152828125 0.0752468234375 0.273318959375 0.0627491796875 0.2754048171875 0.0568869734375 0.256804415625 0.0422681453125 0.26048017031250004 0.022284642187500002 0.2612786296875 0.0162527734375 0.276530390625 0.016210359375 0.28499342968749997 0 0.28465544375 0 0.6296875
0 0.211637184375 0.2749475953125 0.2254229765625 0.2841598625 0.234864178125 0.278616328125 0.23931480624999998 0.272214528125 0.23648783281250002 0.2613033265625 0.23077026093750003 0.2521754828125 0.21654674375 0.25363874375 0.20922672812499998 0.2575923828125 0.211637184375 0.2749475953125
0 0.6992489187500001 0.2845451234375 0.6931148312500001 0.2818612875 0.6875206890625 0.28643751875 0.6848171437499999 0.289230390625 0.6830276453125 0.301302359375 0.6924264328125 0.30422186406249996 0.7003288109375 0.29906525156249997 0.7038229765625 0.291847396875 0.6992489187500001 0.2845451234375
0 0.921961875 0.2348855140625 0.90711358125 0.2460147921875 0.9079852140625 0.26375692968750003 0.9087122109375001 0.27202650781250004 0.9173627921874999 0.2709079546875 0.9277816671875 0.2619489546875 0.933979378125 0.2519382265625 0.9326912281249999 0.240640103125 0.921961875 0.2348855140625
0 0.75914938125 0.3687991765625 0.7529940843749999 0.37034686250000004 0.750498796875 0.36991773125 0.7448622406250001 0.382957003125 0.7492280375 0.3934812828125 0.7557362265625 0.398184146875 0.7611221109375 0.396829921875 0.7701892109374999 0.3892673578125 0.7708139875000001 0.3796013421875 0.7652834671875001 0.37148301250000004 0.75914938125 0.3687991765625
0 0.7125469359375 0.3910823546875 0.6887163734375 0.392848115625 0.684474003125 0.3960279125 0.6838068125000001 0.41415696718749995 0.6879855578125 0.42367173437499994 0.694119646875 0.4263555671875 0.705473775 0.42244414375000006 0.71668326875 0.4090601609375 0.7199903828124999 0.400832790625 0.7125469359375 0.3910823546875
0 0.659375 0.5125525109375 0.6652484578125 0.5139125 0.6690955171875 0.512945196875 0.6770403125 0.4993255453125 0.6680368343749999 0.49419354687499994 0.659375 0.497236084375 0.659375 0.5125525109375
0 0.7334886015625 0.1607722875 0.73725083125 0.17673106562500002 0.7463777375 0.1955671359375 0.7600825171875 0.1826122875 0.761289653125 0.171743296875 0.7548450859375 0.15434587187499998 0.7404769328125 0.1463365796875 0.7366086640625 0.15153540468749999 0.7334886015625 0.1607722875
0 0.4351896734375 0.6939583890625001 0.43512605000000004 0.7066529515625 0.44452483750000005 0.7095724578125 0.4557555390625 0.6919569546875 0.49772412031249996 0.6359728671875 0.445421496875 0.6839898765625 0.4351896734375 0.6939583890625001
0 0.5219173328125 0.7535057249999999 0.5248291375 0.7474908453125 0.536433940625 0.7318943734375 0.5112091890625 0.7435196140625 0.49833744375 0.7435864406249999 0.4866304203125 0.7412473171875 0.47970571250000005 0.7429884640625 0.48061976093750003 0.752267559375 0.488271465625 0.7587959921875 0.495527859375 0.7675369140624999 0.504157234375 0.7706498828124999 0.5164678265625 0.7675545109375 0.5219173328125 0.7535057249999999
0 0.4663750359375 0.75796234375 0.46381612499999997 0.770227771875 0.46780782031249996 0.778733021875 0.47895369062500004 0.7780436015625 0.48510898593749996 0.776495915625 0.48132555000000005 0.7647686578125 0.4763561828125 0.7596788734375 0.4663750359375 0.75796234375
1 0 0.6296875 0 1 0.45303262499999997 1 0.4513592 0.9941782484375 0.45647701874999996 0.9696473937500001 0.45198779218749996 0.9454190359375 0.44423386875000004 0.9209550078125 0.42558092812500004 0.92458855 0.41930220625 0.9124321625 0.42533407343749996 0.8971804000000001 0.43059652968749995 0.8821220984375 0.42280018750000004 0.8661211109375 0.425588565625 0.8464021578125 0.43607106093750003 0.8247485953125 0.42981354375 0.8083606859374999 0.41448892812500004 0.7995353421875 0.40837604687500006 0.7926199859375 0.4108115296875 0.7666504828124999 0.40261987968749996 0.7528619843750001 0.3837798890625 0.7554860140625 0.37795628125 0.7675157703125001 0.3643363328125 0.7635445375 0.3678517046875 0.7520951625000001 0.3415084640625 0.7185701171875001 0.33061326874999997 0.7075744921875 0.3284110703125 0.6869972734375 0.3163299453125 0.6826391203125001 0.2978216421875 0.6957452203125001 0.2765499890625 0.6852455546875 0.2744924265625 0.674140890625 0.2854936609375 0.663978915625 0.277114959375 0.6491809015625 0.2712913515625 0.6612106578125 0.2643878515625 0.658720284375 0.2625809625 0.6359305749999999 0.23413392656249998 0.6388571046875 0.2288926796875 0.649683884375 0.22313269375 0.6490190796875 0.2230888984375 0.6296875 0.188856634375 0.6296875 0.1995528046875 0.6390997953124999 0.18239011875 0.6296875 0 0.6296875
0 0.6858022187499999 0.71217025 0.688607984375 0.7273129734375 0.6956985375 0.7308128609375 0.70416206875 0.7286847937500001 0.705951565625 0.716612825 0.70503751875 0.70733373125 0.69640814375 0.7042207640625 0.6858022187499999 0.71217025
0 0.7490310015625 0.78396541875 0.7426674484375 0.7887351078125 0.7420214625 0.80263264375 0.743330821875 0.8096992484375001 0.7515860937500001 0.8107931859375 0.7565978765625 0.8074199328124999 0.7599049890625 0.7991925625 0.7586168390625 0.7878944390625 0.7546039359375001 0.78362070625 0.7490310015625 0.78396541875
0 0.6766524078125 0.9278933593750001 0.6695406484374999 0.9286249906249999 0.669289975 0.9403100375000001 0.6709522265625 0.953627190625 0.6732392546875 0.957278328125 0.6790204484375 0.9537116140624999 0.683658128125 0.948319328125 0.6843253203125 0.930190271875 0.68241239375 0.9285581624999999 0.6766524078125 0.9278933593750001