0 0.0548164640625 0.0739485859375 0.054167684375000004 0.06337550625 0.052468104687499996 0.05577805625 0.0472917375 0.051820971874999996 0.0433089578125 0.0522403375 0.0400137734375 0.053815156249999996 0.036861378125 0.062742059375 0.036913364062499995 0.0711269171875 0.039482140625 0.077814275 0.04822609375 0.07709822499999999 0.0548164640625 0.0739485859375
0 0.0383163109375 0.2346929796875 0.029844759375000002 0.23231071406249998 0.01881760625 0.2410435765625 0.018000396874999998 0.2503385265625 0.0191031828125 0.25574774843750003 0.026705537499999998 0.25904010624999996 0.0376030765625 0.26075764375 0.0402106671875 0.258027371875 0.0430386734375 0.24381392656249998 0.0383163109375 0.2346929796875
0 0.0671176578125 0.3020572765625 0.057776909375 0.30058510156249996 0.053755315625 0.3104220984375 0.058477678125 0.31954304218749996 0.063472440625 0.3255656734375 0.07281318906249999 0.32703784687500004 0.077613178125 0.31732353281250003 0.078157984375 0.3111269 0.0749016140625 0.303284090625 0.0671176578125 0.3020572765625
0 0.1697238015625 0.37372421093749997 0.1667010203125 0.37220071250000003 0.1604738546875 0.37121926250000004 0.15466188125 0.37449158125 0.1483051 0.38396053281250003 0.1474878921875 0.39325548125 0.1508350640625 0.4000655203125 0.162329396875 0.40397128281250005 0.1657153828125 0.4013636921875 0.169736975 0.391526696875 0.1705541859375 0.3822317484375 0.1697238015625 0.37372421093749997
0 0.3236389 0.427300759375 0.33288884687500003 0.4298057078125 0.349598359375 0.4282509265625 0.35637033125 0.42303574375 0.3620915046875 0.42079619687500003 0.3656590921875 0.4161230625 0.35736914375 0.41167525156250007 0.3421644359375 0.4050905375 0.337494059375 0.40435445000000003 0.32865930468750004 0.40610327343749997 0.3230289328125 0.40731004843749996 0.3205121453125 0.40900754843750003 0.3161661609375 0.4135580015625 0.3154397515625 0.4218201796875 0.3236389 0.427300759375
0 0.195645153125 0.44691709687500003 0.193076378125 0.44022973906249996 0.19229798125 0.44010705781250004 0.182957234375 0.43863488124999994 0.1737592734375 0.4445147921875 0.172942065625 0.45380973906250005 0.1731756546875 0.460129053125 0.1806872078125 0.46445418125 0.1883803640625 0.4667137671875 0.19350474374999999 0.46228599531250003 0.19464634218750002 0.4582775875 0.195645153125 0.44691709687500003
0 0.13165039843749998 0.645200534375 0.129587615625 0.6417341750000001 0.1221668625 0.636376275 0.11123050937500001 0.6440763671874999 0.10807811249999999 0.6530032718750001 0.11115288125 0.662911625 0.116238446875 0.66790148125 0.1232440078125 0.6690056125 0.12749919062499998 0.6654879328125001 0.1305607859375 0.6575938 0.13165039843749998 0.645200534375
0 0.0976068203125 0.48486671875000004 0.10370437031249999 0.4962985671875 0.11304511875 0.49777074375 0.1227490703125 0.49511183125 0.12168509999999999 0.4802849796875 0.11851952968749999 0.47140939531250003 0.1085819875 0.467748996875 0.10034402499999999 0.47168604375 0.0976068203125 0.48486671875000004
0 0.6014762078125 0 0.5957072906249999 0.0156162390625 0.5974976703125 0.022180915625 0.60560601875 0.0286942703125 0.610185590625 0.030463128125 0.61645156875 0.02202695 0.618864384375 0.0035597343750000004 0.6147814515625 0 0.6014762078125 0
0 0.5038249312499999 0 0.510044953125 0.011538929687500001 0.5186073046875 0.0128884234375 0.527805265625 0.007008515625 0.5284214515625 0 0.5038249312499999 0
0 0.8062761375 0.035191465625 0.7983493906250001 0.026612565625 0.7879190312500001 0.0375336546875 0.7900338015624999 0.049384871875 0.7945225734375001 0.0521865046875 0.8023973312500001 0.052380543749999994 0.8040449234375 0.051593134375 0.8089357140625001 0.04084605 0.8084297218750001 0.0376250515625 0.8062761375 0.035191465625
0 0.9683280453125 0.3193616140625 0.9550953203125001 0.3172760328125 0.946260565625 0.31902485468749997 0.9420573687499999 0.3309273953125 0.94325095625 0.3353038453125 0.9500749140625 0.338473521875 0.9584036781249999 0.33350370156250003 0.9655388546874999 0.32415743125 0.9682372453125 0.32039438750000004 0.9683280453125 0.3193616140625
0 0.9564199328124999 0.4368522625 0.9652027015625 0.426718584375 0.9507244015625 0.4118716953125 0.9438096421874999 0.40973479062499996 0.9371284718750001 0.4139172015625 0.931965278125 0.42776260468749994 0.9334832546874999 0.437425596875 0.9339892484375 0.44064659375000004 0.946443578125 0.44260949375 0.9564199328124999 0.4368522625
1 0.4390625 0.6796875 0.8215540375 0.6796875 0.8198403140625 0.67081449375 0.8242251093749999 0.6568464109375001 0.8465649953125001 0.6540848546875 0.8476026203125 0.63330673125 0.8519742453125 0.6015361625 0.842581509375 0.591679128125 0.8516754953125 0.569029503125 0.840362765625 0.5630581953125 0.833071628125 0.54724989375 0.8481723625 0.5370648921875001 0.8512207843749999 0.5113682734375 0.84246365625 0.49428183593749997 0.8574216031249999 0.47674474843750003 0.8604831984375 0.46885061562499997 0.8746627499999999 0.45119084843749996 0.867099209375 0.4384808609375 0.851622096875 0.4349944640625 0.8477689312500001 0.42496342968749995 0.8251954578125 0.4214056734375 0.8220687015625 0.40311245937500007 0.8319410828125001 0.380585515625 0.8190715609375001 0.3743688453125 0.8196031937499999 0.3503697265625 0.805799315625 0.31887580312499997 0.8034897687499999 0.29128764375 0.7913598281249999 0.2946112828125 0.78527545 0.30098192031250004 0.76891596875 0.2806031265625 0.7723795828125001 0.25916027656249996 0.7607944484375 0.25628728437500004 0.760690475 0.23951756875000002 0.7727684265625 0.22780907187500002 0.7699140734375 0.2064175421875 0.754852153125 0.2071849140625 0.747535375 0.218596728125 0.7308646765625 0.21073388125 0.7376622890625001 0.17829858437499999 0.7307863421875 0.16674405 0.7149716671874999 0.140168625 0.7197584812500001 0.11265182343749999 0.7117409359375 0.105105696875 0.695537415625 0.109881475 0.6872994546875001 0.11381852343750001 0.6674763593749999 0.114882578125 0.6579020203124999 0.107091090625 0.643800096875 0.1059156 0.6293349703125 0.10887119687499999 0.6210062078125 0.113841015625 0.601312728125 0.10445467187499999 0.6229518453125 0.0827351734375 0.582851646875 0.09002714843750001 0.5537266171875 0.0802014015625 0.5365111109375 0.0785351828125 0.5104864906250001 0.0513976734375 0.5005621234375 0.0655397609375 0.48756298593749997 0.06977349375 0.4706718703125 0.07339381874999999 0.452457553125 0.0830880953125 0.4390625 0.08805637656250001 0.4390625 0.6796875
0 0.0888967640625 0.717322825 0.09402114375000001 0.712895053125 0.0946567515625 0.7056656484375 0.091763584375 0.6936917499999999 0.082241234375 0.6942851171875 0.078167653125 0.6957372546875 0.0755600625 0.698467528125 0.0718108734375 0.7052062078125 0.0779992234375 0.7156052859375001 0.08111280781249999 0.7160960109375 0.0888967640625 0.717322825
0 0 0.6796875 0 0.7054061609375 0.00464843125 0.7061387906250001 0.0112388 0.7029891546875 0.0151695921875 0.6941849328125 0.018502857812500002 0.6796875 0 0.6796875
0 0.24496267500000002 1 0.25345229062499997 0.9819929890625 0.2460315375 0.9766350875 0.24136116406250002 0.9758990000000001 0.23614598281250002 0.9813595453125 0.2338627828125 0.989376359375 0.2362499578125 0.9981292609375 0.242902475 1 0.24496267500000002 1
0 0.704458375 0.778319909375 0.71808794375 0.7816999015625 0.7209877109375 0.769838303125 0.7064880453125 0.75523441875 0.6996960921875 0.7480046421875001 0.6894857468750001 0.7796556921875 0.704458375 0.778319909375
0 0.5836694343750001 0.737109103125 0.58841621875 0.74648026875 0.5984895734375 0.7480679078125 0.6107605875 0.73521956875 0.6110810625 0.7315744921875 0.6116151859375 0.7254993625 0.608379446875 0.720061934375 0.602182778125 0.716621565625 0.59362046875 0.7189676656249999 0.58861436875 0.7231061140625 0.5836694343750001 0.737109103125
0 0.5016335359374999 0.804250653125 0.494048146875 0.8166056218750001 0.4952998796875 0.8340489765625 0.5121651875 0.8428663953125 0.5199185640625 0.839160940625 0.523734090625 0.827443671875 0.5241002265625 0.8127190296875 0.5230164828125 0.8039251875 0.5016335359374999 0.804250653125
0 0.5675380624999999 0.8466661468750001 0.5562284734375 0.848579253125 0.5549465765624999 0.8631595624999999 0.5582434765625 0.8784615296875 0.5600749953124999 0.878750190625 0.567828371875 0.8750447328125001 0.5747728125 0.8699799203125 0.5789699734375 0.864482115625 0.5805266828125 0.8573362921875001 0.5747573140625 0.84903581875 0.5675380624999999 0.8466661468750001