0 0.1752775375 0.368269478125 0.178866578125 0.366059434375 0.1812769078125 0.3561984078125 0.17267955625 0.34451244375 0.166155775 0.34490722812499996 0.16297086562500002 0.3545660234375 0.16553515937500002 0.363627796875 0.1729538015625 0.3676627796875 0.1752775375 0.368269478125
0 0.097386565625 0.231490378125 0.1026883390625 0.22867847343749997 0.1057096734375 0.22002600781249998 0.10342923281250001 0.21418544218750002 0.098377625 0.20552329687499998 0.0884283765625 0.20712180156249999 0.0841850359375 0.21335715156249999 0.08609503125 0.2264442296875 0.09041535625 0.2296702796875 0.097386565625 0.231490378125
0 0.1315642453125 0.2099917859375 0.133767703125 0.206370946875 0.13552373125 0.200535225 0.13511959843750002 0.1930864765625 0.13039514218749998 0.182411678125 0.12399163906249999 0.1870340015625 0.12085002656249999 0.19145893125 0.11998885468750001 0.201724425 0.1256514671875 0.2115951328125 0.1315642453125 0.2099917859375
0 0.210022815625 0.18431889375 0.21194241875 0.17747684531250002 0.2027340640625 0.16458231875 0.1957628515625 0.162762221875 0.1875696328125 0.1585250046875 0.184832153125 0.170398684375 0.185683715625 0.18006231718750002 0.19244805625 0.18812260625 0.20549562031250002 0.18733303125 0.210022815625 0.18431889375
0 0.26957394843750004 0.13587593125 0.2645223421875 0.1272137828125 0.2574308515625 0.1211661484375 0.24898746562500002 0.128402984375 0.245518703125 0.134840565625 0.248694003125 0.1451108984375 0.2610872671875 0.1483466296875 0.2682653484375 0.1439265390625 0.26957394843750004 0.13587593125
0 0.377586803125 0.12211543750000001 0.3700478828125 0.11385291718749999 0.3627495203125 0.11404547031250001 0.3570773015625 0.124103890625 0.3688932484375 0.140826325 0.3767593171875 0.14707619375 0.38267209687500003 0.1454728484375 0.3834129890625 0.13097981875 0.377586803125 0.12211543750000001
0 0.48775020781249995 0.129897096875 0.5033620671875 0.138169296875 0.5146968984375 0.13798158437500002 0.522322409375 0.135776378125 0.5256275968749999 0.130345121875 0.518415828125 0.1200699484375 0.512666625 0.12066696875 0.507080996875 0.1202576625 0.4985606265625 0.11803309843750001 0.48849109999999996 0.1154040671875 0.4851859125 0.1208353234375 0.48775020781249995 0.129897096875
0 0.4113025828125 0.043848442187499996 0.40172378125 0.038200432812500004 0.3925491109375 0.040001171875000005 0.3898116328125 0.05187484999999999 0.396739546875 0.058928812500000004 0.407136225 0.05954519375 0.40978711093750003 0.0581392390625 0.4170854734375 0.0579466859375 0.41696519531250004 0.053719148437499996 0.4113025828125 0.043848442187499996
0 0.375531125 0 0.3720155328125 0.0073652328125 0.3750272578125 0.018641892187500002 0.3836679046875 0.0250939953125 0.398428203125 0.0237025625 0.40605371406249996 0.0214973578125 0.4084207484375 0.01687019375 0.40055467812499995 0.010620325 0.39301575781250003 0.002357803125 0.392048621875 0 0.375531125 0
0 0.836371409375 0.3907662234375 0.837463528125 0.40888493124999997 0.84520931875 0.4109072625 0.851939971875 0.4042722875 0.8551681765625 0.38937963125 0.8479131109375 0.38433832031250004 0.8407783249999999 0.3835245484375 0.836371409375 0.3907662234375
0 0.661934809375 0.5296875 0.6596039234375001 0.5145577984374999 0.6539076265625 0.489991828125 0.6491831687499999 0.4793170296875 0.6391906265625 0.48614939843749994 0.6427267609375 0.5091023421875 0.6452044640625 0.52863184375 0.6450328703125 0.5296875 0.661934809375 0.5296875
0 0.6524786390624999 0.324920484375 0.6476242937500001 0.3299472734375 0.647253846875 0.33719378906249997 0.6507562953125 0.345451471875 0.6527095875000001 0.35330468593750003 0.667633459375 0.3509069265625 0.6715929468749999 0.3414503671875 0.668254075 0.3321863578125 0.6571261125 0.326133884375 0.6524786390624999 0.324920484375
0 0.6156261046875 0.4820950546875 0.60515244375 0.47201727499999996 0.5955640328125 0.48629839218750004 0.5953908484375 0.5072338453125 0.609169696875 0.5118803671875 0.6119071765624999 0.5000066890625 0.6156261046875 0.4820950546875
0 0.5506383406250001 0.305674453125 0.54928644375 0.318958925 0.5490362765625 0.3304329765625 0.554742184375 0.3350698203125 0.5646914328125 0.33347131406249997 0.5717492359375 0.3248236875 0.57591559375 0.3091269375 0.571802140625 0.299660696875 0.5615690390625 0.298037990625 0.5506383406250001 0.305674453125
1 1 0 0.5296875 0 0.5296875 0.22448065625 0.5298834234375 0.22472518749999998 0.5469674578125 0.22394045468749998 0.5556850890625 0.23985395468749998 0.582424909375 0.254178634375 0.5953425859375 0.2690906484375 0.612142765625 0.2650847046875 0.6210768765625 0.2548288921875 0.6378337625 0.256056809375 0.6607872796875001 0.25890259375 0.68084935 0.25469925781249997 0.699275671875 0.26055918125 0.705024875 0.259962159375 0.7150944015625 0.26259119062499997 0.733641003125 0.27267865156250004 0.7565175375 0.266063034375 0.759692834375 0.2763333671875 0.766457175 0.28439365625 0.7690214703125 0.2934554296875 0.7814147359375 0.296691159375 0.7876546640625 0.2930751625 0.7939811828125001 0.2789914375 0.794274646875 0.26228352187500004 0.8013324515625 0.25363589375 0.8093284078125 0.2441841734375 0.812513315625 0.23452538125000003 0.826792496875 0.2162237984375 0.8455122812500001 0.2053758046875 0.8510883015624999 0.2257142375 0.8630341375 0.226735084375 0.8715641156249999 0.209030521875 0.8691633953125001 0.198962421875 0.8637509515625 0.17761766406249999 0.8763943828125 0.16937934062499999 0.874200534375 0.1530710515625 0.8921457390625 0.14202082656249998 0.905150009375 0.146465115625 0.9125782578124999 0.1305709734375 0.9315482109375001 0.108248928125 0.9399915968750001 0.1010120921875 0.9586343984374999 0.0807026984375 0.9586440078125001 0.060773571875 0.9581628921875 0.0438634234375 0.9697382796875 0.0521307828125 0.9846621531250002 0.049733025 0.9930622437500001 0.047730053125 1 0.0446615609375 1 0
0 0.0925355984375 0.8977306 0.083898353125 0.9041146203124999 0.0901244296875 0.924252528125 0.106142396875 0.9309029375 0.11583241562499999 0.9297304140625 0.11938692656250001 0.9195510406249999 0.11128737343749999 0.9050947765625 0.1011219046875 0.89750406875 0.0925355984375 0.8977306
0 0 0.8308339421875001 0.001765209375 0.8308360593749999 0.008336537500000001 0.8313175953125 0.009977940624999999 0.8095313187500001 0.0016350109375 0.8024164546874999 0 0.8019895734375 0 0.8308339421875001
1 0.5296875 0.5296875 0 0.5296875 0 0.7340131515625 0.014517265625000001 0.7465403187499999 0.0294711546875 0.771425265625 0.04764560625 0.7823411828125 0.0618410359375 0.7885157484375 0.0732913515625 0.8174225828124999 0.0927110171875 0.8323660796875 0.10315949531249999 0.8499039328125001 0.12191127187499999 0.8572681093749999 0.15021156093750002 0.858486184375 0.163303278125 0.8656067453125 0.1906413625 0.8727443875 0.2024878640625 0.875837365625 0.23015989375 0.8867646656249999 0.23533319531250002 0.9016910796875 0.24579297812499998 0.895782903125 0.265456021875 0.9033850000000001 0.2897376578125 0.8825731859375001 0.307963046875 0.8873316125 0.32546960625 0.89066820625 0.3347634359375 0.9153095390624999 0.358365875 0.9103644375 0.3713783296875 0.882907903125 0.3805419609375 0.879129634375 0.39435250625 0.887672028125 0.41183074218750004 0.85027404375 0.42200751406250003 0.8344187218750001 0.42681854374999995 0.8048208953125 0.4375217046875 0.7915713203125 0.46195614999999995 0.7522870484374999 0.48028341093750004 0.7447305046875 0.4969013109375 0.7009371124999999 0.518975525 0.6820172796875 0.5271882546875 0.6607125421875 0.5296875 0.6546664359375 0.5296875 0.5296875
0 1 0.7359338234375 0.9947496203124999 0.7310753437499999 0.989284271875 0.7348935765625 0.9837323296874999 0.7491795328124999 0.9902897984374999 0.763480009375 1 0.7650197953125 1 0.7359338234375
0 0.5296875 0.9006065546875 0.5325859375 0.9167277859375 0.5390664234375 0.9215668625 0.5468122140625 0.92358919375 0.5514596875 0.92480259375 0.555298896875 0.9111184953125001 0.554120184375 0.9034675140624999 0.55167616875 0.8986332765625 0.54768299375 0.893394575 0.54552283125 0.8917815484375 0.5410389328125 0.8895618234375 0.5387151968749999 0.8889551234375 0.5343515765625 0.8909629359375 0.5296875 0.90008044375 0.5296875 0.9006065546875
0 0.74275340625 1 0.73849406875 0.9862234015624999 0.7336926296875 0.9660872015624999 0.73422665 0.9578343609375001 0.7218766828125001 0.9493647656250002 0.7231852828124999 0.9413141578124999 0.7264134875 0.9264215015625 0.7225838875 0.9201764734375001 0.7141068140625 0.91271804375 0.7149679859375 0.9024525515625001 0.711095090625 0.9014413859375001 0.70938235625 0.90204324375 0.7043644375 0.9080763609375 0.6993032218749999 0.919343340625 0.70365723125 0.93726465625 0.7125384375 0.9521718328125001 0.7109026875 0.962235090625 0.7238203640625 0.9771471078125 0.7353739625 1 0.74275340625 1
1 1 0.5296875 0.5296875 0.5296875 0.5296875 0.8526165875 0.5343274984375 0.8563385453125001 0.5326917484375 0.8664018062500001 0.5452822734375 0.8833264749999999 0.55066103125 0.8899759703125 0.564964290625 0.9062987796875 0.579758275 0.9196026093749999 0.5793974375000001 0.906919996875 0.5756544296875 0.8902072437499999 0.570525840625 0.8720836953125 0.575500465625 0.8712844421874999 0.5855699921874999 0.873913471875 0.5949852203125 0.8805678078125 0.6139888578125 0.8729410265624999 0.6217346484374999 0.8749633593749999 0.638404940625 0.886659003125 0.640271640625 0.9049799453125 0.636312153125 0.9144365046875 0.6375678484375 0.9315488875 0.6482050828125 0.940620340625 0.6531460203125 0.9251258234374999 0.6582938281249999 0.9033911187499999 0.6651880578125 0.8957498171875 0.6801889125 0.902813459375 0.7029018703125 0.8972041671875001 0.714891003125 0.8929911515625001 0.7273275640625 0.8909930171875 0.7336444734375 0.8968384203124999 0.741880990625 0.8958417734375 0.7455470125 0.9030931296875 0.7497807453125 0.9167869062499999 0.7654359015625 0.9198252437499999 0.778286203125 0.905346734375 0.7686304171874999 0.890237325 0.7863350656250001 0.8707320234375 0.79686163125 0.8556468125000001 0.8043331765625 0.8345188078125 0.8106067921874999 0.8455980734375 0.8128006421875 0.8619063624999999 0.826622784375 0.8613190218749999 0.8394297921874999 0.8520743734374999 0.8348689109375 0.8403932484375 0.8269258578125 0.8246819796875 0.83916515625 0.8089949109375001 0.84525111875 0.7864561109375 0.855450534375 0.7733835515624999 0.8658472125 0.77399993125 0.874617746875 0.7647504453125 0.8891374875 0.7549039375 0.8901622343750001 0.74363211875 0.8940447390624999 0.7247141578124999 0.9030991281249999 0.71868588125 0.9091321859375 0.721310071875 0.9165171390625 0.7106497921875 0.9276883953125001 0.7114684062500001 0.940899534375 0.70967250625 0.9457971749999998 0.6994118515625 0.9510989500000001 0.6965999484375 0.9527346999999999 0.6865366875000001 0.9639925500000001 0.6768875734375 0.9767995562500001 0.6676429265625 0.9764387187499999 0.6549603140625 0.9839439500000001 0.6485275734375 0.9732297328125 0.62999471875 0.9752359281250002 0.6126849421875 0.9788345796875 0.5905457703125 0.9912711406250001 0.5885476390625 1 0.588815403125 1 0.5702337843749999 0.9845500968749998 0.5752534875 0.9810909437500002 0.5617619421875 0.98338099375 0.5476733796875 0.9883123218750001 0.5521079890625 1 0.552304615625 1 0.5296875