0 0.3081108078125 0.31334863125 0.30231349218750003 0.32226941249999996 0.311219790625 0.3300406171875 0.3204758328125 0.3323608328125 0.3249338171875 0.328027571875 0.3288019203125 0.3166011453125 0.3269226703125 0.313316784375 0.3155375625 0.311605775 0.3081108078125 0.31334863125
0 0.20510650468749997 0.3714875546875 0.187034415625 0.37627643125 0.1893536609375 0.3889901 0.2074660390625 0.3998602328125 0.23240561406250002 0.41833205937500006 0.2359739375 0.4115779078125 0.2152425359375 0.392666384375 0.2096547453125 0.382034590625 0.20510650468749997 0.3714875546875
0 0.1625848015625 0.3664552 0.1477312953125 0.36994091562500003 0.14911091406250002 0.381012403125 0.15578822187500002 0.3909502375 0.1723211265625 0.3938637328125 0.1800476578125 0.3874485984375 0.178867890625 0.373262259375 0.1625848015625 0.3664552
1 0.359375 0 0 0 0 0.33987903125 0.0020038421875 0.344752434375 0.019676225 0.346193259375 0.046114693750000005 0.3413037015625 0.0479036921875 0.3297077640625 0.0699341359375 0.3283727546875 0.07943031874999999 0.343237128125 0.0878369859375 0.35879546093750003 0.1053594796875 0.36257242343749996 0.12832955 0.36287959375 0.1353066359375 0.36814515000000003 0.1468915953125 0.3667413109375 0.1513092921875 0.346749040625 0.166462578125 0.3385910484375 0.16977141093749998 0.3521681828125 0.1808567421875 0.35855147187499997 0.191112046875 0.3452974296875 0.1879531015625 0.32938415625 0.184644265625 0.3158070234375 0.19820840625 0.3161301171875 0.20032779843749998 0.331958634375 0.2205289546875 0.326560553125 0.2345427609375 0.31987523125 0.2480569359375 0.3209770375 0.2724162984375 0.3159179734375 0.29811499218750004 0.30627138593750003 0.316786640625 0.2921379546875 0.3264327109375 0.3046661890625 0.336418853125 0.32818115937500003 0.359375 0.3583008296875 0.359375 0.313151090625 0.3516817375 0.3020280171875 0.3373875 0.28051016875 0.3339287765625 0.2692691734375 0.35354004843750003 0.25677792187500004 0.359375 0.2506310484375 0.359375 0
0 0.7864534546875 0.1349704890625 0.7951599015624999 0.14585654374999998 0.805605384375 0.1459253765625 0.8089238921875002 0.1430647875 0.8090737812499998 0.1407286484375 0.8074943093750001 0.13277201249999998 0.7994277109375 0.1282004140625 0.7889322640625 0.128910296875 0.7864534546875 0.1349704890625
0 0.6861745890625001 0.0203358515625 0.6786978734375 0.0228574234375 0.673940109375 0.031862959375 0.680817265625 0.0386859421875 0.6858151734375 0.0422245640625 0.69527106875 0.041429928125 0.699729053125 0.03709666875 0.700178721875 0.0300882546875 0.698399396875 0.02524646875 0.6861745890625001 0.0203358515625
0 0.6529395421874999 0.049720446875000004 0.6475918937499999 0.0516328125 0.6410048390625 0.0565752765625 0.649961103125 0.0635677671875 0.6571380375 0.06571847343750001 0.6634253140624999 0.06544828750000001 0.667683446875 0.064229878125 0.6711518453125 0.059033153125 0.6632850984375 0.0513467015625 0.6529395421874999 0.049720446875000004
0 0.620974515625 0.108171675 0.6117684359375 0.10507274687499998 0.5992438484375 0.10483440937499999 0.6007733578125001 0.11356975625000001 0.600323690625 0.12057817343749999 0.6100197265625 0.1323276953125 0.6173465531250001 0.1321422625 0.621754575 0.1285877171875 0.62671219375 0.116467328125 0.620974515625 0.108171675
0 0.55000614375 0.1556151109375 0.5402005078125 0.16186073750000002 0.543859084375 0.16998688125 0.5507362421875 0.176809865625 0.5590526578125 0.1774879 0.5656896734375 0.1717667234375 0.5664890843749999 0.1593073203125 0.5574328953125 0.15387225468750002 0.55000614375 0.1556151109375
0 0.5111349359374999 0.2565565265625 0.4994500484375 0.2595177921875 0.49692127500000005 0.2663566984375 0.50260899375 0.2754310640625 0.5094361890625 0.28303276093749996 0.523889990625 0.285776746875 0.5273583859375 0.2805800203125 0.523749775 0.27167516406250003 0.5111349359374999 0.2565565265625
0 0.4780320234375 0.3978903265625 0.47492304062499996 0.3811983421875 0.4668564421875 0.37662674375 0.460469240625 0.3784543546875 0.45981971875000005 0.3885776203125 0.4592701265625 0.3971434625 0.45788083124999995 0.40250969843749995 0.4554519859375 0.407791178125 0.46321880625 0.41703505312500005 0.4696060078125 0.41520744218749994 0.474213884375 0.40853804374999997 0.4780320234375 0.3978903265625
0 0.429530903125 0.290608259375 0.43175989843749996 0.2884416296875 0.434488521875 0.278487871875 0.42979039375 0.270276971875 0.41726580625 0.270038634375 0.41255800468750004 0.2782654578125 0.4150271390625 0.28864298593750004 0.4228938859375 0.2963294359375 0.42700213124999997 0.297447165625 0.429530903125 0.290608259375
0 0.4054906671875 0.25811960156249997 0.4019320171875 0.24843603124999997 0.391836275 0.2429162125 0.3802013515625 0.24509876406250003 0.37559347656250003 0.2517681625 0.3742041828125 0.257134396875 0.380191678125 0.2615364875 0.38587939531250004 0.270610853125 0.3894880078125 0.27951571249999996 0.3947856953125 0.2783820578125 0.3993935703125 0.271712659375 0.4054906671875 0.25811960156249997
0 0.2564833171875 0.5770625109375 0.26627928125 0.5872546078124999 0.2796435671875 0.5906925515625 0.2992451640625 0.5946390234375001 0.30226389375 0.5964507109375 0.3036531890625 0.5910844765625 0.2979654703125 0.582010109375 0.28826943437499997 0.5702605875 0.2695575 0.568735009375 0.256783096875 0.5723902328125 0.2564833171875 0.5770625109375
0 0.17836703125 0.573042071875 0.17376882968750001 0.563273746875 0.152927828125 0.5623573734375 0.1483199515625 0.5690267703125 0.1559368828125 0.580606784375 0.167172103125 0.5846539328125 0.1714302359375 0.5834355234374999 0.1769777375 0.5784083078125001 0.17836703125 0.573042071875
0 0.08859328749999999 0.4412598296875 0.0741894484375 0.43773713125 0.06567318125 0.440173946875 0.0627946671875 0.4524638421875 0.07264059218749999 0.461877228125 0.082936184375 0.464282196875 0.09160234218749999 0.459509240625 0.0922518625 0.44938597500000005 0.08859328749999999 0.4412598296875
0 0.0614956265625 0.472710375 0.04402309375 0.46815470000000003 0.033177907812500004 0.4743155703125 0.030199465624999998 0.48816289218750003 0.0392556546875 0.4935979578125 0.0485616578125 0.4951394609375 0.053319425 0.486133925 0.0536192046875 0.48146164843749994 0.0614956265625 0.472710375
0 0 0.5525679421875 0.00402208125 0.5541310640624999 0.013677828125 0.5502215749999999 0.0204147703125 0.5429429734375 0.019035151562499998 0.5318714859375 0.0215639234375 0.52503258125 0.006070570312500001 0.5222038390625 0 0.5239408515624999 0 0.5525679421875
0 0.5409362265625 0.812351259375 0.5463945296875 0.8250070546874999 0.5599376515625 0.8289290421875 0.5654673875 0.8209262687500001 0.5636317796875 0.8104444515625 0.542843315625 0.8021745828124999 0.5409362265625 0.812351259375
0 0.5323093828125 0.7318083796874999 0.520961540625 0.7327617421875 0.53004263125 0.7475914515625 0.5405510484375 0.75971970625 0.5536259343750001 0.7513928125 0.553062803125 0.7385265171875 0.5323093828125 0.7318083796874999
0 0.5386784046875001 0.710723978125 0.5283383109375 0.7155167421874999 0.5324892421875 0.7290051484375001 0.5405624812500001 0.739995590625 0.5598750499999999 0.7321772531249999 0.554536653125 0.7176526859375001 0.5386784046875001 0.710723978125
0 0.9252322171875 0.6473714562499999 0.9132364671875 0.6388791796875 0.8992737578125001 0.6414979000000001 0.8946918 0.6542743890625 0.903003978125 0.6578836515625 0.9210099750000001 0.6545415546875001 0.9252322171875 0.6473714562499999
0 0.9340363640625 0.6274249328125 0.9432519390625 0.6412086140625 0.9438253312499999 0.650765965625 0.9602231296875001 0.6492849796875 0.9656929375000001 0.6422165921875 0.9635575687500001 0.6364067796875 0.95298921875 0.625212984375 0.9371309218749999 0.6182843453125 0.9340363640625 0.6274249328125
0 0.8507141578125001 0.5774244359375 0.8393664078124999 0.57837780625 0.8299742171875 0.587944225 0.8355524265625001 0.598731175 0.8478479296875001 0.6025515171875 0.8507026796874999 0.597148546875 0.8587274984375 0.589349196875 0.8507141578125001 0.5774244359375
0 0.8481706031249999 0.5584312890625001 0.8626614343749999 0.5671269875 0.8815216593749999 0.57748035 0.8816742203124999 0.56398065 0.87110586875 0.55278685625 0.8629126765624999 0.5436652546875 0.852104540625 0.5362090796875 0.8393294156250001 0.5398639703125 0.84009731875 0.54744084375 0.8481706031249999 0.5584312890625001
0 0.902831203125 0.44923383906250003 0.8913035687499999 0.4529904390625 0.881143484375 0.4549798390625 0.879536228125 0.46048459218750004 0.884166603125 0.4664978921875 0.8955143875000001 0.4655443828125 0.9079467953125 0.45872223593749994 0.902831203125 0.44923383906250003
0 0.7139788953125 0.6367230984375001 0.71391894375 0.6376574859374999 0.722520328125 0.6599623484375 0.7413532765624999 0.6596192453125 0.7508054671875 0.6491184437499999 0.7441595515625 0.63542655 0.7293689640625 0.631402784375 0.7139788953125 0.6367230984375001
0 0.7160913062500001 0.6819811359375001 0.7018288546875 0.6892719328125001 0.7072871562499999 0.701927728125 0.720410515625 0.712390559375 0.730450753125 0.7122697890625 0.7311102265625 0.7019913953125 0.7352125859375 0.6966901421875 0.7160913062500001 0.6819811359375001
0 0.694055325 0.67360955625 0.6766497484375 0.6712512109375 0.66791703125 0.6705392359375001 0.6636348156249999 0.678643646875 0.673075575 0.6878669625 0.6929638671875 0.6830198390625 0.694055325 0.67360955625
0 0.6944150375 0.6680031671875 0.7136800125 0.6776653703125 0.720793140625 0.667335871875 0.71509503125 0.65841769375 0.71058453125 0.6505356875 0.6971613624999999 0.64474485625 0.68313871875 0.6482980375 0.684794475 0.661583015625 0.6944150375 0.6680031671875
1 0.359375 0.4296875 0.359375 0.6800691109375 0.360052328125 0.68019276875 0.383455778125 0.6867972890624999 0.39046135625 0.6948827890625 0.40454395468750004 0.6903951515625 0.402828296875 0.6780445640625 0.41791860312499995 0.677396253125 0.4268197921875 0.6950291875 0.45716886875 0.7106535921875 0.48557381875 0.6979408359375 0.4959624359375 0.7119378015625 0.5036160078125 0.72946901875 0.5203136390624999 0.7233160328125 0.51883774375 0.7072278265625 0.5391580203124999 0.7032488140625001 0.5429719609375 0.6828953703125 0.5511766796875 0.6722928640625 0.5616250515625 0.685355496875 0.58218523125 0.6776388765625001 0.6135535015625 0.677378428125 0.6480163765625 0.66797739375 0.6641259109375 0.6514443734375 0.68522556875 0.6353181250000001 0.7040100515625 0.616185221875 0.7033620562499999 0.6067395078125 0.7135821437500001 0.6038156499999999 0.7170364640625 0.5890686046875 0.740619721875 0.592869959375 0.7545110312500001 0.6109096671875001 0.7805893703125 0.6149144453125001 0.7852912515625 0.600269184375 0.788505715625 0.5892597515625 0.776330115625 0.5835706375 0.7733069375 0.5720527234375 0.789884615625 0.5677685796875 0.7894764296875 0.55458524375 0.8068334875 0.5381538609375001 0.8240106875000001 0.524525709375 0.8301399468749999 0.507178928125 0.842926553125 0.48379992656250004 0.8413307515625 0.46958048906250005 0.869495990625 0.46060535781249995 0.8631498390625 0.4422413875 0.8671802578125 0.4296875 0.359375 0.4296875