0 0.31568172968749997 0.1800684796875 0.31378551093749996 0.1828794890625 0.318086728125 0.1936561171875 0.3263838953125 0.20537018749999997 0.33725020625 0.211989215625 0.3407165828125 0.20384880781249998 0.333540953125 0.1883280265625 0.3237961828125 0.177902284375 0.3190255515625 0.17596914218749998 0.31568172968749997 0.1800684796875
0 0.7017581046875 0.30157158125 0.7167429171874999 0.30508697812499996 0.72353231875 0.300168034375 0.7259997078125 0.2917932671875 0.7161323828125 0.2854085984375 0.7073658015625 0.2825380171875 0.7001277859374999 0.28897964531250003 0.7017581046875 0.30157158125
0 0.741161684375 0 0.7382482390625 0.007337239062500001 0.7351079281249999 0.0179960359375 0.738532709375 0.0244972328125 0.74627950625 0.034454254687500005 0.7610400109375 0.03873099375 0.772375734375 0.0365065359375 0.77351806875 0.0253790203125 0.7675449421875 0.016652059375 0.7552518234375001 0.0040005531249999995 0.74799080625 0 0.741161684375 0
0 0.7985811625 0.2738201984375 0.799559353125 0.2813753609375 0.811648959375 0.2874674078125 0.8186418718749999 0.28910792500000004 0.8238819140625001 0.2821975796875 0.82345409375 0.2763994609375 0.8178070296875 0.2701908875 0.807042475 0.26685158750000004 0.8011503046874999 0.268725159375 0.7985811625 0.2738201984375
0 0 0.3951812890625 0.0019838359375 0.39499347500000004 0.010181474999999999 0.3635440703125 0.014972901562499998 0.358156409375 0.0131182734375 0.34632581406249996 0.0189086859375 0.34117251249999997 0.0119157734375 0.3395319953125 0 0.324216546875 0 0.3951812890625
0 0.17664250937499998 0.45468910156250003 0.18033319375 0.4457873515625 0.178580321875 0.4372364859375 0.1643701890625 0.43471679218750003 0.156704353125 0.43536030312499996 0.1482638375 0.4350081109375 0.14591900156249998 0.43934180625 0.145449590625 0.44818529375000005 0.14610171562500002 0.45322206718749997 0.153645 0.45661963125 0.163859184375 0.4582018859375 0.17664250937499998 0.45468910156250003
0 0.2457575921875 0.4448564421875 0.24051755 0.4517667890625 0.238498778125 0.4586188703125 0.238926596875 0.4644169890625 0.24589871406250002 0.47337830937500003 0.26388049062499996 0.477596784375 0.27321823749999996 0.47490360625 0.2763585484375 0.46424480937499996 0.2735049328125 0.45217985625 0.2657581390625 0.442222834375 0.2508750796875 0.4419871671875 0.2457575921875 0.4448564421875
1 0.3 0.5666025640625 0.2944168328125 0.558831303125 0.2798806359375 0.553793221875 0.275803725 0.5422552515625 0.2631637484375 0.534406159375 0.2572322109375 0.51103759375 0.24457143750000002 0.5105093046875 0.2267931734375 0.5128502906250001 0.21490707812499998 0.513317703125 0.2091790546875 0.49650859687499993 0.19341956093749998 0.4919975 0.1831845828125 0.49773604843749997 0.18567276562499999 0.4820404765625 0.179251021875 0.4748362015625 0.1653669515625 0.4748348953125 0.15947478125 0.4767084671875 0.15462319062500002 0.46417479375 0.13886369999999998 0.45966369531249995 0.1228799 0.4559139390625 0.1098930609375 0.45286726406250005 0.0915852234375 0.4461304015625 0.0935624 0.45391992343750004 0.0919922453125 0.45924932187500006 0.08155375468750001 0.458428409375 0.0692398390625 0.4530977046875 0.0491583328125 0.44513078124999994 0.039862178124999995 0.43318235468750005 0.025876353125 0.42990131875 0.014908285937499998 0.42000255937500003 0 0.4158217515625 0 1 0.2189088109375 1 0.3 0.7247615140625 0.3 0.5666025640625
0 0.3 0.5371505625 0.3043693265625 0.5397401453125 0.31437999843750003 0.5347629390625 0.315175471875 0.5284378390625 0.3147476546875 0.522639721875 0.30775474062499997 0.5209992046874999 0.3 0.5199482109375 0.3 0.5371505625
0 0.3 0.7364838812500001 0.3122483421875 0.7377540046875 0.318589128125 0.7343577484375 0.3176109375 0.7268025875 0.3036459078125 0.7162007484374999 0.3 0.7145585984375 0.3 0.7364838812500001
0 0.373355178125 0.6535997859375 0.3821217578125 0.6564703656249999 0.3904605171875 0.6535428281250001 0.390705621875 0.6454606828125 0.3899517390625 0.637144178125 0.3826327625 0.6329852734375001 0.37184741250000003 0.636966775 0.36628130625 0.641358734375 0.367259496875 0.648913896875 0.373355178125 0.6535997859375
0 0.46430908750000005 0.5805174281250001 0.4725045 0.5889517671875 0.4802720921875 0.5915879859375 0.49450302031250004 0.5867868765625 0.494768921875 0.5713839281249999 0.49411679374999995 0.5663471546875 0.483026175 0.5604894671875 0.473586671875 0.5599029156249999 0.46846918125000003 0.5627721890625 0.4647785 0.571673940625 0.46430908750000005 0.5805174281250001
0 0.54005165 0.5445647609375 0.55513821875 0.5513598875 0.5593792734375 0.54421518125 0.5611737359375001 0.538124440625 0.5609702249999999 0.5315649796875 0.55287656875 0.5264103718750001 0.540541859375 0.5284004703124999 0.5380744703125 0.5367752390625 0.54005165 0.5445647609375
0 0.69863366875 0.43769593125000006 0.6906209734375001 0.44314185625 0.6880518296875 0.44823689531250005 0.6907019328125 0.4537423890625 0.6961246890625 0.46071230468749996 0.7076639250000001 0.4650473078125 0.705013821875 0.4595418109375 0.7123535953125 0.456379915625 0.71581996875 0.4482395078125 0.7149435328125 0.44396407499999996 0.706748121875 0.4355297359375 0.7013045671875 0.4358806234375 0.69863366875 0.43769593125000006
0 0.71029323125 0.47787360312500005 0.7122704093750001 0.485663125 0.718467846875 0.49362874375 0.7332283515625 0.49790548125 0.735920046875 0.488769371875 0.739284665625 0.4773492328125 0.7325368578125 0.4676265703125 0.7294589359375 0.4563229578125 0.7217930984375001 0.45696646718749995 0.7139839125 0.4689718515625 0.71029323125 0.47787360312500005
0 0.6129428234375001 0.45666339687499996 0.61869164375 0.4661517 0.6299048171875 0.46796831406250006 0.6359195375000001 0.46205366875 0.6356142703125001 0.45221447968749995 0.6254208828125 0.4433114234375 0.62309684375 0.44032431718750004 0.6194477546874999 0.4345844609375 0.6064817124999999 0.424216984375 0.5867470640625 0.41144764375000004 0.5971231687499999 0.43423096406250006 0.605297784375 0.4499861046875 0.6129428234375001 0.45666339687499996
0 0.6706636421875001 0.31875 0.6659374328125001 0.33479162812499996 0.6659166359375 0.3421124296875 0.6784548593749999 0.3466817921875 0.691136428125 0.33988927812499997 0.6925840328125 0.33860095156250003 0.6919319046875 0.333564178125 0.69205445625 0.3295231046875 0.6934093359375 0.31875 0.6706636421875001 0.31875
0 0.8987342187500001 0.5342908062499999 0.8877453546874999 0.53171285 0.8781832999999999 0.5351673703125 0.8746151687499999 0.5400280468750001 0.8748186812500001 0.5465875078125 0.8810161171875001 0.5545531265625 0.8942272625000001 0.556838459375 0.9033407015625 0.554906625 0.9077043109375001 0.5437208453125 0.8987342187500001 0.5342908062499999
0 1 0.5536342390625 0.997430471875 0.5509329562499999 0.986890225 0.5468323156249999 0.979448696875 0.5467144828125 0.9706613203125001 0.5511647046875 0.9685407937499999 0.5547370578124999 0.9701711109375001 0.5673289953125 0.9823624750000001 0.5767007718749999 0.9993452625 0.5806848859375 1 0.5800529046875 1 0.5536342390625
1 1 0.6415864953125 0.99550900625 0.6408322546875 0.9960408062500001 0.610026359375 0.981076790625 0.5991901625 0.9772427593749999 0.6194537875 0.9652341124999999 0.6239622734375001 0.9494746203125001 0.6194511765625 0.942400746875 0.6072101249999999 0.9206473296875 0.6012928703125 0.9129005328125 0.591335846875 0.9030332109374999 0.5849511765625 0.8901689234374999 0.5778634281249999 0.8811780359375 0.5757541921875 0.8712089578125 0.5660897921875 0.8597714796875 0.5650345203125 0.8485583078125 0.56321790625 0.8257041468749999 0.553786559375 0.815774434375 0.5693642984375 0.806233175 0.565498015625 0.785376990625 0.5565353890625 0.7709425484375 0.5547770375 0.7613203296875 0.5403102234375 0.7395877078125 0.527072165625 0.7235021515625 0.5200426796875 0.7157137625 0.5247272609375 0.692716253125 0.5266577921875 0.688454403125 0.5411233 0.6733262421875 0.5489697796874999 0.6579945671875 0.5502567984375 0.6333459421875001 0.5469161921875 0.6048031234375 0.5459178781249999 0.572692175 0.54978024375 0.5515700875 0.5562205640625 0.534566503125 0.559557253125 0.5205413125 0.5310340796874999 0.511633609375 0.49964163125 0.495610440625 0.47064973749999994 0.502335228125 0.527576946875 0.5042500171875 0.5573288765625 0.51197601875 0.5746067015625 0.503392153125 0.585616384375 0.4898133515625 0.59545426875 0.47768215312500006 0.604003828125 0.476743328125 0.6216908015625 0.46294021875 0.6322900296875 0.43874020937499997 0.6274267375 0.42705762656249996 0.6344536109375 0.42726113750000005 0.641013071875 0.4141309515625 0.6493282703125001 0.4035699078125 0.65254843125 0.38699414375 0.6616832359375 0.36960210781249997 0.68446394375 0.35834734375 0.697288934375 0.34038413749999996 0.7256334 0.3275176265625 0.75842939375 0.3154049984375 0.7995418921875 0.30490412031249997 0.8206833875000001 0.3 0.83083434375 0.3 0.8707817203125 0.305981840625 0.8714020234375 0.306714928125 0.8870393312499999 0.3172135828125 0.9057815781249999 0.31884389999999996 0.9183735140625 0.3127875859375 0.9389297640625 0.320289278125 0.9569689328125002 0.32669022812500004 0.971494009375 0.3316435734375 0.9873074140625 0.33901904374999997 1 0.9776501484375 1 1 0.924753246875 1 0.6415864953125
0 0.42742528281250003 0.62233039375 0.41511136718749997 0.6169996890625 0.40497814375 0.62601796875 0.4078525546874999 0.6307621203125 0.41794418593750005 0.6363854468750001 0.42738368906249996 0.636972 0.4333984109375 0.6310573546875 0.42742528281250003 0.62233039375