0 0.5554266906249999 0.013429534375 0.5450338171875 0.013914575000000002 0.5416397453124999 0.0250433140625 0.5503900890625 0.03090369375 0.5577196078125 0.0313452171875 0.564885609375 0.0294435859375 0.573530625 0.018853378125 0.5554266906249999 0.013429534375
0 0.3271752984375 0.2090106546875 0.3256454609375 0.20202969375 0.319082703125 0.19763440937500001 0.306665759375 0.198997509375 0.3031081703125 0.20778309374999998 0.30540476875 0.2108102921875 0.3212666078125 0.2139879890625 0.3271752984375 0.2090106546875
0 0.2289769953125 0.26609451093750003 0.2275016640625 0.2598946015625 0.2144851578125 0.2526661359375 0.19889584531249999 0.253393696875 0.1972533140625 0.2597391171875 0.2000404625 0.2697957796875 0.21420526562500003 0.2785378453125 0.2265677046875 0.27639369375 0.229304028125 0.2707808203125 0.2289769953125 0.26609451093750003
0 0.1820639515625 0.19149161875 0.181842246875 0.203255896875 0.18670796875 0.21321555 0.2013125 0.21331754531249997 0.21580801875 0.2118574359375 0.21739604531249998 0.2047309640625 0.21706901093750003 0.20004465468750002 0.21657846093750002 0.193015190625 0.207882621875 0.1879358609375 0.1993503 0.1851996890625 0.18994220625 0.18485517499999998 0.1820639515625 0.19149161875
0 0.093202465625 0.14157075 0.0853242109375 0.14820719375 0.087344596875 0.16221761875000001 0.09691620625 0.1649052890625 0.10933315156250001 0.1635421875 0.10950035 0.1509968578125 0.093202465625 0.14157075
1 1 0.26576188125 0.9987933218749999 0.2587855296875 0.98889468125 0.2514115515625 0.9942246234375001 0.2410802125 0.9881308125 0.231209628125 0.9823698203125 0.213199525 0.98516090625 0.20156028125 0.9745304625 0.1912244265625 0.9717928296875 0.1778122109375 0.9538378515625 0.1657872 0.9476969499999999 0.155241815625 0.9336632390625 0.1477727890625 0.9323917859374999 0.12955315625 0.93357541875 0.12069692968750001 0.9152437125 0.10327350625000001 0.900550728125 0.0863572625 0.8802819359375 0.0669932484375 0.8589236859374999 0.057835065625 0.8476339718749999 0.0380519921875 0.8448492468750001 0.023964978125 0.8339833500000001 0.010255115625 0.813237284375 0.009869346875 0.8040257109375 0.0044668046875 0.789107028125 0.0038589156249999998 0.6296875 0.01129910625 0.6296875 0.3796875 0.9901496640625 0.3796875 0.9982733156249999 0.3708639375 0.9990400749999999 0.36691017656249997 1 0.3666554421875 1 0.34395733906250003 0.996256609375 0.3419650296875 0.991060171875 0.34220755 0.9906786343749999 0.33674018906250003 1 0.33521511875 1 0.281294078125 0.9903663296874999 0.27249994375000003 1 0.26908266406250003 1 0.26576188125
0 0.9898674390625001 0.0882817953125 0.9862789890625001 0.0755862921875 0.9698340999999999 0.0722917890625 0.9527267578125 0.072413196875 0.9519701203125 0.0744795078125 0.95872320625 0.0937973078125 0.98239845 0.0974313625 0.988307078125 0.0917396125 0.9898674390625001 0.0882817953125
0 0.5877600953125001 0.6221680296875001 0.586121246875 0.6136249656249999 0.5816915703125 0.6099137234375 0.5721744656250001 0.60800710625 0.5621086234375 0.61317845625 0.5596448281249999 0.6226965874999999 0.5713495171874999 0.6260683 0.5877600953125001 0.6221680296875001
0 0.2411389375 0.82484071875 0.2455722984375 0.8136634749999999 0.2377522296875 0.8061924874999999 0.23047721718749997 0.8065320171875001 0.2224354453125 0.8108253078125 0.220738409375 0.8163896765625 0.2222682453125 0.8233706359374999 0.2318943625 0.8268393578125 0.2411389375 0.82484071875
0 0 0.7739834609375 0.0024990796875 0.78191008125 0.0073102953124999995 0.791088684375 0.0148033296875 0.7938733609375 0.02519620625 0.793388321875 0.035316553125 0.788998021875 0.030396325000000002 0.778257315625 0.025912140625000003 0.773765021875 0.021591475 0.7716158859375 0.0091200234375 0.7721979343750001 0 0.7733920765625 0 0.7739834609375
0 0.40955138281250003 0.6234327625 0.393798553125 0.6218171703125 0.3825844125 0.6254749203125 0.3770027546875 0.6351385640625 0.3805566609375 0.6412414656250001 0.39253387812499996 0.6485184359374999 0.404020546875 0.6487659421874999 0.40976572187500004 0.641445453125 0.41222951874999997 0.631927321875 0.40955138281250003 0.6234327625
0 0.336732021875 0.6856009343749999 0.3485457234375 0.69053475 0.35735425468750004 0.682287696875 0.356645684375 0.6721340265625 0.347840834375 0.6654925953124999 0.3375024640625 0.6667586875 0.3314847609375 0.67017391875 0.336732021875 0.6856009343749999
0 0.5525848828125 0.41694049375000003 0.53595628125 0.4177165578125 0.5185064171875 0.421665334375 0.5170274015625 0.43035390937500007 0.5403822765624999 0.436316284375 0.5605139593749999 0.425973584375 0.5525848828125 0.41694049375000003
0 0.49670642656249997 0.54257284375 0.492004221875 0.5349563453125 0.4786024953125 0.5371490015625 0.474223640625 0.5491072953125 0.46875099374999996 0.5603330421875 0.4747650140625 0.5718062953125 0.4919423515625 0.5639522625 0.49670642656249997 0.54257284375
1 0 0.3796875 0 0.72966943125 0.0051374375 0.7300696531249999 0.024716703125 0.741693403125 0.049659603125 0.74052930625 0.0785416296875 0.7360469859375 0.07980262187500001 0.7242342046875001 0.07947558906249999 0.7195478953125 0.09922204999999999 0.7186263171875 0.11891400781250001 0.7169236875 0.12323099374999999 0.7339613093749999 0.1381080515625 0.7379685625000001 0.15911182343750002 0.7401226859375 0.1735454734375 0.7676584953125 0.19143506562499998 0.7550696484375 0.194447596875 0.7384735484375 0.21288224531250002 0.7336952171875 0.2443260359375 0.765922321875 0.271343828125 0.7795496984375 0.28791424062500004 0.7928810656249999 0.3201321515625 0.7913774390625 0.289560453125 0.7716471609375001 0.273044546875 0.7590968453125 0.24148806406249998 0.7401961234375 0.229623540625 0.719592771875 0.2212039109375 0.7035302156250001 0.2416081203125 0.6970927734375 0.2836738546875 0.687293590625 0.3119563203125 0.6742197015625 0.33296377499999996 0.66148534375 0.3441234109375 0.6570465406249999 0.356591178125 0.671352975 0.3704252671875 0.690297215625 0.3779728078125 0.6938629453124999 0.415979353125 0.7304853328125 0.394550584375 0.67741734375 0.38241353125 0.652908734375 0.36633735 0.6317183468750001 0.364207953125 0.6161458203125 0.3743864875 0.5976480890625 0.3758655015625 0.5889595125 0.372148078125 0.5805134578125 0.3910187703125 0.5819835390625 0.4050745625 0.5891635015625 0.43072971562499995 0.583264590625 0.44172583593750003 0.5764826328125 0.44265979531250005 0.559983540625 0.43259395312500004 0.5651548906249999 0.43779407187499997 0.5500238875 0.45852899843749995 0.53338426875 0.43708918125 0.5249817328125 0.46099279375 0.5238661390624999 0.48112447812500003 0.5135234375 0.4753321625 0.49028590781250003 0.47473628437500004 0.46680585468749997 0.4800490953125 0.4383484703125 0.48196783437499996 0.42101982343750005 0.48060519843750005 0.40149353281250005 0.478312284375 0.3835778515625 0.476768125 0.3796875 0 0.3796875
0 0.8347044515625001 0.9557858687499999 0.8300567515624999 0.9489504203125 0.8215789359375 0.9469953 0.809107484375 0.9475773484375001 0.8042925875 0.9532872296875 0.8133154578124999 0.9630528671875 0.8219567906249999 0.9673511453125 0.8280835046874999 0.9654980156249999 0.8347044515625001 0.9557858687499999
0 0.721578265625 0.9931929359375001 0.7235515125 0.9766453406250001 0.7191763390625 0.9737151515625001 0.7046263140625 0.9743942078125001 0.6997024046875 0.9785419874999999 0.702435046875 0.987817596875 0.710200609375 0.9945075343750001 0.7134819875 0.996705175 0.721578265625 0.9931929359375001
0 0.7294602046875001 0.97166800625 0.7336210359375 0.9565855078125001 0.7206045296875 0.949357040625 0.6995462515625 0.9464218640625 0.693746571875 0.9529613015624999 0.692594590625 0.9663361859374999 0.698281578125 0.9731231296875 0.7126680859375 0.9701009171875 0.7294602046875001 0.97166800625
1 0.6296875 0.3796875 0.6296875 0.87127929375 0.639067965625 0.8716684734375001 0.6620376203125 0.8870519703124999 0.6834266125 0.8797849734375 0.6971045484375 0.866609090625 0.6960689437500001 0.8517691109375001 0.6909851984375 0.8386852484375 0.7031841203125 0.8341979437500001 0.7327202171875 0.839088240625 0.7669695625 0.8069295875 0.78617096875 0.7981974921874999 0.8077779859374999 0.7940547015625 0.8016004484374999 0.78023829375 0.811175740625 0.768037478125 0.8328917671875 0.7654567906249999 0.8319651718750001 0.7521789125 0.857398621875 0.758044278125 0.8747903000000001 0.7682029359375 0.8879195 0.762105021875 0.8887444468750001 0.7440438265625 0.8779155265625 0.73828045625 0.8813641046875 0.72793276875 0.8954235796875001 0.7202242468750001 0.9200939531250001 0.7151548906249999 0.9264968765624999 0.7023185375000001 0.9471191093750001 0.6990052999999999 0.960629846875 0.698374746875 0.9811430703124999 0.6934994078125 0.97031783125 0.6728475515625 0.96162199375 0.6677682234375 0.9469121328125001 0.65121564375 0.96343540625 0.6339889890625 0.9626178218749999 0.6222732171875001 0.9588458937500001 0.613046109375 0.9484567 0.598642665625 0.9536568187500001 0.5835116609375 0.9639988703124999 0.567357084375 0.9595728749999999 0.5487573593749999 0.9697514109375 0.530259628125 0.9739122437500001 0.5151771265625 0.9857841328125 0.5060035125 0.9896724359375 0.487015753125 0.9687231703125001 0.48564268125000004 0.9644061859375 0.46860505625000004 0.9566443046875 0.44702663749999993 0.9434097781249999 0.436673965625 0.9447797796875002 0.4264232859375 0.9283728828125 0.41543507343749997 0.9132814859374999 0.39341512968750003 0.9116902249999999 0.3796875 0.6296875 0.3796875