0 0.271527946875 0.0375986234375 0.2587119171875 0.0407815109375 0.2576208484375 0.0578655234375 0.26295302187499997 0.066287346875 0.270163853125 0.0682726109375 0.279985275 0.0657613125 0.28588344062500004 0.0500007765625 0.271527946875 0.0375986234375
0 0.349907534375 0.43066157968749996 0.351076290625 0.45388321249999997 0.3663263390625 0.4372205171875 0.366478034375 0.42335477343749994 0.349907534375 0.43066157968749996
0 0.3116275609375 0.229896584375 0.29814508125 0.2328581296875 0.2950825078125 0.2433515296875 0.28156165781250003 0.257767559375 0.29178592187499997 0.26625076718749996 0.30660405 0.2589938703125 0.314098734375 0.2565226375 0.31446782500000003 0.2407530234375 0.3116275609375 0.229896584375
0 0.33049671406250003 0.24500821250000002 0.34111369687500004 0.2480890890625 0.3526980625 0.24901118437499997 0.365813725 0.24468653749999997 0.3702725078125 0.2323102125 0.356472134375 0.22737709218750002 0.34649130625 0.232564771875 0.33049671406250003 0.24500821250000002
0 0.3890625 0.1921371015625 0.38095541875 0.189905084375 0.3708395015625 0.198456578125 0.36777692812499996 0.2089499796875 0.3736052390625 0.215089259375 0.386391090625 0.2093970953125 0.3890625 0.195039178125 0.3890625 0.1921371015625
0 0.3890625 0.2188569828125 0.3839645921875 0.22020864843750002 0.3693537375 0.235458225 0.36102865781250004 0.2491641984375 0.373650759375 0.24684420624999998 0.3816228734375 0.2456381 0.3890625 0.242898940625 0.3890625 0.2188569828125
0 0.6225071625 0.4597507515625 0.6292660796874999 0.461611596875 0.6303452953124999 0.46625356093750003 0.63840729375 0.4608697015625 0.6410482484375001 0.4518209125 0.6403917984375 0.44295050312499995 0.6325884515625 0.44188831874999995 0.6269087499999999 0.4446694390625 0.6227310312500001 0.447864078125 0.62051284375 0.4526844234375 0.6225071625 0.4597507515625
0 0.567431525 0.381587321875 0.567232628125 0.37392909531249996 0.5623984578125001 0.3682533265625 0.55622641875 0.3643816390625 0.54421056875 0.36107346875 0.53526825 0.36947359375 0.529787446875 0.3799129390625 0.5317469781249999 0.3815386421875 0.5389982328125 0.39005229531249996 0.551014084375 0.393360465625 0.5606128515625001 0.3938307515625 0.5644971328125 0.39164153125 0.567431525 0.381587321875
0 0.6681293828125 0.325673021875 0.6527215875 0.3312068796875 0.633524053125 0.33026630625000003 0.5988241796875 0.343523240625 0.6237014171874999 0.34168269375000004 0.6413024281249999 0.3508733921875 0.6576948984375 0.35864514999999997 0.6674229921875 0.3558924125 0.6746992171875 0.3448611640625 0.6782204875 0.3327961140625 0.6778922609375 0.3283609109375 0.6681293828125 0.325673021875
0 0.8066612703124999 0.0900883828125 0.810615121875 0.0987804125 0.82125831875 0.0984520375 0.8277487656249999 0.08177340625 0.8281367484375 0.0721043359375 0.8210496062499999 0.065808284375 0.8127887078124999 0.0635339171875 0.808024109375 0.0687394015625 0.8060048203125 0.08121797187499999 0.8066612703124999 0.0900883828125
0 0.8251078140625001 0.09082219375 0.828017234375 0.10031288437500001 0.8332741703125001 0.10176020781249999 0.8379094421875 0.09977774843750001 0.841007946875 0.0919411421875 0.8430620203124999 0.084903196875 0.8397298328125 0.07964095 0.8337219062500001 0.077986865625 0.8277487656249999 0.08177340625 0.8251078140625001 0.09082219375
1 0.9294486703124999 0 0.9249155390624999 0.012938628125 0.9077123234375 0.0190643859375 0.8987004328125 0.016583259375 0.8823427500000001 0.014252128125 0.865691625 0.0129264171875 0.8779063749999999 0.0238928140625 0.8808505828125 0.0388241328125 0.8837600046875 0.0483148234375 0.8753448078125 0.068808378125 0.859444675 0.0676894296875 0.8589273687500001 0.0805815203125 0.871694209375 0.0840964515625 0.8755784921875 0.08190723125 0.8554408828125 0.098087196875 0.8391527703125 0.106637315625 0.8428479671875 0.12177539374999999 0.8370737250000001 0.1332201609375 0.8336817796875 0.1420621890625 0.8165980765625 0.119979396875 0.799887196875 0.1327579609375 0.8057060390625 0.15173934375 0.792198021875 0.173003178125 0.790636284375 0.1866939296875 0.7957986765625 0.196804903125 0.78771170625 0.2217336640625 0.8014284374999999 0.23311358124999998 0.7991157078125 0.246597575 0.7898103812499999 0.24512186875 0.781032175 0.25573959375 0.7803507546875 0.2664140828125 0.779609578125 0.29119284843750004 0.7704433921875 0.31147964375 0.761595615625 0.31121611875 0.747863728125 0.34436662500000004 0.7483908515625 0.35646005625 0.7629878999999999 0.3648237125 0.7852241828125 0.372031953125 0.7860099578125 0.3776793390625 0.777724090625 0.394949871875 0.78797930625 0.40429056562500004 0.779728225 0.42700172500000005 0.79468828125 0.4452412109375 0.7921516859375 0.470611875 0.7892868656250001 0.491547334375 0.7975477625 0.4938217015625 0.803529440625 0.5 1 0.5 1 0.0008708578125 0.9968097437499999 0 0.9294486703124999 0
1 0.3890625 0.5 0 0.5 0 0.8799065140625 0.0062409953125 0.8884884765625 0 0.896613484375 0 0.9299351609375 0.00638995 0.9352365046875001 0.0170929046875 0.9208038546874999 0.013477092187500001 0.9415325546875 0.029412009375 0.948092128125 0.0365241234375 0.9348432796874999 0.060098275 0.9402474375000001 0.069895940625 0.9483759515625 0.091346446875 0.94993680625 0.1036307671875 0.971784453125 0.1311837421875 0.96633574375 0.14160307187500001 0.9778940406250001 0.15191804375 0.9731304625 0.16919083125 0.97788595625 0.18547894375 0.9693358359375001 0.19782302031250001 0.977079209375 0.21808995625 0.957676221875 0.26641201875 0.96446285625 0.32320903125 0.9366516578125001 0.34340639687499996 0.90636741875 0.36227570625 0.9028727875000001 0.382353559375 0.9007970953125 0.3890625 0.8871439640624998 0.3890625 0.5
0 0.5682482015625 1 0.5731714484375 0.9951131421875001 0.5783240281250001 0.9802385906249999 0.5711075593749999 0.9771655625000001 0.5592906046875 0.9815156203125 0.5472497828125 0.9977523500000001 0.5480981828125 1 0.5682482015625 1
0 0.574972209375 0.9250052921874999 0.5628618171875 0.9303607718750001 0.5575451250000001 0.943017721875 0.5643388265625 0.9503191921875 0.57109774375 0.9521800390624999 0.5752754625 0.9489853953124999 0.5813431453125 0.9365352078125 0.574972209375 0.9250052921874999
0 0.6345145328124999 0.9044671843749998 0.6479975796874999 0.9027482515624999 0.6549803671875 0.8927224234375 0.6552042328125001 0.880835753125 0.6487039703124999 0.8725288609374999 0.6416864015625 0.8771140625000001 0.6348329421875001 0.8839168656249999 0.6342808484375 0.89136833125 0.6345145328124999 0.9044671843749998
0 0.7541445687499999 1 0.7663107375 0.9755116484374999 0.7779287953124999 0.9635033640625 0.7694689984374999 0.95357076875 0.7585323625 0.9549045625 0.7543546421875 0.95809920625 0.7528874453125 0.9631263078125001 0.7551752046875 0.969187215625 0.75674675625 0.9804819874999999 0.7531394640625 1 0.7541445687499999 1
0 0.6912170046874999 0.8853196375 0.6801510421875 0.8898764546875 0.6649769296875 0.9085091640625 0.6421983671875 0.93373791875 0.647325975 0.9384082671874999 0.6607394515625 0.9258080812500001 0.672685734375 0.9182349999999999 0.681628053125 0.9098348749999999 0.6952056421874999 0.8994522937500001 0.6984334734375001 0.8883926625 0.6912170046874999 0.8853196375
0 0.6247025796875001 0.776851671875 0.6325656828125 0.7638095828125 0.6256426515625 0.7597311359375001 0.62590130625 0.753285090625 0.6178045203125 0.753228325 0.607031996875 0.756779721875 0.601093640625 0.7660068890625 0.60550504375 0.7759111 0.61422349375 0.7793976484374999 0.6247025796875001 0.776851671875
0 0.6005121046874999 0.6985017796874999 0.5933901765625 0.6867651046875001 0.5914306437500001 0.685139403125 0.5836968687499999 0.6949584671875 0.5835675421875 0.6981814906249999 0.5859248703125 0.7151236484375 0.5955236375 0.715593934375 0.601332665625 0.7095897921875001 0.6005121046874999 0.6985017796874999
0 0.49440922187499997 0.5422033046875 0.4823933703125 0.5388951343749999 0.47119808125 0.546674978125 0.47048187500000005 0.551908840625 0.476395259375 0.5622265765625001 0.4860288125 0.5681374875 0.4930463828125 0.5635522859375 0.49865651250000004 0.549889915625 0.49440922187499997 0.5422033046875
1 1 0.5 0.5923514375 0.5 0.58894485625 0.5074028421875 0.582747846875 0.5230760546875 0.5852345031249999 0.536795190625 0.5988816640625 0.537293859375 0.592097775 0.5549779125 0.57381534375 0.556461703125 0.5650273234375 0.5420939046875 0.550629171875 0.541388475 0.5483512296875 0.5603130921874999 0.5229914703125 0.580486359375 0.529267865625 0.6006799218750001 0.5595563343750001 0.577518778125 0.5871093093749999 0.5720700671875 0.61136488125 0.566799734375 0.6203767703125 0.5692808625 0.6177706031250001 0.583770275 0.6077838546875001 0.592969059375 0.6116083781249999 0.6048841125 0.607535015625 0.6244006296875 0.6065351859375 0.6556254406249999 0.6117671515625001 0.676617665625 0.6117421796875 0.6961625640625 0.61419405 0.704441075 0.60495829375 0.7138466187500001 0.6037747203125 0.6928827765625 0.6015315625 0.7172480203125 0.591216590625 0.7220115984375 0.57368515 0.72370215 0.5566460453125 0.732045509375 0.5534182140625 0.7431051390625 0.571148553125 0.7490728140625 0.583845825 0.7417064953125 0.600496946875 0.7430322046875 0.6229571 0.7383537718750001 0.635982596875 0.7354226578125 0.6474115703125 0.7407416687499999 0.6575722453124999 0.7587460125 0.6636497421875001 0.7712813468749999 0.66188910625 0.7773138718749999 0.6466454234375 0.7850653328125 0.641527628125 0.805380509375 0.644049071875 0.8245402703125 0.6562638187500001 0.8355066671875001 0.6670961015625 0.8178509953124999 0.6736311484374999 0.8315985140625 0.6894367406249999 0.8413811125 0.682523525 0.8622881890624999 0.70824629375 0.8519907515625 0.7133837171875 0.8816466265624999 0.7250463734375 0.9000644906249999 0.73354095625 0.915437709375 0.7510723953125 0.9137471578125 0.7676289781250001 0.9237365171875 0.789019728125 0.9394016453125001 0.8035124218749999 0.931443425 0.8184974515625001 0.9301380124999999 0.8194821250000001 0.9434436265624999 0.8376352296875 0.9451828578124999 0.8542167828124999 0.9356273171874999 0.8586032156249999 0.9650764281249999 0.87091250625 0.967379178125 0.882107796875 0.9595993359375001 0.8871408625000001 0.9729333312499999 0.891880490625 0.9872727484375 0.9090141359375 0.9702657421875 0.9094966578125 0.9519330234375001 0.920363725 0.9397179765625001 0.9318872390624999 0.9363733390625001 0.9573861390625 0.9379625749999999 0.9884006281249998 0.9345530906249999 1 0.9305129843749999 1 0.5