0 0.3162261703125 0.341043746875 0.305727615625 0.34120266250000003 0.3033167328125 0.3471213625 0.3051134609375 0.352821575 0.30786996875 0.360210003125 0.3214116359375 0.36201735625000003 0.31816380624999996 0.36392405625 0.3278254109375 0.3597531421875 0.32898990625 0.35756838750000003 0.331318903125 0.353198878125 0.3294812296875 0.34827325937500003 0.3265200046875 0.3447578 0.3162261703125 0.341043746875
0 0.374978515625 0.26151862187499997 0.368646628125 0.262233646875 0.36494841875 0.2726608828125 0.3697063734375 0.2818765546875 0.3726676 0.2853920125 0.380000209375 0.2855906078125 0.38757848125 0.2811416390625 0.391153859375 0.2730381875 0.38831546562499997 0.267198946875 0.374978515625 0.26151862187499997
0 0.4026169828125 0.2347851328125 0.3921184296875 0.23494405000000002 0.3822521046875 0.24298793281250003 0.387173834375 0.249105228125 0.39230028125 0.2513495515625 0.40267600468750003 0.25351441874999997 0.41337927499999993 0.24948253125000003 0.41354305 0.24638415624999999 0.41182820937500003 0.2391347546875 0.4026169828125 0.2347851328125
0 0.2497365640625 0.3883338625 0.24228112343750002 0.3904590484375 0.23778690937500002 0.3960996921875 0.2362948625 0.40448120000000004 0.24242203281250002 0.40763914687499997 0.251837975 0.40811579531250003 0.2592934171875 0.405990609375 0.262827853125 0.3986617515625 0.262113734375 0.3923259703125 0.2497365640625 0.3883338625
0 0.2352303203125 0.51875 0.228561315625 0.51109713125 0.225722921875 0.5052578890625 0.215470028125 0.5007692421875001 0.20589031093750002 0.5033909671875 0.20656348593749999 0.5105013406250001 0.2094428234375 0.5155659859374999 0.212615646875 0.51875 0.2352303203125 0.51875
0 0.1316735171875 0.51875 0.132868890625 0.5154867265624999 0.1292754328125 0.5040863 0.1232710953125 0.49860457187499996 0.11077109375000001 0.496936246875 0.107072884375 0.50736348125 0.1086239515625 0.5177112593750001 0.10856904687499999 0.51875 0.1316735171875 0.51875
0 0.096341009375 0.51875 0.0954917203125 0.5081579656249999 0.09786165937499999 0.5030138609375 0.10155986875 0.49258662500000006 0.0903062546875 0.4871843546875 0.0890008484375 0.47218901406249997 0.08694038281250001 0.45163248749999996 0.0774016078125 0.45347961875 0.07676458750000001 0.48537700156249997 0.07331203750000001 0.49115667343749997 0.0779471625 0.5026961265625001 0.07345294687500001 0.5083367703125 0.08074461250000001 0.5093099609375 0.0910846359375 0.51875 0.096341009375 0.51875
1 0 0 0 0.4029828734375 0.018950232812500002 0.408235525 0.030958909375 0.41919898125 0.0455422421875 0.4211453609375 0.058715417187499994 0.4299240609375 0.0774244734375 0.43320114375 0.0892512984375 0.427759096875 0.0836973390625 0.413756834375 0.0821462734375 0.40340905625 0.098057878125 0.4000723046875 0.1106397640625 0.40019144375 0.1195463078125 0.39045934375 0.133087975 0.39226669687500004 0.15692347812500002 0.3977881046875 0.18517130937499998 0.39921805625 0.19816263125 0.3915912546875 0.2193235140625 0.3881750453125 0.2385238921875 0.3821569984375 0.25451738437500004 0.377271059375 0.2834974125 0.40454067031249996 0.29969083125 0.4355641140625 0.2830927640625 0.372504259375 0.27165729843749997 0.3506964875 0.2822377375 0.34898838125 0.2846895640625 0.3422950890625 0.2923087796875 0.3370715265625 0.30709683125 0.3351449375 0.30991714843749996 0.3214802984375 0.2966211421875 0.31502538125 0.29523385 0.3015792265625 0.30326250312499997 0.2886097234375 0.3146389484375 0.29168821093749997 0.32164400937500004 0.29808355937500003 0.331346559375 0.2931380515625 0.3464392921875 0.3052931828125 0.3571425640625 0.30126129687500003 0.3526712140625 0.286623465625 0.34883209531250003 0.2798706046875 0.350610746875 0.2660669390625 0.35518685 0.25887710625000004 0.3608455625 0.25105170781249997 0.368382890625 0.247377334375 0.3762477671875 0.23750620625000002 0.3807829265625 0.23109096875000001 0.396735475 0.22697962343750003 0.41714129531250005 0.21800222812499997 0.40721595 0.20731682812500002 0.40727976093749996 0.1862637609375 0.4085490125 0.16225134218749998 0.41169687968749996 0.1423899515625 0.4170509078125 0.12048283125 0.4116197796875 0.1041567859375 0.4186477078125 0.09027366249999999 0.4453854171875 0.0805812421875 0.45216768281249997 0.0713456828125 0.44140539062500006 0.056648284375 0.41307567343749996 0.056767521875000004 0.40443765625 0.041573582812499996 0.392674640625 0.0259625625 0.3801565640625 0.0047903578125 0.3804097734375 0 0 0
0 0.65152556875 0.487069946875 0.6573071140625 0.47692076562499996 0.6504248828125 0.46820163593749997 0.6431332140625 0.46722844375 0.6345951640624999 0.46998919843750003 0.6322252265625 0.4751333015625 0.6328984 0.482243675 0.6420686812499999 0.487367890625 0.65152556875 0.487069946875
0 0.8439303 0.32007496562500004 0.8284281312499999 0.315665775 0.8168060234375 0.3172348515625 0.8100647000000001 0.32569581875 0.8128621515625 0.33230965156250003 0.8239110484375001 0.3415848921875 0.8353284375 0.3438887859375 0.8419469312500001 0.3377516015625 0.8455632546875 0.3288735546875 0.8439303 0.32007496562500004
0 0.7637761984375 0.36788150937499997 0.774947928125 0.37483296718750003 0.7847323625 0.3683382703125 0.785264628125 0.3582685484375 0.7772997890625 0.350184984375 0.7668421765625 0.34956930625 0.7604284031249999 0.35183351875 0.7637761984375 0.36788150937499997
0 1 0.14199002031250002 0.9949959125 0.14132214375000002 0.9771238046875 0.1420570578125 0.9745900921875 0.1502995375 0.9971382671875 0.16032948281249998 1 0.1594552359375 1 0.14199002031250002
0 0.9406511046875 0.2565381640625 0.9368938734375 0.2482361140625 0.9232703203125 0.24797794999999997 0.9174478328125 0.25890172499999997 0.9106246234375 0.268911878125 0.9152188015625 0.2812259265625 0.9332956265625001 0.276618040625 0.9406511046875 0.2565381640625
0 0.95650955625 0.016056484375 0.9533026687499999 0.017188590625 0.95473090625 0.0298601515625 0.9701921328124999 0.0350439359375 0.9866131359375 0.041915934375000005 0.9944370703125 0.0328194015625 0.99654326875 0.0128189828125 0.9905389312499999 0.00733725625 0.9725439921875001 0.0103959515625 0.9628823875 0.014566865625 0.95650955625 0.016056484375
1 0.46875 0 0.46875 0.36984862500000004 0.47098118906249997 0.3701464125 0.5003116296875 0.370940796875 0.50300911875 0.359599940625 0.5032547796875 0.354952375 0.5230464453125 0.35759389218750004 0.54287905625 0.359460815625 0.545103296875 0.376918965625 0.5594409687499999 0.3835129109375 0.580110528125 0.38939183125 0.591136559375 0.41894554375000004 0.6105007140625001 0.4098291234375 0.61552719375 0.3941187546875 0.6344819109375 0.39274827343749996 0.6618880046875 0.42994858125 0.68715174375 0.4481415484375 0.702039759375 0.46416965 0.7343314265625001 0.46847949218749996 0.7062702359374999 0.443672690625 0.691341278125 0.4284191828125 0.6621974765624999 0.4042479484375 0.6528862875 0.3819436359375 0.646454434375 0.364703971875 0.667574371875 0.36206235625 0.7106921421875001 0.36001652968750003 0.7404729609375 0.352290378125 0.7629621156249999 0.3435910390625 0.77462516875 0.3412473671875 0.7853055734375 0.357493953125 0.7967819828125 0.3785271328125 0.8038689328124999 0.38337329375 0.8372793640625 0.4260553265625 0.8223961375 0.3702448734375 0.8132896640624999 0.34406759062500003 0.7998527515625 0.3204325765625 0.79962995625 0.3048016671875 0.8120299937500001 0.2885153015625 0.8145637046875001 0.280272821875 0.811889084375 0.27133520624999996 0.830516253125 0.2761614765625 0.8436484859375 0.2857147703125 0.8699358109374999 0.2845428859375 0.88172169375 0.2798754328125 0.8846648421874999 0.2638870109375 0.8740025140625001 0.267144303125 0.8810304421874999 0.253261178125 0.9037243140625 0.24068886875 0.8833823046875 0.22861319687499998 0.9073406359374999 0.2318108203125 0.9286652937500002 0.2252962359375 0.925726934375 0.20150230468750002 0.9279969093750001 0.178403509375 0.9367625421875001 0.15149131093749998 0.9407883015625 0.13486732343750002 0.9418118906250001 0.115502471875 0.9417119265625 0.0975477796875 0.935607625 0.07411136093750001 0.9361808343749999 0.06326704375 0.9630823171875 0.0504762484375 0.9544852453124999 0.034507717187499995 0.9461338343750001 0.013891618750000001 0.9402581015625 0 0.46875 0
0 0.284595165625 0.8392745515625 0.2931741578125 0.8357392046874998 0.29533938125 0.8344680703125 0.298996646875 0.8248154296875001 0.29299230781249996 0.8193337015625 0.2899491953125 0.8173674312500001 0.28261658437500004 0.8171688359375 0.27607997968750003 0.8217568296875001 0.2757933734375 0.8271789890625 0.27959155 0.8347064453125 0.284595165625 0.8392745515625
0 0.16479870937500002 0.8630687781249999 0.1675552171875 0.87045720625 0.17339578125 0.8790373109375 0.18277078125 0.8802885546875 0.19134977656250002 0.8767532078125001 0.192800878125 0.8691462937499999 0.19184110000000001 0.8674580796875 0.1879200921875 0.8622544046874999 0.18404003124999999 0.8562761375000001 0.1725816984375 0.8547468390624999 0.1682512578125 0.85728910625 0.16479870937500002 0.8630687781249999
0 0.1751021234375 0.7872181265625 0.16468545625 0.7858278546874999 0.160436903125 0.7868209343749999 0.154819134375 0.7938717390625 0.154368753125 0.8023922734375001 0.1571662046875 0.8090061078125 0.16121004218749999 0.8118859984375 0.174506046875 0.8183409171875 0.1841267078125 0.8149445984374999 0.18749736875 0.810714115625 0.1890303578125 0.8015580124999999 0.1891941328125 0.7984596359375 0.1893579078125 0.795361259375 0.1823119015625 0.7897405046875 0.1751021234375 0.7872181265625
0 0.0839725125 0.7251316578125 0.06930729062499999 0.724734465625 0.0626069125 0.7324208390625 0.0675286421875 0.7385381328125 0.0745746453125 0.7441588875 0.07870036875 0.7454895890625 0.0859920359375 0.74646278125 0.0906909671875 0.736949165625 0.08993590781250001 0.7313879812499999 0.0839725125 0.7251316578125
1 0.46875 0.51875 0 0.51875 0 0.7054203640625 0.0117928296875 0.7014570625000001 0.0153043984375 0.7144066765625 0.033890625 0.72000754375 0.052640624999999996 0.72251003125 0.056625439062500005 0.7066606375 0.051785598437500004 0.6989941546875 0.084750440625 0.7104143703125001 0.0922468234375 0.707514590625 0.089572203125 0.698576975 0.1117928296875 0.714803671875 0.1367518859375 0.71891491875 0.1649587734375 0.7211194640625 0.201867484375 0.71746488125 0.2102417625 0.7178025046875 0.21790192187500002 0.7118043468749999 0.218516075 0.7001854359374999 0.23567406562499998 0.6931147421875 0.24312950625 0.6909895578125 0.25099438281249997 0.6811184296875 0.283818315625 0.6753585484375 0.2948491375 0.6651299109375 0.31837995625 0.6565695953125 0.3554115 0.65059123125 0.369035053125 0.6508493953125 0.394831059375 0.6589726406249999 0.40582093593749996 0.6495185937500001 0.40034886406250003 0.63396714375 0.3978789609375 0.62115655625 0.41387245312500004 0.6162706171875 0.42674094531250006 0.610967596875 0.44111956093750004 0.6167869484375 0.44649166874999996 0.6143837078125001 0.46832572343749995 0.6180778734375 0.46875 0.6178556265624999 0.46875 0.5697313640624999 0.46390010937500004 0.562883096875 0.46647476406250005 0.553866021875 0.46875 0.5529284125 0.46875 0.51875
1 1 0.51875 0.46875 0.51875 0.46875 0.945175296875 0.470856503125 0.9460383859375 0.4899521296875 0.9618480015624999 0.5056361500000001 0.98266269375 0.5222618734375 0.9856617218749999 0.5278387 0.9793855125 0.539601715625 0.9949965328125 0.5416503046875001 1 0.9349888515625 1 0.9374641484375001 0.9895932765625 0.9596666968750001 0.9863160953125 0.98403446875 0.9817677796875 1 0.9764760046875001 1 0.51875