0 0.4 0.4085467859375 0.3940602375 0.4042648625 0.39057737187499997 0.4226326578125 0.380452484375 0.41682504062500003 0.3851684125 0.4307995703125 0.3916397203125 0.43926078124999995 0.4 0.4345177609375 0.4 0.4085467859375
0 0.397351275 0.306176203125 0.385673003125 0.3006045125 0.37738715625 0.3113070546875 0.38299471875 0.32619550468749997 0.39254490625 0.32684369687500003 0.39873055625 0.318558821875 0.397351275 0.306176203125
0 0.32927028593749996 0.240963771875 0.31934739218749997 0.22987876406250002 0.313133853125 0.23082248125 0.3082717078125 0.23680765781250002 0.3079826625 0.248394321875 0.317905559375 0.25947932812499996 0.3259894125 0.2540541765625 0.32927028593749996 0.240963771875
0 0.19849355 0.3007012515625 0.18747703124999998 0.293979715625 0.18016986875000002 0.29928689999999997 0.1778955671875 0.3143231125 0.1822666765625 0.32520198749999996 0.19394494843750001 0.330773678125 0.1983194453125 0.3133198015625 0.19849355 0.3007012515625
0 0.38229751875 0.1426665296875 0.3837359640625 0.141398715625 0.38244373593750003 0.12270682343749999 0.3701037125 0.11828498437499999 0.361560096875 0.11958259375 0.356523846875 0.1381863203125 0.37222840625 0.1515412296875 0.38229751875 0.1426665296875
0 0.4 0.08077206875000001 0.39815507499999997 0.0793962296875 0.3776720296875 0.094049975 0.3789642578125 0.11274186718749998 0.4 0.11755715156249999 0.4 0.08077206875000001
0 0.4 0.0617391828125 0.394992528125 0.0651857703125 0.3943586640625 0.073676778125 0.3999383390625 0.08122406875 0.4 0.0812482765625 0.4 0.0617391828125
1 0.4 0 0 0 0 0.2648757765625 0.0045013609375 0.26090837499999997 0.0244933671875 0.26311868125000004 0.036774228125 0.281190953125 0.05178914999999999 0.28835455312499997 0.0503785921875 0.2969635265625 0.0515837671875 0.32196469375 0.0600961078125 0.3416586734375 0.06970545781250001 0.328656434375 0.08009150312499999 0.3155362296875 0.0697959 0.2940144078125 0.0830554453125 0.306691328125 0.0973528375 0.300322459375 0.105063984375 0.2844604953125 0.12448129062499999 0.281511378125 0.14079182968749998 0.27903411875 0.15097588125 0.271191303125 0.17105494062499998 0.2670923375 0.196024034375 0.2643493515625 0.214866640625 0.25624080781249997 0.23448593906249998 0.248014303125 0.2403267703125 0.236633771875 0.2514024546875 0.2297048765625 0.30055717187500003 0.2810023734375 0.27677214375000003 0.24473986406249998 0.26268013125 0.21749859218749998 0.27901855625 0.22236249375 0.26918271250000003 0.2049682125 0.2915918484375 0.20051535 0.293462165625 0.19603391875 0.30873824375000003 0.184269696875 0.3112390375 0.1996300046875 0.32288942187499997 0.197860534375 0.33071550781250003 0.1830304546875 0.3219732890625 0.161272703125 0.31981731562500004 0.14900804843749998 0.32099799375 0.13833530624999998 0.310730278125 0.1241546453125 0.32163185781250003 0.12984429687500001 0.333282240625 0.1280748265625 0.34654517500000004 0.11241899531249999 0.3576208578125 0.1054901 0.3723501234375 0.09590761249999999 0.381182784375 0.0830233359375 0.3896706234375 0.0670434078125 0.3987923265625 0.042572468749999995 0.4 0.0382105078125 0.4 0
0 0.671538328125 0.45609432187500004 0.6707024718750001 0.4698627203125 0.6735201953125 0.480977525 0.6779783578125 0.4855471265625 0.6843068359375 0.48563529218749996 0.6947207671875001 0.479856246875 0.6994679734375 0.472839184375 0.6964482562500001 0.46700177031249995 0.6838504656250001 0.45317500156249996 0.67473215 0.44931318750000004 0.671538328125 0.45609432187500004
0 0.5327157890625001 0.4435998609375 0.53182415625 0.442685940625 0.5270490624999999 0.4423618453125 0.5216122171875 0.443187596875 0.517641703125 0.45008669531249995 0.5137861296875 0.4580176765625 0.5132393171875 0.4601994109375 0.5096136234374999 0.4701941640625 0.513180153125 0.47384984374999994 0.5225004609375 0.47243426718750003 0.52957774375 0.4650633109375 0.5286582234375 0.45680823281249994 0.532513796875 0.4488772484375 0.5327157890625001 0.4435998609375
0 0.4774971375 0.3449536234375 0.4714855921875 0.340619953125 0.465272053125 0.3415636703125 0.45839676249999994 0.34365723593749997 0.454081428125 0.347460678125 0.45387943750000004 0.35273806875 0.45479895781249996 0.360993146875 0.45615035 0.36603460781249997 0.4596019390625 0.368658403125 0.47047563124999997 0.367006896875 0.4747630765625 0.355862296875 0.47608658125 0.35356259687499997 0.4774971375 0.3449536234375
0 0.555061590625 0.247127015625 0.5495098046875 0.2469208859375 0.5438709671875 0.253024025 0.544128734375 0.26242895625 0.544818375 0.2686202640625 0.5520663734375 0.2769635125 0.5620484328125 0.274398084375 0.56391875 0.2699166515625 0.564092853125 0.2572981046875 0.5608432578125 0.24939691718749998 0.555061590625 0.247127015625
0 0.6262071265625 0.1838542671875 0.623504340625 0.173771346875 0.618154546875 0.16828782656250002 0.608057546875 0.16982136718750002 0.5967519828125 0.17468649218750001 0.59643505 0.178931996875 0.597699390625 0.19028272968749999 0.610843996875 0.2019277640625 0.618151159375 0.1966205765625 0.6211429875000001 0.195116834375 0.62479656875 0.192463240625 0.6262071265625 0.1838542671875
0 0.7723258796875 0.042036628124999996 0.844725590625 0.075112865625 0.784063315625 0.033957884375000004 0.7663734984375 0.0240525234375 0.7640434203125 0.0244064171875 0.7598430265625 0.0292417453125 0.75886434375 0.0346370984375 0.7634374453125 0.040238584375000004 0.7723258796875 0.042036628124999996
0 0.6589540890625 0.32893655 0.6540640546875001 0.32758056875 0.6469588843749999 0.3276103640625 0.643880003125 0.33542338437499997 0.6443676515625001 0.34689208125 0.650379196875 0.351225753125 0.6559309828125001 0.351431884375 0.66456165 0.34382499843750003 0.6641889421875 0.33338818593749997 0.6589540890625 0.32893655
0 0.0277969359375 0.9825728046875 0.02759494375 0.9878501921874999 0.047127190624999996 0.9859329625000001 0.0481929265625 0.974228334375 0.038614851562500004 0.9662389812499999 0.0342995171875 0.9700424250000002 0.0277969359375 0.9825728046875
0 0.037872823437499994 0.9170326031249999 0.0491783875 0.9121674765625001 0.0213949578125 0.8754629062499999 0.0255328 0.9126107640625001 0.0444869578125 0.933866859375 0.037872823437499994 0.9170326031249999
0 0 0.7878428718749999 0.0035412 0.7931778406250001 0.0215200625 0.7914965390625 0.024139184375 0.77955598125 0.0162294328125 0.7723625843749999 0.0087794421875 0.7692967265625 0.00155933125 0.7682946390625001 0 0.7705340312500001 0 0.7878428718749999
0 0.22817121718750003 0.5 0.23396025781250002 0.514734234375 0.24727896718750003 0.5137607171874999 0.25726102812499996 0.51119529375 0.2624401046875 0.5009646125 0.26190314375 0.5 0.22817121718750003 0.5
0 0.7646878140625001 1 0.764209440625 0.9900762140625 0.7601159390625 0.9783527375000001 0.7522649984375 0.974607065625 0.735579759375 0.9833138343750001 0.7347669828125 1 0.7646878140625001 1
0 0.48731266093750003 0.9901578499999999 0.4936065375 0.9966090515625 0.4992242953125 0.9969903421874999 0.5019655625 0.9965739953125 0.5118816500000001 0.9938334125000001 0.512324115625 0.9727793671875 0.5037970578125 0.9629637828125001 0.49283199062499994 0.964629165625 0.4861980640625 0.9718093359375001 0.48518189375 0.9793707921875001 0.48731266093750003 0.9901578499999999
0 0.9590552562500001 0.5703745109375 0.9647754281250001 0.5633331265625 0.9662996843750001 0.551990940625 0.9607843390624999 0.5441869734375 0.9525605390624999 0.5454360125 0.9386165671875 0.5537264375000001 0.9436238265625001 0.56531113125 0.9485982734375 0.5682591671875 0.9590552562500001 0.5703745109375
0 0.9508194984374999 0.67162149375 0.95823195625 0.6630885640625 0.9529542531249999 0.64907590625 0.9388422453124999 0.6475156875 0.935457671875 0.6504987812499999 0.93680990625 0.6626386 0.9393135375 0.66843095 0.946115496875 0.671101421875 0.94807823125 0.6720378390625 0.9508194984374999 0.67162149375
1 0.4 0.5 0.4 0.8768764000000001 0.422517575 0.8839540937500001 0.43233125 0.8886361859375 0.45381891875 0.9063594609375001 0.47104505156250004 0.9025086203124999 0.4840384734375 0.9190529703125 0.49943709687500004 0.9154796953125001 0.5184907390625 0.9113512906250001 0.5332132453125 0.9017081046875 0.548915121875 0.9091994484375 0.558933625 0.8990361890624999 0.5751435890625001 0.9027468078125 0.5879361671875 0.9008038609375 0.6052975249999999 0.8981670015625 0.60705543125 0.9139487703124999 0.62495768125 0.91616784375 0.6306450437500001 0.9004897984374999 0.65230473125 0.894731065625 0.6609709984375 0.8724279859375 0.6685186828124999 0.8651090374999999 0.6810408125 0.8607381234375 0.6924443609375001 0.87135134375 0.6998568203125 0.8628184156250001 0.71416966875 0.8828659296874999 0.7269622468750001 0.8809229796875 0.7336329687500001 0.8490468234375002 0.7422296312500001 0.8428030734374999 0.7661921062499999 0.8243493921875 0.7727932234375 0.8085325671875001 0.7704944250000001 0.7878948671874999 0.7778412640625 0.762088621875 0.7652207046875 0.7405495625 0.773514109375 0.723241190625 0.7834669937500001 0.695804615625 0.7898304734374999 0.686196484375 0.7941656 0.65837861875 0.7952841859374999 0.6433944859375 0.802901471875 0.620016203125 0.8159644968750002 0.6205012203125 0.8247659890625 0.5994121203125 0.8275112421875 0.5656631265625001 0.8342147734375001 0.5424236265625 0.830834184375 0.512074071875 0.8290669953125 0.5 0.4 0.5
0 0.8186659031249999 0.95341135625 0.8143347625 0.947896575 0.8072623562499999 0.9427981390625 0.7994114156250001 0.9390524640625 0.7975839046875001 0.9393300281249999 0.7946378109375 0.9545917265625 0.79626049375 0.9691595109375001 0.8076312296874999 0.9711360734374999 0.814806053125 0.9688118359375 0.8203910015625 0.9605564687499999 0.8186659031249999 0.95341135625
0 0.9335525828125 0.7335009734375 0.938494221875 0.7278123531249999 0.9337574109375 0.718655621875 0.9185964249999999 0.71602020625 0.9120977218749999 0.7244143546874999 0.920522365625 0.7416526140624999 0.9335525828125 0.7335009734375