0 0 0.2567916234375 0.00592056875 0.2606610875 0.0139418828125 0.2583619703125 0.012669512499999999 0.24740611875 0.0066678296875 0.2403327203125 0 0.23846760156250002 0 0.2567916234375
0 0.083312946875 0.257986125 0.094626265625 0.2572703390625 0.0990829234375 0.25104020625 0.097228225 0.24399108906250003 0.0839693265625 0.23687519687499997 0.07469247500000001 0.246205221875 0.083312946875 0.257986125
0 0.16120013125 0.20604625781250002 0.1688579109375 0.200616896875 0.16289325625 0.18494139999999998 0.15310812812500002 0.1809739625 0.138775459375 0.1824540984375 0.1389202 0.19262131875 0.14397601875 0.2004712078125 0.147722440625 0.20596734218749999 0.1518694203125 0.205991625 0.16120013125 0.20604625781250002
0 0.089422315625 0.042964032812500004 0.0864938453125 0.04451094375 0.0796001625 0.0475986921875 0.07919960312499999 0.053070546875 0.0800175546875 0.060113595312500004 0.09693199218750001 0.0719430625 0.1050812140625 0.0618244046875 0.1109751796875 0.0501284875 0.1017723765625 0.0422543171875 0.089422315625 0.042964032812500004
0 0.2618889953125 0.24339116249999998 0.25373977187499996 0.25350981875 0.254157165625 0.2660247203125 0.2700718828125 0.26924601875 0.2790390578125 0.266170409375 0.28615153437499996 0.2560456828125 0.2824421390625 0.2419474484375 0.2618889953125 0.24339116249999998
0 0.3146317453125 0.29609589999999997 0.3265812484375 0.3008580390625 0.3372213546875 0.303266425 0.34893523125 0.297078784375 0.3403686171875 0.29468253906249997 0.336167778125 0.2852735984375 0.3254367859375 0.2820826515625 0.3180886859375 0.2812575984375 0.31372291093750004 0.2882702921875 0.3146317453125 0.29609589999999997
1 0.4 0 0.1332598625 0 0.13446015 0.002562253125 0.13185819062499998 0.0158415046875 0.125509809375 0.02362461875 0.131292696875 0.037734995312500005 0.1311277609375 0.054156628124999995 0.1408758640625 0.06672616406250001 0.151569828125 0.078519209375 0.155551875 0.0949651265625 0.1564607109375 0.1027907328125 0.163408253125 0.1090876421875 0.17059142031250002 0.1263343296875 0.1514015328125 0.1395164546875 0.132120759375 0.1519160171875 0.089429065625 0.1946776203125 0.14114179375 0.1582250671875 0.1604764234375 0.1552101625 0.18101273281250002 0.1357796921875 0.19368930625 0.14680231875 0.179774028125 0.1607973546875 0.20081861562499997 0.154664346875 0.20894764375000002 0.1711345453125 0.21354904375 0.17507163125 0.2175310921875 0.191517546875 0.20487135156249997 0.198481678125 0.208489865625 0.211797353125 0.23986488125 0.214327146875 0.2563619265625 0.2136417125 0.26487468281250004 0.20665329843750002 0.27511422812499997 0.21453354062500002 0.28355293593750003 0.22474932343749998 0.305886725 0.247558921875 0.2974278265625 0.26393199375 0.28143905625 0.277914890625 0.2769453734375 0.2927471234375 0.26424860781250004 0.3083133515625 0.2693582859375 0.3255479 0.27635968437499997 0.34122946718749997 0.287710028125 0.3319115828125 0.3036079125 0.317146125 0.3089027171875 0.2913701828125 0.32114506249999997 0.27189114999999997 0.33413131093750004 0.276659359375 0.35059133125 0.2845760234375 0.3682698625 0.294063878125 0.3889677484375 0.3027873859375 0.4 0.3028519828125 0.4 0
0 0.43176021249999996 0.3613980015625 0.4416193921875 0.34816124375 0.43958292656250003 0.3395470046875 0.4275963984375 0.3433869640625 0.41728280156249997 0.35271091875 0.4111161859375 0.3620591546875 0.4125164671875 0.3651954671875 0.41513525937499995 0.369902971875 0.4202281046875 0.36915076406249997 0.43176021249999996 0.3613980015625
0 0.4 0.21310079843750002 0.4030881234375 0.212644684375 0.4085815265625 0.206420621875 0.40883734531249993 0.1907815484375 0.4 0.18753670625000002 0.4 0.21310079843750002
0 0.4938908640625 0.1381016125 0.5046959046875 0.12408836406249998 0.504187628125 0.1107909015625 0.4996771125 0.107636378125 0.48006983124999997 0.10830360000000001 0.46331696874999995 0.1246281078125 0.45898821874999995 0.1230387046875 0.46797222656250004 0.1379498515625 0.4869971796875 0.1411893625 0.4938908640625 0.1381016125
0 0.5370134234374999 0.1704172796875 0.52066111875 0.18126993125 0.5258078203125 0.18990238125 0.5348288546875001 0.19621143125 0.5438869125 0.1939183828125 0.555146371875 0.1838179390625 0.5524366953125 0.17832787187500002 0.5370134234374999 0.1704172796875
0 0.8185773656249999 0.33785597031250003 0.81475689375 0.3495640296875 0.8208494578125001 0.3574199890625 0.8300892828125 0.35669206249999996 0.8410390671875 0.3528460328125 0.840039346875 0.3442378640625 0.83412855 0.33794702656250003 0.8185773656249999 0.33785597031250003
0 0.9287955390625001 0.3948073859375 0.9355074578125 0.3901545125 0.9369447624999999 0.3846887296875 0.9329256890625001 0.37684490937500004 0.9256684703125 0.3768024171875 0.9125543140625 0.3798537453125 0.9102620296874999 0.38687858125 0.9119349609375 0.392362575 0.9174822234375 0.3955231703125 0.9287955390625001 0.3948073859375
1 1 0 0.5742040359375 0 0.576493884375 0.019716928124999998 0.58258645 0.027572885937500003 0.6090133640625 0.041022109375 0.6179435124999999 0.046548596875 0.6225078875 0.059087779687499994 0.6195423921875 0.0692367890625 0.6411491140625 0.0857859015625 0.6228882546875 0.0802047796875 0.6071721375 0.0965353578125 0.62143075625 0.11225941875 0.631034115625 0.114661734375 0.65506103125 0.116366475 0.6754862640624999 0.1227422984375 0.6841067375 0.134523203125 0.6723390031250001 0.13132618437500002 0.6599519140625001 0.14063799999999999 0.66929945625 0.1586793890625 0.70152945 0.1596501328125 0.7175350500000001 0.1636539921875 0.7245566453125 0.15274670625 0.7405622468749999 0.156750565625 0.7498559296874999 0.165407296875 0.7647339000000001 0.168622525 0.776410753125 0.1710369828125 0.7816483375 0.18045199218750002 0.7982362671875001 0.18054911875 0.8094216750000001 0.1876528703125 0.8236802937500001 0.2033769296875 0.8614205234375 0.216110365625 0.8441223593749999 0.227739509375 0.8748780234375001 0.2427781359375 0.8749689078125 0.243560696875 0.8905369203125 0.2616385078125 0.9004869843750001 0.2491843109375 0.911891184375 0.24925108593749998 0.9201312906249999 0.239914990625 0.9319899093749999 0.24389456874999998 0.92893353125 0.25326101562500003 0.9239113765625 0.2813846390625 0.9150350859374999 0.285242809375 0.912251359375 0.2969569390625 0.9207977796875 0.32594203906249997 0.9359854296875 0.3229028515625 0.9476454484375001 0.307330553125 0.9514120625 0.286237834375 0.9529065890624999 0.245581096875 0.965347534375 0.24565394375 0.9854092328124999 0.2488995234375 1 0.2522824671875 1 0
0 0 0.7108690890625 0.007449689062500001 0.709685503125 0.020117942187499998 0.7033194421875001 0.03257235 0.6951120625 0.022280137499999998 0.69045163125 0.013742234375 0.6904016390625 0 0.693687821875 0 0.7108690890625
0 0.05312508125 0.5572273578125 0.0700939671875 0.5564066796875 0.06981676249999999 0.5435245875 0.061322418749999996 0.5333544796874999 0.052998357812499994 0.535145809375 0.051628175 0.5443381234375 0.0464919703125 0.55258835 0.05312508125 0.5572273578125
0 0.12899206093749999 0.706717028125 0.1305760875 0.6993660343749999 0.11942849687499998 0.687340325 0.10378623437500001 0.6890888046875 0.1070810109375 0.6964683640625 0.1089422421875 0.7019994640625 0.11058963125000001 0.7056892453125 0.1209887671875 0.7112703359375001 0.12899206093749999 0.706717028125
0 0.1367537671875 0.5006749375 0.12301629843749999 0.497834403125 0.1132586921875 0.49777726875 0.10923526406249999 0.505113978125 0.11894930781249999 0.515291228125 0.137502221875 0.5071195562499999 0.1367537671875 0.5006749375
0 0.10385754375 0.409375 0.10188140937500001 0.41030745468749996 0.10019046093749999 0.4167377890625 0.104811859375 0.42504515 0.11531792031250002 0.43154690156250003 0.12999788437499998 0.4215124875 0.1298276015625 0.40955105156249993 0.1292131359375 0.409375 0.10385754375 0.409375
0 0.25809419375 0.6219098265625 0.241382709375 0.61445170625 0.223407965625 0.6171065609374999 0.22447718437500003 0.6263131578125 0.23010444218749998 0.6327863421875 0.24638823593749998 0.636561821875 0.24951272812499997 0.6319799484375 0.25809419375 0.6219098265625
0 0.27910235625 0.6873552234375 0.2870620921875 0.69292203125 0.2968196953125 0.6929791640625 0.302961759375 0.68289475625 0.2992392953125 0.6718325578125001 0.29160032343750003 0.669027728125 0.274952203125 0.672610384375 0.273368178125 0.679961378125 0.27910235625 0.6873552234375
0 0.4 0.9148615249999998 0.39799547031250004 0.913459615625 0.3863330734375 0.9179914968750001 0.3878299796875 0.9308807343750001 0.38911304375 0.94192865 0.4 0.942575328125 0.4 0.9148615249999998
1 0.4 0.409375 0.1854282125 0.409375 0.1862545921875 0.4126415484375 0.1793403234375 0.4475623421875 0.18625064062500002 0.46508344375000005 0.1977823578125 0.49091190625000003 0.20131078125 0.5212936765625 0.1849834265625 0.5276383109375 0.188919734375 0.5405418296875 0.2094408 0.5388219203125 0.22048147031249998 0.54992696875 0.206165828125 0.552603246875 0.21286230156250002 0.5682830296875 0.2352446015625 0.5720942171875001 0.25912380625 0.5887946421875 0.2633808796875 0.604460140625 0.2731582875 0.6256781625000001 0.3100265125 0.6387745078125 0.310774965625 0.6452191265625 0.3003520734375 0.6709190390625001 0.3295813265625 0.6812105546874999 0.31734076093749997 0.691259253125 0.3381390359375 0.7024214359375 0.3523913140625 0.68870438125 0.3584462578125 0.6988602046875 0.3649288890625 0.7126986671875001 0.395611490625 0.7459995312500001 0.4 0.7471613234375 0.4 0.409375
0 0.3671742484375 0.7320325203125 0.3623588078125 0.7430447296875 0.37817135625 0.7532576859375 0.391160375 0.7496536062500001 0.386689459375 0.7321467875 0.3671742484375 0.7320325203125
0 0.19505784531249998 0.58289931875 0.19644782968750002 0.59486789375 0.20451448593750002 0.6013553625 0.21883012656249998 0.598679084375 0.2152145828125 0.5885375421875001 0.205179771875 0.575598315625 0.19505784531249998 0.58289931875
0 0.49107407187499996 0.8633667859374998 0.510954003125 0.8650472453125001 0.516538290625 0.8596057406250001 0.5116642406249999 0.8533209750000001 0.4997147375 0.8485588343749999 0.48660057968750003 0.8516101640624999 0.48470885468749997 0.85316314375 0.49107407187499996 0.8633667859374998
0 0.4 0.8471398265625 0.40113302968750003 0.8471995859374999 0.40871675781250005 0.8589744203125 0.41763007500000005 0.8465141515625 0.4251969703125 0.8403022296875001 0.4307812578125 0.8348607265624999 0.4087369515625 0.832385565625 0.4075554640625 0.8222122765625001 0.4 0.8270712328125001 0.4 0.8471398265625
0 0.6688119734375 0.8683176281249999 0.680397940625 0.8699495234375 0.687200740625 0.8660792140625 0.6909841875 0.862973253125 0.6982784328125 0.8544136468750001 0.68758446875 0.8426206015624998 0.6728882640625 0.8409704953125001 0.6689769078125 0.85189599375 0.6679940203125 0.86127458125 0.6688119734375 0.8683176281249999
0 0.5869157984375 0.7786868453125 0.5989932109375 0.7756294484375 0.601649028125 0.7717348546875 0.605068940625 0.76549865 0.6024501484375 0.7607911453125 0.594193209375 0.752140484375 0.58220668125 0.7559804421875 0.58027793125 0.7661355203125 0.58118676875 0.7739611281250001 0.5869157984375 0.7786868453125
0 0.4793938296875 0.6646631296875001 0.4884148625 0.670972178125 0.50000083125 0.672604075 0.514151734375 0.66955881875 0.5129702468749999 0.6593855281250001 0.5077326609374999 0.6499705171875 0.50245805 0.6491576046875001 0.4913265 0.6514385125000001 0.48245020937500005 0.65529668125 0.4793938296875 0.6646631296875001
0 0.511721428125 0.5772652125000001 0.5205236703125 0.5906112390625 0.52339828125 0.5796796687500001 0.5257814484375001 0.57343739375 0.5314566203125001 0.568778453125 0.5267104781249999 0.5546741484375 0.5197629359375 0.548377240625 0.5041208703125 0.547503621875 0.4974628109375 0.5615411531250001 0.511721428125 0.5772652125000001
0 0.527622675 0.5179241453125 0.5224389484375 0.51789379375 0.5148720515624999 0.524105715625 0.5131250703125 0.535825915625 0.5179620953125 0.55071278125 0.5276563390625 0.5538976578125 0.5379329109375 0.5531758 0.5394611 0.5484925781250001 0.5426083640625 0.5399086921875 0.5493202796875 0.5352558203125 0.5479200000000001 0.53211950625 0.5401545046875 0.51877955 0.527622675 0.5179241453125
0 0.8341781421875 1 0.8381010843750001 0.996779521875 0.8373740156250001 0.9905190359375 0.8319176390624999 0.9881410015625001 0.82127753125 0.9857326140625 0.8082542578125 0.989566503125 0.8029426203125001 0.9973556890624999 0.796137721875 1 0.8341781421875 1
0 0.9182502187499999 1 0.9171125374999999 0.9902038953125001 0.91111085625 0.9831304968750001 0.902726009375 0.9822993734375001 0.8906485984374999 0.9853567703125 0.8917392015625001 0.9947475015624999 0.8933910703125001 1 0.9182502187499999 1
0 0.735560884375 0.9078098906250001 0.74241754375 0.9133242390625 0.74976564375 0.9141492921874999 0.757113746875 0.9149743453125 0.7538587703124999 0.9047889156250001 0.7559692859375 0.8961989578124999 0.7492943953125 0.89224973125 0.740145453125 0.89376021875 0.7333426515625 0.8976305312499999 0.735560884375 0.9078098906250001
1 1 0.409375 0.6062091437499999 0.409375 0.60154800625 0.42294950781249996 0.5879592359375 0.44867688437500003 0.5758077734375 0.468938478125 0.5818633109375 0.4853965359375 0.5696579921875 0.49627347187500004 0.55859713125 0.52592579375 0.5439716171875 0.5516471015625 0.5489533843750001 0.5767011859375 0.553790409375 0.5915880515625 0.558354784375 0.604127234375 0.5615357109375 0.6315168609375 0.5615525453125001 0.6495036171875 0.5662078015625001 0.6628253609375 0.5722094828125 0.6698987609375 0.5759188796875 0.6839969953124999 0.5781371109375 0.6941763546875 0.5962330359375001 0.7161791125000001 0.5884843734375 0.7208259140625 0.592776096875 0.7310174140625 0.6057791781249999 0.7537723796875 0.6152916546875 0.755392134375 0.62012868125 0.770279 0.6385342812499999 0.7860273421875 0.6447177281250001 0.7946658609374999 0.6575222109375 0.79786895 0.67334604375 0.8003076890624999 0.6852955453125 0.8050698265625 0.6902604796875 0.8121371546875 0.6835115375 0.8253921265624999 0.6927143375 0.8332662953125001 0.70209890625 0.8427055875 0.7091003046875001 0.8583871546874999 0.7073903484375 0.8615052578124999 0.7014055015625 0.8724186156249999 0.6983491234375 0.8817850625 0.693401021875 0.892704490625 0.6901258484375 0.9091079140625 0.6890150515625 0.9263060390625 0.695599059375 0.9294727046875 0.7113690359375 0.9225267859375 0.7094604796875 0.9060930078125 0.7168456062499999 0.8983159656249999 0.7267418109375 0.8764771093749999 0.7470761625 0.882070371875 0.7637179484375001 0.8915521562500001 0.7813964796875 0.9010400109375001 0.7976747312500001 0.9073915546875 0.813680334375 0.9113954140625001 0.83563375625 0.9130880140625 0.8547495937499999 0.9171100859374999 0.8580415968749999 0.9186934171875001 0.8627877390624998 0.932797721875 0.8621683859375 0.9453065531250001 0.8715529546875 0.9547458453125 0.878355753125 0.9508755359375 0.89052405 0.9486006984375 0.8992185734374999 0.94317740625 0.8944354078125001 0.9376751999999999 0.899383509375 0.9267557703125 0.9160252953124999 0.9362375562499998 0.910986309375 0.9463744234375 0.9050014609375001 0.95728778125 0.9129857484375 0.9635907609375 0.9255175796875001 0.964446165625 0.943633696875 0.95986006875 0.953856409375 0.949753553125 0.9694075921875001 0.9498446093750001 0.9590233046875 0.9317971499999999 0.9640252640625 0.9302623796875 0.9721004359375 0.9373479187499999 0.9867966406249999 0.9389980265624999 0.9982917234375 0.9398473625000001 1 0.9398573640624999 1 0.409375
0 0.6145612234375 0.793707259375 0.626510728125 0.7984694 0.6390425578125 0.7993248046874999 0.64557270625 0.7931068109374999 0.6450274046875 0.788411446875 0.626584778125 0.781265203125 0.6154532296874999 0.7835461109375 0.6145612234375 0.793707259375