0 0.0672244734375 0.2741809671875 0.078375596875 0.26592567031250003 0.075925340625 0.25028875781250004 0.067306965625 0.24823445 0.050927809375 0.2495987515625 0.048272546875 0.2591265140625 0.0496201875 0.2677268140625 0.0672244734375 0.2741809671875
0 0.2237614453125 0.0752579171875 0.211803984375 0.07174912812499999 0.20105164062499997 0.0626946125 0.1863164015625 0.0679317390625 0.186877715625 0.0781321359375 0.20175547656249998 0.0870410359375 0.212610321875 0.083513215625 0.2237614453125 0.0752579171875
0 0.410077821875 0.1127070546875 0.42205529531249997 0.12958002500000002 0.4394145546875 0.13447048749999999 0.4447963421875 0.1224879796875 0.43706680000000003 0.10625124062499999 0.43220630625 0.10170578125 0.42407798281250003 0.1027788546875 0.41521458593749994 0.0991608546875 0.410077821875 0.1127070546875
0 0.5417949015625 0.1127748796875 0.5345041609375001 0.10595669062499999 0.5233330265625 0.1008478078125 0.5116406015625 0.11226689062499999 0.5081990078125 0.123394746875 0.5094241375 0.131213203125 0.5187775890624999 0.137958584375 0.533757853125 0.1342851484375 0.5499632453125 0.1384301703125 0.5440001343749999 0.1268481 0.5417949015625 0.1127748796875
0 0.16253276875 0.10807972031249999 0.1443359296875 0.1110805203125 0.1675870390625 0.1204800390625 0.17833938124999998 0.1295345546875 0.18858166406250002 0.12209750625 0.184803775 0.11122447499999999 0.17473525781250002 0.11315220156250001 0.16253276875 0.10807972031249999
1 0 0.41875 0.5796875 0.41875 0.5796875 0.2024204 0.5715279625 0.1966317453125 0.5544849875 0.20037798750000002 0.544672728125 0.1708498734375 0.538085821875 0.1883781078125 0.511148096875 0.18854275468749998 0.5014471171875 0.19281601718750002 0.47134406562500003 0.1860168609375 0.4568850953125 0.17316232812500001 0.446449040625 0.17274451875000002 0.43662554687500005 0.17623593437500001 0.4273433578125 0.1765635671875 0.42022638125 0.1642360546875 0.4000180828125 0.16101849375 0.3927473515625 0.1675644875 0.3778183390625 0.1649467546875 0.3652683234375 0.1708929203125 0.37025132968749996 0.176220225 0.353575896875 0.1823120046875 0.332510009375 0.17362152343749998 0.3300997734375 0.18471297656250002 0.3184385875 0.1764767109375 0.3196949578125 0.16463981562500002 0.3065323765625 0.16667675312500002 0.2792071015625 0.15113167968750002 0.2583349890625 0.15029605937499999 0.2589675640625 0.16756946875 0.244283575 0.166515428125 0.226311753125 0.1577157375 0.21631449531250002 0.16671647812499998 0.2299358875 0.1874622734375 0.23432634062500002 0.2022445328125 0.22055119531249998 0.200372240625 0.20854248125 0.2031546203125 0.176815521875 0.20584682187499997 0.14717128125 0.221830396875 0.1250428 0.23283167031250002 0.1076322875 0.2342323765625 0.11621064218749999 0.2095583203125 0.1033443390625 0.20686778125 0.09698244687499999 0.212595525 0.06614431875 0.20110529531250002 0.040912996875 0.1658320640625 0.053349278124999996 0.2054877671875 0.059138625 0.222579159375 0.0745576875 0.22832427656249998 0.07688543125 0.24317934062500002 0.0956635953125 0.26374311875 0.08927046250000001 0.2891262125 0.079048190625 0.3099274421875 0.0696634984375 0.32283741093749996 0.0541731734375 0.3100192828125 0.043002040625 0.3049103984375 0.0222011890625 0.3111477921875 0.0157367953125 0.329457871875 0.026121600000000002 0.33616685 0.025774071875 0.3471854953125 0.0181358 0.3513859515625 0.026896696874999997 0.3675862875 0.0056570453125 0.36440513124999996 0.0159905984375 0.3774052765625 0 0.37663298749999996 0 0.41875
0 0.5796875 0 0.5796875 0.015594703125000001 0.5916436984375 0.0151726875 0.59618790625 0.0110814421875 0.5926550421875 0.001772103125 0.5904804515625 0 0.5796875 0
0 0.5796875 0.0402951984375 0.599148225 0.0432099171875 0.604356246875 0.03673673125 0.6043362375 0.02337255 0.59807685 0.0165179578125 0.584005428125 0.01937314375 0.5796875 0.01892185625 0.5796875 0.0402951984375
0 0.90573428125 0.09370965625 0.904754178125 0.087454890625 0.9028652312500001 0.082018375 0.8876911953125 0.0778369515625 0.8790215703125 0.0820738109375 0.8758762546875 0.0884741890625 0.8773464093750001 0.09785633593750001 0.8833607718750001 0.10314723750000002 0.8980447593750001 0.1042012796875 0.9069594078125001 0.1015281109375 0.90573428125 0.09370965625
0 0.8777852109375001 0.10727488593750001 0.8748849218749999 0.11523895625 0.8810217968749999 0.12131170312499999 0.8976459796875 0.1215110921875 0.9046204343750001 0.11969257656250001 0.9027314875 0.1142560609375 0.8955632609374999 0.10821971718750001 0.8878537265625 0.1053471609375 0.8777852109375001 0.10727488593750001
1 0.5796875 0.41875 1 0.41875 1 0.17297155625 0.98939404375 0.17094605937500001 0.9794792781249999 0.15400028125 0.968043109375 0.133963525 0.9533591234374998 0.132909484375 0.93796006875 0.14052855 0.918589353125 0.1294197265625 0.9051817468750001 0.1298929734375 0.903435325 0.138602484375 0.892090428125 0.1390029234375 0.8849221984375 0.1329665796875 0.8724746843750001 0.126330409375 0.8650814406249999 0.13209455625 0.8439643 0.1296952453125 0.841371521875 0.09991230625 0.8288727546875 0.0995673015625 0.8185079625 0.10622250625 0.7981771515625 0.10222309999999998 0.7831968859374999 0.1058965359375 0.78552463125 0.1207516 0.751592440625 0.10937058125000002 0.7450567859375 0.120607646875 0.7447092578125 0.13162629374999998 0.7318942046875 0.12264458593750001 0.7311591281250001 0.11795351093749999 0.7173127218750001 0.10900820625 0.7065803890625 0.1133178734375 0.6837168296875 0.1196280734375 0.665938778125 0.1186832421875 0.6417075671875 0.103028959375 0.621029228125 0.1100481984375 0.6085504734375 0.1230673765625 0.61087821875 0.1379224421875 0.6170863546875001 0.15106820468749999 0.6053226671874999 0.1554142734375 0.5796875 0.15091926718749998 0.5796875 0.41875
0 0 0.7654750140625 0.0231545765625 0.762319321875 0 0.7520531937499999 0 0.7654750140625
0 0.11611899375000001 0.77318903125 0.1322531234375 0.7702610390625 0.12452358125 0.7540243 0.10637799375000001 0.75073393125 0.1054891625 0.7649163625 0.11611899375000001 0.77318903125
0 0.05891077812499999 0.897850803125 0.0620761015625 0.9048146046875001 0.060329679687500005 0.9135241187500001 0.07312472187499999 0.9091416437500002 0.083244490625 0.9009227484375 0.074973646875 0.8878497953124999 0.05891077812499999 0.897850803125
0 0.1613199125 0.9359030890625 0.1461658859375 0.9450858468749999 0.14490951406250002 0.9569227421875001 0.170274584375 0.959958284375 0.1777190796875 0.9479029687499999 0.1613199125 0.9359030890625
0 0.4298318390625 0.5184032984375 0.441042990625 0.550240546875 0.434456084375 0.5677687812500001 0.45296921250000005 0.573404684375 0.46794947656249997 0.56973125 0.4634877609375 0.547875978125 0.4398290953125 0.5094025578125 0.43086319375000004 0.51836689375 0.4298318390625 0.5184032984375
0 0.4759953046875 0.5946046953125 0.48174463125000005 0.584967721875 0.47239118125 0.578222340625 0.4593511140625 0.5810411234374999 0.4575334296875 0.5826776203125 0.45973866250000006 0.596750840625 0.4759953046875 0.5946046953125
1 0.5796875 1 0.5796875 0.6505339718750001 0.5712049703125001 0.6462759874999999 0.5544070234375 0.6515859203125001 0.5357001218749999 0.63809515625 0.5268167125 0.6211129765625 0.49764251562500006 0.6268597515625001 0.4990614171875 0.6425330671875 0.481109603125 0.6470975578125 0.47913816562499995 0.6676075609375001 0.4655367859375 0.660225946875 0.45402935468749994 0.6331161765625 0.42826550625 0.647390446875 0.39964384218750004 0.6169539046875 0.3916380328125 0.6188088234375 0.43311476875 0.6849554375 0.3926669328125 0.6981756671875 0.3891028296875 0.7085216765625 0.3695583484375 0.702922175 0.3577946609375 0.7072682453125 0.364247821875 0.721977696875 0.363113965625 0.7345964390624999 0.3722936515625 0.7468511421875 0.347979946875 0.7571433765625001 0.3333472109375 0.7497981687499999 0.3188569984375 0.7565989859375 0.3271790953125 0.7633807703125 0.3274953828125 0.772017475 0.3074095984375 0.7695817593750001 0.2822895546875 0.7681099078125 0.27685651718750004 0.7863835859374999 0.3018027953125 0.793364759375 0.3166293046875 0.808564828125 0.2860562125 0.8120024703125001 0.26920701406249997 0.8236035734375001 0.25606444375000004 0.8390046921875001 0.263426446875 0.8528958937500001 0.29368325156249997 0.8408215453124999 0.2724323703125 0.870659921875 0.26899077656250003 0.8817877765625 0.25484809375 0.87756995 0.23161699375000003 0.8815346125 0.22891048125000002 0.8973535421874999 0.2280216484375 0.9115359734374999 0.2326571265625 0.9278819234375 0.243757 0.9259177937499998 0.249076303125 0.9532459843750001 0.243500740625 0.9573736343749999 0.24607351249999998 0.973792390625 0.241819140625 1 0.5796875 1
0 0.24267684531249997 0.8528421187500002 0.23538610468750001 0.8460239296874998 0.21918071249999999 0.841878909375 0.2134313875 0.8515158812500001 0.21507530468749997 0.85538870625 0.21890444531250003 0.85997056875 0.22892171249999999 0.8643340109375 0.2392352546875 0.8639699750000001 0.2437794625 0.8598787296874999 0.24267684531249997 0.8528421187500002
0 0.5796875 0.5238159203125 0.5847913046875 0.5239568 0.594492284375 0.5196835375 0.5966062453125 0.5133195625 0.588825453125 0.503373990625 0.5796875 0.50233574375 0.5796875 0.5238159203125
0 0.5796875 0.7110891328125 0.58313125 0.7119099984374999 0.6021856796875 0.71438211875 0.61127409375 0.7061996265625 0.598581553125 0.6979997640625 0.5796875 0.6933130593750001 0.5796875 0.6935231609375 0.5803134531249999 0.69392755 0.5796875 0.694491109375 0.5796875 0.7110891328125
0 0.726004359375 0.544916034375 0.733152578125 0.537588196875 0.7321724749999999 0.5313334328125 0.72736323125 0.520496803125 0.7145681890625 0.524879278125 0.71331181875 0.5367161734375 0.726004359375 0.544916034375
0 0.75973786875 0.7072486859375 0.7463302609375 0.7077219328125001 0.743481225 0.7093948343750001 0.7451964046875 0.7203406718750001 0.7544273421875001 0.7263042078125 0.76535345 0.7298494015625 0.775963271875 0.7247578875 0.773165484375 0.720139621875 0.77181784375 0.7115393203125 0.76877503125 0.7053573625 0.75973786875 0.7072486859375
0 0.79473898125 0.8247249125 0.7973942421875 0.81519715 0.7962916265625 0.8081605406250001 0.787305715625 0.8037606953124999 0.7741943859375 0.7995064640624999 0.7656472734374999 0.8045251703125 0.764145878125 0.814798371875 0.7647584421875 0.8187076015624999 0.767433715625 0.822544021875 0.772049184375 0.8255257890625 0.7786048484375 0.8276529046875 0.7858243296875 0.8273980796875 0.79473898125 0.8247249125
1 1 1 1 0.50696688125 0.9903585906250001 0.511213903125 0.9727230625000001 0.5244151 0.9504720687500001 0.534634528125 0.9505433296875001 0.5417075421875 0.9364719062500001 0.5445627281250001 0.9211953656249999 0.552963640625 0.9146597109375 0.5642007062500001 0.9081240562499999 0.5754377734375 0.8892634015624999 0.5808205140625 0.8790723687499999 0.5819663953124999 0.8731492796874999 0.5971126890624999 0.8627844843750001 0.6037678921875 0.8533797828124999 0.603313678125 0.84378130625 0.5950046062500001 0.8302511875 0.5946960062500001 0.8201314171874999 0.6029149 0.8193651 0.6178791765625 0.8386645546875 0.6219149859374999 0.8458840343749999 0.6216601609375 0.848998109375 0.6349151328125 0.8524084578125001 0.6434426265625 0.8532660484375001 0.648915546875 0.8359267984375001 0.657389265625 0.8354055046875001 0.6739172328125 0.8389896203125 0.6769354046875 0.8455652953125 0.692426703125 0.850915840625 0.70009954375 0.843890134375 0.7082092281250001 0.8244169140625001 0.709682740625 0.8403460390624999 0.7319194203125 0.8421837328125001 0.743647103125 0.8441439374999999 0.7561566328125 0.8374857718750001 0.7666118531249999 0.8385883859375 0.7736484640625 0.821545415625 0.77739470625 0.8249757750000001 0.7992863828125 0.8359731437499999 0.8099045890625 0.8442439890625 0.8229775421875001 0.8483181546875 0.8291230953125 0.865084859375 0.8434685125 0.8671675796875 0.8567598875 0.883219215625 0.8797784125 0.8985157671875001 0.8847416828124999 0.9084305296874999 0.9016874593749999 0.9173139390625 0.918669640625 0.9258298109374999 0.9333062859375 0.9429640546875 0.9499972390625 0.963141109375 0.97287015 0.9834919281250001 0.9902337375 0.9949080875 0.9969063140625 0.9973146609375 1 1 1
0 0.913884615625 0.53278126875 0.8992718890625 0.538800240625 0.8924912078125 0.5484736171875 0.8975967296875 0.5545827671875 0.9147109625000001 0.5579095390625 0.9236768640624999 0.5489452015625 0.9246369578125 0.541835784375 0.9204402796875 0.534908384375 0.913884615625 0.53278126875