0 0.1401545046875 0.44783427031249995 0.146719171875 0.43972284375 0.1449233421875 0.432781928125 0.140822634375 0.4314121703125 0.128202353125 0.4351229484375 0.124729125 0.4438706921875 0.12418825781250001 0.45716477187500004 0.12522934375 0.45711620937499997 0.12948913125 0.4545759421875 0.1401545046875 0.44783427031249995
0 0.16518019374999998 0.609375 0.1738474890625 0.5391445609375001 0.168578434375 0.5409513859375 0.14608135 0.609375 0.16518019374999998 0.609375
0 0.24802256250000002 0.427192159375 0.2387482453125 0.4252832140625 0.22401397812499999 0.42987312343750006 0.21855402812500002 0.43637197812500006 0.21930877031249998 0.44336145781249997 0.23116547656250003 0.45841879375000005 0.242935565625 0.45006455 0.25060494843750003 0.44034055 0.2511140015625 0.427828471875 0.24802256250000002 0.427192159375
1 0.259375 0 0 0 0 0.1994503890625 0.0197863203125 0.21382921875 0.029879012500000003 0.221163634375 0.06335280625 0.21569958437499998 0.0678582859375 0.23266087343750003 0.055110739062500004 0.2394996703125 0.0513829859375 0.25450344999999996 0.07201379062499999 0.2582242125 0.0859933140625 0.246644825 0.10258704062499999 0.24743182031250002 0.1031508890625 0.2591133296875 0.1250773046875 0.256529490625 0.1420439859375 0.273690025 0.13453367968750002 0.2795040015625 0.128851021875 0.2914768890625 0.155728334375 0.294906271875 0.18421057968750001 0.30996860000000004 0.20809190156250001 0.31041565625 0.2117153734375 0.32351548281250003 0.2359784828125 0.3145784796875 0.25348603125 0.31844493281249997 0.252563375 0.3411230703125 0.259375 0.34428066875 0.259375 0
0 0.3092031625 0.43167347500000003 0.295541796875 0.43543281718750004 0.297623965625 0.435335690625 0.292950575 0.4480420203125 0.2968603890625 0.4541038046875 0.3125721078125 0.451029340625 0.318222953125 0.4398384578125 0.3092031625 0.43167347500000003
0 0.37291790156250004 0.3725039 0.36657594531250004 0.37514129375 0.3611478109375 0.38085814375 0.363984725 0.3877504953125 0.37007215625 0.391369140625 0.376191403125 0.3942057796875 0.3813331953125 0.3955269734375 0.3921576484375 0.384875278125 0.3915619828125 0.373975775 0.3844016515625 0.3711876984375 0.37291790156250004 0.3725039
0 0.3532769046875 0.24229261875 0.346212021875 0.23715852656249997 0.3347919046875 0.23691071875 0.3241583453125 0.24287038593750002 0.3361741265625 0.254017696875 0.3528951171875 0.251676675 0.3532769046875 0.24229261875
0 0.3617770171875 0.109988121875 0.34353770781250004 0.1241077796875 0.349911478125 0.12068838125 0.3723699265625 0.13056805625 0.38710419375000005 0.1259781453125 0.3939870171875 0.1100466703125 0.3932640890625 0.1022751875 0.3754701984375 0.10544677656250001 0.3617770171875 0.109988121875
0 0.4797413546875 0.45415872031250004 0.495357628125 0.453430271875 0.5002219125 0.4360319140625 0.49549372500000005 0.42454465937499997 0.47978200312499997 0.427619121875 0.46889391874999997 0.43983482656249995 0.4797413546875 0.45415872031250004
0 0.6499437218749999 0.5359792015625 0.642719759375 0.534755134375 0.6276991515624999 0.5463830875 0.625330640625 0.5535182562500001 0.6354551468749999 0.560070665625 0.652526109375 0.5491275921875001 0.6499437218749999 0.5359792015625
0 0.8845925921875001 0.5406439953125 0.895448859375 0.529210296875 0.8949168265624999 0.516746784375 0.88917936875 0.5045260875 0.8745087328124999 0.5075519875000001 0.86652119375 0.525096034375 0.8695808171875001 0.5265143546875 0.8743408203125 0.5372196046875 0.8792917187499999 0.5432328265625 0.8845925921875001 0.5406439953125
0 0.9807135390624999 0.5533317156249999 0.9854823765624999 0.5382793734375 0.9745713109375 0.5255194875 0.9676336890624999 0.517257378125 0.9627464218749999 0.509680146875 0.954481375 0.50850464375 0.9497443515625001 0.5227749828125 0.9492353 0.535287059375 0.947876059375 0.54315566875 0.9620058265625001 0.5534238499999999 0.972321228125 0.55528423125 0.9807135390624999 0.5533317156249999
1 1 0 0.4755082 0 0.4710308171875 0.00420461875 0.458187825 0.013389429687500001 0.43735729531250006 0.0401182890625 0.43590260625 0.0503329140625 0.4282968546875 0.0584929046875 0.42668308593750004 0.072617553125 0.4198002640625 0.0885490296875 0.40692545625000004 0.0985158453125 0.3987788375 0.11996991718750001 0.3867224046875 0.135362203125 0.3736248875 0.1508030515625 0.38538614375 0.168206403125 0.379639853125 0.1817433 0.38556820312499995 0.18927196875000002 0.391996775 0.21004615312500002 0.37587145 0.2232866796875 0.3807269 0.231645915625 0.385987121875 0.255596684375 0.393520409375 0.27475829687500003 0.3876150375 0.29220521875 0.40395424062499996 0.299248253125 0.39798523750000003 0.318259184375 0.3659572984375 0.3392662015625 0.3217456640625 0.3787935234375 0.37374511093749996 0.3521717765625 0.41309246093750007 0.33004280937499997 0.4169386421875 0.33766860625 0.4081327265625 0.3497871828125 0.435487275 0.34148649375 0.4390471171875 0.35615033125 0.44244787968750005 0.3747241921875 0.43244180156249995 0.39080135781249997 0.446667015625 0.3987235234375 0.46124220468750005 0.3980436390625 0.47894064687500004 0.3972180625 0.4907743703125 0.3872998109375 0.5046496125 0.403824028125 0.5156243109374999 0.415019903125 0.5118965578125 0.43002368437499994 0.5039726484375 0.44600372187500004 0.49175713906249996 0.4653060328125 0.48575631875 0.48509896875 0.47858715312500005 0.5080684875 0.4747639546875 0.5254182796875 0.49366256093749994 0.5206341171875 0.5124427390624999 0.4932203796875 0.5205257249999999 0.47333031875 0.527590609375 0.478464409375 0.5452890531250001 0.47763883281249997 0.5605005546875 0.46131885156249997 0.58500935625 0.4718834046875 0.61068650625 0.479271375 0.6354816484375 0.48279788593750006 0.6426101640625 0.4863679671875 0.6551349984374999 0.4850032015625 0.6628361984375 0.47449719687499997 0.672897071875 0.48261361718750007 0.662859178125 0.49947278749999996 0.6524713125 0.5249340078125 0.6798258609375 0.5166333203125 0.6908412078125 0.501289596875 0.6985335734375 0.5165411859375 0.6859132906250001 0.5202519640625 0.6636369046875 0.5314378546875 0.66700585 0.5507937203125 0.6955605625 0.538534446875 0.7131635578125 0.540054884375 0.7345897546875 0.524225528125 0.755793240625 0.5138702046875 0.754760990625 0.488161175 0.77125926875 0.4912941875 0.80334200625 0.49448075312500006 0.7968727859375 0.500246165625 0.8078793015624999 0.5106600359375 0.8297102671874999 0.5104222140625 0.8494272484375 0.5110635203125 0.86681636875 0.49230039843749995 0.8843557328125 0.49538484687500006 0.9045817656249999 0.48351407812499997 0.9300768546875 0.4698364828125 0.938055559375 0.4780500296875 0.9701701125 0.48045459062500007 0.9816768453125 0.5041139796875 0.9906824875 0.461545778125 1 0.4572950953125 1 0
0 0.109945034375 0.674082715625 0.1167324109375 0.6604972546875001 0.118155284375 0.6510646343750001 0.10777624999999999 0.6507682609375001 0.099383940625 0.6527207781250001 0.09083255 0.6585833171875 0.091491846875 0.6679188109374999 0.09637911406250001 0.6754960421875 0.109945034375 0.674082715625
0 0.15842176875 0.7085059 0.163786271875 0.7043530609374999 0.17028730625 0.69780564375 0.167514025 0.68934928125 0.159185346875 0.6897377859375 0.1434736265625 0.6928122515624999 0.1410733 0.7007294234375 0.14709709843750002 0.705912078125 0.15842176875 0.7085059
0 0.135208578125 0.691636746875 0.151015746875 0.68621626875 0.152534065625 0.674437634375 0.147614984375 0.6676424078125 0.13531285937499998 0.6635331390625 0.1276434765625 0.6732571390625 0.12300190312499999 0.6851814640625 0.1042217234375 0.7125952 0.135208578125 0.691636746875
0 0.10674047812500001 0.7273076015625 0.122802171875 0.7156310859375 0.12627539999999998 0.7068833437500001 0.1212926859375 0.7016521265625 0.11163658125 0.7091272390625 0.099834675 0.7182634875 0.0993256234375 0.7307755640625 0.10674047812500001 0.7273076015625
0 0.0831278328125 0.7713376921874999 0.10196280625000001 0.768117540625 0.11486943125 0.75736871875 0.105817825 0.749985740625 0.0911471875 0.7530116390625 0.0742034890625 0.7608266953125 0.060223965625 0.772406084375 0.062019793749999996 0.779347 0.0831278328125 0.7713376921874999
0 0.259375 0.8301490781249999 0.257344296875 0.8311163484375002 0.250715996875 0.8407917859375 0.2534892796875 0.8492481484375001 0.259375 0.8512141515625 0.259375 0.8301490781249999
0 0.3033145640625 0.7949042000000001 0.2897168296875 0.7970995328124999 0.28854848125 0.8002761140625001 0.289398671875 0.8049195796875 0.28898506875 0.815085640625 0.2959545046875 0.8225657453125 0.30649261562499996 0.8189520937499999 0.3100612921875 0.8078583375000001 0.3094338109375 0.7977408390624999 0.3033145640625 0.7949042000000001
0 0.3003857234375 0.6881094890625 0.29884442031249997 0.6749125359375 0.2864786640625 0.6723672765625001 0.271903478125 0.6730471609374999 0.2665389734375 0.6772000015625 0.2632248265625 0.6820377203125 0.269025915625 0.6926944078125 0.2791186046875 0.7000288234375 0.2853333 0.700519446875 0.29483032656249997 0.696954359375 0.3003857234375 0.6881094890625
0 0.43084832500000003 0.6484614390625 0.417377853125 0.6475287515625 0.41207698125 0.6501175828125 0.4077535640625 0.654221859375 0.4001796265625 0.6615998453125 0.4069899859375 0.6729899734375 0.4236155265625 0.6729949671875 0.4289164 0.6704061359375 0.4305937984375 0.6547174765625 0.43084832500000003 0.6484614390625
0 0.3641447390625 0.609375 0.3832854125 0.6171177078125 0.3884908359375 0.616874890625 0.40521182499999997 0.6145338703125 0.40542171250000003 0.609375 0.3641447390625 0.609375
0 0.7033916484375 0.8199510421875 0.7038688843750001 0.8082209703125001 0.69273510625 0.80093511875 0.6789782953125 0.807040475 0.6747503234375001 0.8087987375000001 0.6713089109375 0.8167644734374999 0.6730092921875 0.8260514046875 0.6875844812499999 0.8253715203125 0.7033916484375 0.8199510421875
0 0.7910884703125001 0.8353732812500001 0.7914066281250001 0.8275532343750001 0.7874013671875 0.8238374640625 0.7803046671875 0.819485378125 0.7692893187500001 0.8348291015625 0.7742402187499999 0.8408423218750001 0.7814323640625 0.8428483953124999 0.7898564921875 0.8401138749999999 0.7910884703125001 0.8353732812500001
0 0.8981328375000001 0.732814921875 0.8969326750000001 0.7367735109375 0.8912818296874999 0.74796439375 0.9097986468750001 0.7525642875 0.9184136703124999 0.7451377375 0.9187636421875001 0.7365356859375 0.916999628125 0.728812765625 0.9065887796875 0.729298396875 0.8981328375000001 0.732814921875