0 0.54290985625 0.6 0.5399463984375 0.5843129140625 0.5189899609374999 0.5828931484375001 0.510627696875 0.5880293265625001 0.513634425 0.599799840625 0.5138842921875 0.6 0.54290985625 0.6
0 0.3789351359375 0.3728415125 0.3909729359375 0.36747015625 0.39548847343750004 0.3588992203125 0.39409210156249996 0.355307675 0.3888918015625 0.3491988578125 0.37279328437500003 0.346548034375 0.3646878078125 0.35718911875 0.366426559375 0.36812053906250003 0.3789351359375 0.3728415125
0 0.4821178421875 0.31930796093749997 0.47442438437499995 0.3124384453125 0.4623009890625 0.3159748328125 0.45681706093749996 0.33012906875 0.47650551874999997 0.33070974531249997 0.4821178421875 0.31930796093749997
0 0.2399125234375 0.26394836875 0.230325078125 0.26916293750000003 0.2318926421875 0.276424421875 0.237178534375 0.284368209375 0.24470079843749998 0.2875677875 0.2506983015625 0.2844233671875 0.2578781859375 0.28028306718749996 0.258846575 0.274699765625 0.2585469921875 0.2682773734375 0.25216431250000004 0.2631644328125 0.2399125234375 0.26394836875
1 0.56875 0 0 0 0 0.22944813437499997 0.0060854203125 0.2301380453125 0.0226522828125 0.2494149390625 0.038382446875 0.2507550078125 0.0507337625 0.24683594687500002 0.0440759359375 0.2832426703125 0.0489327265625 0.2977935109375 0.0756454015625 0.2882623953125 0.1084745375 0.29789465625 0.1325951140625 0.27757874375 0.13499175937500002 0.261781603125 0.16038556875 0.2687608578125 0.1846288421875 0.2734671609375 0.19877193437500001 0.2631759359375 0.198335396875 0.2538175921875 0.23065524062499998 0.2525317875 0.26889609375 0.24382741874999997 0.285908746875 0.22787725625 0.3078509484375 0.22803765625 0.3343724765625 0.25919263125 0.3501889609375 0.2847750546875 0.36350891875 0.279229634375 0.3676973453125 0.257060328125 0.36150812656250003 0.2363372296875 0.3536726390625 0.2251057421875 0.372417878125 0.223906321875 0.41080424375 0.2183214 0.421277459375 0.1965321484375 0.43416088124999996 0.18162838750000002 0.4791822578125 0.161539509375 0.519142134375 0.1449032515625 0.5236215828125 0.128972840625 0.5583880109375 0.1353523859375 0.56875 0.13015146718749998 0.56875 0
0 0.94312035 0.52972965625 0.9469221781249999 0.5216645 0.946558396875 0.5138658796875 0.9430340312500001 0.505487303125 0.925257440625 0.5050603640625 0.9213101 0.5100060734375 0.926276025 0.5268964984375 0.94312035 0.52972965625
0 1 0.4827816859375 0.9994380750000001 0.483105721875 0.99750078125 0.48635843906250004 0.9960000265625 0.49896949843750005 1 0.502801490625 1 0.4827816859375
0 0.9236118140624999 0.3354305171875 0.9474549265625001 0.331558340625 0.9518388046874999 0.3359709734375 0.94285278125 0.32246653593749997 0.9352719437499999 0.3166940796875 0.916272059375 0.3124344671875 0.908086353125 0.316086990625 0.9147713015625 0.32504552656249996 0.9236118140624999 0.3354305171875
0 0.8863581140625 0.25333773125 0.9011560124999999 0.257084021875 0.9132526796875 0.24770592656249998 0.9168726171875001 0.23574145937500002 0.915831215625 0.23580809375 0.9064222187500001 0.2356279421875 0.8885728687500001 0.23364127968749998 0.8803144093749999 0.235734078125 0.8828701265625 0.24573901562499997 0.8863581140625 0.25333773125
0 0.7949730421875 0.5110500828125 0.7958325546875 0.5070841374999999 0.7922718109375 0.497925696875 0.780780009375 0.4978788140625 0.7736357078125 0.501464703125 0.7741450000000001 0.5123827703125 0.785964203125 0.5194484109374999 0.7949730421875 0.5110500828125
0 0.78028491875 0.3305219203125 0.7831181 0.324083121875 0.7901532687499999 0.318157646875 0.7844005875000001 0.30679289062500004 0.774991590625 0.3066127375 0.75862018125 0.313917784375 0.7547455984375 0.3204232171875 0.761285034375 0.32626230624999997 0.771917325 0.330275134375 0.78028491875 0.3305219203125
0 0.7644641296875 0.23767146718749999 0.7794075375 0.2445372046875 0.7884527546875 0.2369187375 0.7923273390625 0.23041330468750001 0.791890803125 0.22105496093750002 0.78858470625 0.21735555624999997 0.7768746359375001 0.21262949999999997 0.7635546765625 0.21817491875 0.7597164703125 0.225460215625 0.7644641296875 0.23767146718749999
0 0.49465003125000007 0.7522090234375 0.47632776874999994 0.74008415625 0.45873306718749995 0.7435565265624999 0.45672301875 0.74524951875 0.4643537984375 0.7744844671875 0.4785104546875 0.786875871875 0.5010938968749999 0.7783911578125 0.501262225 0.7596078359375 0.49465003125000007 0.7522090234375
0 0.4190913390625 0.811796940625 0.4184864734375 0.8212219187500001 0.429373409375 0.8306937796874999 0.435694578125 0.8318536968749999 0.4426206125 0.8235886359375 0.43568101718749996 0.8091710656250001 0.4190913390625 0.811796940625
0 0.1803214453125 1 0.1802822125 0.999158925 0.17798114062499998 0.9946130234374999 0.1663438265625 0.9914466921875 0.16232373125 0.994832678125 0.16032169999999998 1 0.1803214453125 1
0 0.063995396875 0.991737971875 0.0650367984375 0.9916713375 0.07735173281249999 0.9869724140624999 0.0754736359375 0.9691022234375 0.0697209546875 0.9577374671874999 0.055032190625 0.9563307640625001 0.0435767671875 0.9570637421875 0.040961853124999996 0.9681817125000001 0.044558975 0.9781200140624999 0.0543681296875 0.9868786484375001 0.063995396875 0.991737971875
1 0 0.6 0 0.9091908437499999 0.0056953875 0.9062987015624999 0.0171508109375 0.9055657234375 0.037410365625000004 0.9144378734374999 0.046118925 0.9443860484375 0.057501590625 0.9420933453125 0.049543409375 0.9058396406250001 0.07375030625 0.9097660828125 0.0921089453125 0.9226708125 0.1053925265625 0.91634553125 0.104810478125 0.9038677406250001 0.1182623875 0.8787591390625 0.1117229515625 0.8729200500000001 0.14949088906250002 0.8540774750000001 0.18015090312499998 0.8396006500000001 0.19601301875 0.8213775390624999 0.22301671875 0.81808531875 0.22534060781249998 0.8007284531250001 0.2404659078125 0.8114934999999999 0.2623353515625 0.8100941765625 0.267214959375 0.8027422468750001 0.2759827140625 0.811567515625 0.2955874625 0.8064021515625001 0.2959013046875 0.790738278125 0.2892163546875 0.7817797421874999 0.2756417484375 0.781866128125 0.2727358109375 0.7867452015625 0.2661963734375 0.7809061125 0.2771788828125 0.7700349296875 0.2949190953125 0.76968200625 0.30727040781250003 0.7657629453125 0.31757529687499997 0.7627570140625 0.33829420312499997 0.759084740625 0.34339207968749996 0.75641198125 0.3414776046875 0.73776193125 0.33285536250000003 0.7320561109375 0.320249403125 0.7305161390625 0.3158655265625 0.7261035046875 0.3343197421875 0.7186651890625 0.3369710328125 0.70832708125 0.32142275625 0.7108863203125 0.3230690234375 0.7013947078125 0.329922303125 0.691569925 0.33595244687500003 0.686490946875 0.3364117984375 0.673946521875 0.3560893046875 0.67034088125 0.35539812187500003 0.65552350625 0.35865427968749997 0.63576041875 0.3447158921875 0.628048184375 0.3363119203125 0.6270215359375 0.34064585625 0.607971678125 0.3439742625 0.6 0 0.6
0 0.3066926671875 0.820553184375 0.2947415140625 0.8330507265625 0.2983386328125 0.842989028125 0.303800290625 0.8481148890625001 0.3152193375 0.8466020484375001 0.3254514671875 0.8420363953125 0.326879465625 0.8278656109375 0.3244328796875 0.8202002609375001 0.3066926671875 0.820553184375
0 1 0.99031596875 0.9945673546875 0.9823272984375 0.9797368140625 0.9805155640625 0.9725997296875001 0.9855733499999999 0.9719737171875 0.998496528125 0.973850559375 1 0.9987519359375 1 1 0.9958749484375 1 0.99031596875
0 0.90273261875 0.9366708812500001 0.9074621437499999 0.9326873671874999 0.9069485703125 0.9216775531250001 0.8965907703125 0.9103774 0.8914332640625 0.9051860671874999 0.8777851078125 0.9023784562499999 0.8657473046874999 0.9077498140625 0.87251516875 0.9211201156250001 0.8717607624999999 0.9312908390625001 0.8892984484374999 0.9384506937499999 0.90273261875 0.9366708812500001
0 0.8658807656249999 0.9896411265625 0.8641420156249999 0.9787097031249999 0.8627456453125 0.9751181578124999 0.8502370703125 0.9703971843750001 0.8369740890624999 0.9758469359374999 0.8363052812499999 0.9878526296875 0.846534690625 0.9964003296874999 0.8658807656249999 0.9896411265625
1 0.56875 0.6 0.56875 1 0.5991154859375001 1 0.6177098562500001 0.9907968484375 0.6331236109375 0.97876791875 0.6567871875 0.9855358046875 0.684880709375 0.9818977859375 0.7125890515625001 0.9700024031249999 0.720694528125 0.9593613203124999 0.7197957765625 0.9400941421875 0.7303516125 0.9292962718750001 0.7677757890625 0.9149387749999999 0.7608795359375 0.8988160187500001 0.7421594687499999 0.8926520421875 0.7480285765625 0.88675516875 0.741260715625 0.8733848656250001 0.74061875 0.859622596875 0.75362494375 0.8486679374999999 0.7728854265624999 0.8400737656249999 0.772029471875 0.8217240718750001 0.7751914359375001 0.810479078125 0.7745494703125 0.7967168078125 0.7558722015624999 0.7914703171874999 0.75484505625 0.7694506859375 0.75678184375 0.758284084375 0.753860709375 0.7483485390625 0.7606554109375 0.7359508796875 0.7515227890625 0.7245723328125 0.75649314375 0.69940828125 0.762731478125 0.6750833203125 0.7398651 0.6590621953125 0.7329260484375 0.642021953125 0.7237078296874999 0.6288084390625001 0.7001298484375 0.6238755234375 0.6979471625 0.6 0.56875 0.6
0 0.8286343546874999 0.665345165625 0.8172653625 0.6587108296874999 0.798090478125 0.669139971875 0.7997008359375 0.677318940625 0.8012255984374999 0.6836629390625 0.8152161390625 0.693810425 0.8274251328125001 0.69210900625 0.8358301953125 0.687890315625 0.8340914406250001 0.6769588921875 0.8286343546874999 0.665345165625