0 0.354278390625 0.5444502671875 0.35476375312499997 0.5527835999999999 0.35662960312499997 0.5580556015625 0.3631829546875 0.5635186015625 0.3708741140625 0.5617536046875 0.3730965234375 0.5597657703125 0.3744770125 0.5567044375 0.3730890609375 0.5462559390624999 0.370381290625 0.5399104375 0.361006290625 0.5395284359375 0.354278390625 0.5444502671875
0 0.544054009375 0.5376343078125 0.5371441 0.5394311390625 0.5343831203125 0.5455538046874999 0.5351718328125 0.559095471875 0.54160384375 0.5624751406249999 0.5502582625 0.563866975 0.5533832624999999 0.5639943093750001 0.5578887531250001 0.561060309375 0.558905221875 0.5517489765625 0.5574566 0.5402588109375001 0.5534290093750001 0.538016309375 0.544054009375 0.5376343078125
0 0.43500571875 0.47187845156249997 0.44594321875 0.47232412031250004 0.45038803749999995 0.46834845625000004 0.45236776718750005 0.46219395625 0.45182173593749997 0.45281895624999996 0.4473087828125 0.442243121875 0.4391322625 0.4356747859375 0.43053851249999997 0.43532461875 0.4260330234375 0.43825861718750003 0.42159566562500006 0.45574411562500006 0.42424276718750004 0.46104795000000004 0.43500571875 0.47187845156249997
0 0.36049205156249997 0.3701187703125 0.3616373234375 0.37640060468750003 0.36831201406249997 0.3839469390625 0.37840759375 0.3833191078125 0.3824883921875 0.37309344218749996 0.3844074515625 0.36589727656250004 0.3801371796875 0.35948810937500003 0.36817574999999997 0.3548439390625 0.3612658390625 0.35664077031249997 0.36012803125000004 0.3638687703125 0.36049205156249997 0.3701187703125
0 0.17379666093749999 0.296003065625 0.17878005 0.2878925671875 0.1759509375 0.2794637328125 0.1711420984375 0.2771893984375 0.1642321875 0.27898623125 0.1592488 0.2870967296875 0.16364041093749998 0.2955892296875 0.17379666093749999 0.296003065625
0 0.0725076625 0.24303371093749998 0.0803201625 0.24335204687499998 0.08945248125000001 0.23956738125000002 0.09696163125 0.2346773828125 0.09923724843750001 0.220221384375 0.0945497484375 0.220030384375 0.0851747484375 0.21964838125 0.07273541875 0.22018071093749997 0.066849440625 0.22617604375 0.0682980625 0.2376662109375 0.0725076625 0.24303371093749998
0 0.096271871875 0.1826895515625 0.1184502234375 0.188789221875 0.1360624140625 0.1967812265625 0.1395439734375 0.1896487265625 0.1414555703125 0.168942728125 0.1279316390625 0.16423489062500002 0.106663340625 0.1737602203125 0.0976523625 0.17962821874999998 0.096271871875 0.1826895515625
0 0.144042 0.17320489375 0.1540237015625 0.1840035625 0.1652038828125 0.18861589843749998 0.1735549515625 0.1847994 0.175951909375 0.172426734375 0.17372203749999998 0.160904734375 0.1640436875 0.1553143984375 0.1560491765625 0.1518710625 0.141508778125 0.1564745609375 0.144042 0.17320489375
1 0.6 0 0.2362800015625 0 0.228866021875 0.010390081249999999 0.2347669265625 0.031414415625 0.2505739359375 0.035176084375 0.25346371875 0.0446465859375 0.2531678296875 0.052948084375 0.24451340937500002 0.051556250000000005 0.236465690625 0.0605810828125 0.2399015046875 0.07942658281250001 0.24705409375 0.0817964171875 0.2534861046875 0.085176084375 0.2582417375 0.0999185859375 0.251096609375 0.111058584375 0.251885321875 0.12460025 0.2445581828125 0.13261525000000002 0.241743996875 0.1512060828125 0.25334886874999996 0.16311008437500002 0.26086547968749996 0.17172991875000002 0.2761339203125 0.179626421875 0.2847276703125 0.179976590625 0.2939962546875 0.20529492500000002 0.2994650046875 0.205517759375 0.3035000578125 0.22127009375 0.30946163125 0.24333609531249997 0.322871684375 0.25947043125 0.33321740625 0.2765191 0.3470446875 0.28643526874999997 0.3602727296875 0.29944460624999997 0.35607805312499996 0.3210967703125 0.36491448437499996 0.3256136046875 0.37254497343750004 0.322806940625 0.371171946875 0.33937810625 0.37183931875 0.3508364390625 0.3832621796875 0.3596154421875 0.38711522187499997 0.3722427765625 0.3996758921875 0.373793778125 0.40858045625 0.3928621140625 0.4122514875 0.40236444687499995 0.40732876874999996 0.4115166125 0.42325712031249996 0.4173616171875 0.4287258703125 0.4175844515625 0.441832571875 0.428510453125 0.4528914109375 0.43103945625 0.4574650328125 0.44265695781250003 0.4669613734375 0.4451222921875 0.46785650156249997 0.4337276265625 0.4706781515625 0.4286466265625 0.480113821875 0.43007029531249996 0.475858475 0.45068079531249994 0.48536227812500005 0.46665596249999997 0.500206028125 0.46726080000000003 0.510362278125 0.46767463437499995 0.5184099953125 0.458649803125 0.518827225 0.4524316375 0.5258584749999999 0.45271813906249997 0.5308493249999999 0.45811747187499996 0.532540628125 0.47377430625 0.5317061703125 0.48621063906249995 0.5480442875 0.47232764375 0.567393528125 0.46999848125000004 0.5804927671875 0.46741465 0.5946159375 0.46902931875 0.5937208093749999 0.4804239859375 0.6 0.48067984375000006 0.6 0
0 0.6904785140625 0.354699778125 0.6995269375000001 0.352623309375 0.7055325 0.345532525 0.70142776875 0.338029778125 0.6871413671875 0.3288895796875 0.6780929453125 0.3309660484375 0.6752016171874999 0.34429663593750004 0.6904785140625 0.354699778125
0 0.8382049203124999 0.545329021875 0.837651465625 0.5673129421875001 0.8459949015625 0.56887549375 0.8495999953125001 0.56779980625 0.8557483125 0.56316000625 0.8580774046874999 0.5559194171875 0.8564445203125001 0.5436270640624999 0.8490915796875 0.5433274546875 0.8382049203124999 0.545329021875
0 0.9169793406250001 0.6 0.9183284671875 0.5828260968750001 0.9163474796875001 0.5803002140625 0.906371159375 0.5664453093749999 0.8918080296875001 0.568297071875 0.8906835624999999 0.5804770703125001 0.8961630640625 0.6 0.9169793406250001 0.6
0 0.6587651375 0.2824978125 0.6686613 0.279233303125 0.6717667578125 0.26957918593749997 0.668438390625 0.2596629109375 0.6546516265625 0.2591011421875 0.647592971875 0.27959741562499996 0.6587651375 0.2824978125
0 0.6194671296875 0.1745319203125 0.62427685 0.178395646875 0.633539403125 0.17999565 0.6418114609375001 0.180332709375 0.6430786828125 0.170603690625 0.6415171749999999 0.15953682656249998 0.6349405984375001 0.15682369062499998 0.6256066687499999 0.153998196875 0.62207295 0.1562993734375 0.618119753125 0.167141528125 0.6194671296875 0.1745319203125
0 0.71336980625 0.0707709609375 0.7215704890625 0.0698825328125 0.7227663343749999 0.0589280234375 0.719580721875 0.051462726562500005 0.7072753078125 0.044848412500000004 0.7009842390625 0.0470372328125 0.703607615625 0.060592529687499994 0.71336980625 0.0707709609375
1 1 0 0.735140765625 0 0.7387131015625 0.00211645625 0.7391413609375 0.0094693984375 0.7303784453125 0.016447829687500002 0.7315918484375 0.0372811625 0.7458068718749999 0.045195871875 0.7475912890625 0.075833125 0.748947446875 0.099117440625 0.7536945671875 0.11764959687500001 0.752079240625 0.1371450875 0.7530071375 0.1530764578125 0.7617788328125 0.161991953125 0.7637686 0.18041175468749998 0.7765022734375 0.1943790125 0.7899497140625 0.220601171875 0.796106809375 0.231855290625 0.800996684375 0.252838428125 0.8110443796875 0.2679188234375 0.8135250062499999 0.27902313749999996 0.8203157125 0.28541274687499996 0.8298637734375 0.2919147078125 0.8338345281249999 0.312860396875 0.8447299671875002 0.32675275 0.8532161546874999 0.3307662828125 0.8476388515625001 0.34521000625 0.8421417046874999 0.376773140625 0.8536707515625 0.3858009859375 0.8561601578125 0.41279922343750003 0.8744085359374999 0.4269911859375 0.8864284421875 0.4287035421875 0.8985911015625 0.432866878125 0.9015625843749999 0.4366557015625 0.9036951046875 0.4575264875 0.908933084375 0.46874315624999996 0.9227912249999999 0.47053041249999994 0.93162551875 0.4647774734375 0.932178975 0.4427935515625 0.9328125843749999 0.4379290421875 0.942717528125 0.45055845625 0.9558706812500001 0.45598473281249996 0.9550855374999999 0.4425043421875 0.9700055515624999 0.44678003125 0.977715375 0.45320709062500003 0.9755290359375 0.4628986609375 0.9857194859374999 0.480430034375 0.9988012625 0.484630821875 1 0.483600753125 1 0
0 0 0.7372296390625 0.0103950421875 0.7373310609375 0.020005260937499998 0.7283698953125001 0.0253452078125 0.7129995640625 0.0112220375 0.7113848953125 0 0.7166072109374999 0 0.7372296390625
0 0.038815931250000005 0.7301755671875 0.027992309375000003 0.7183033984375 0.009014553125 0.74039239375 0.0256028140625 0.744185896875 0.0349778140625 0.7445678984375 0.038815931250000005 0.7301755671875
0 0.048115335937499996 0.7024962359375 0.035797346875000004 0.7051119 0.035023559375 0.7185899 0.041576909375 0.7240529015625 0.0545016015625 0.7318539046875 0.057376457812500004 0.7143047375 0.048115335937499996 0.7024962359375
1 0.6 0.6 0.11064658125 0.6 0.10893992968749999 0.60936875 0.1032359625 0.6184890828125 0.11526552500000001 0.6376847515625 0.1010284765625 0.64749658125 0.09628776875 0.659773746875 0.0806095609375 0.6716052421875001 0.08302144375 0.68625224375 0.1024994859375 0.6995162484375 0.11146471875 0.7196262484375 0.1264904796875 0.7233560859375 0.132429665625 0.7048925875000001 0.1379665484375 0.719666921875 0.10535098437499998 0.74847458125 0.10657185 0.7828177468749999 0.1502537171875 0.7700489234375001 0.1703533859375 0.8207492609375 0.1610539796875 0.8484285921874999 0.1793867515625 0.8554107625 0.18556861875 0.8411139296875 0.21219925156250002 0.85674776875 0.2278317140625 0.870894271875 0.2105303359375 0.8816204359375 0.22105806874999998 0.9017941031250001 0.2308502984375 0.8959579390625001 0.2371002984375 0.89621260625 0.2356059296875 0.9107004406250001 0.22768701406249997 0.9353184390625 0.246141125 0.9443839421875 0.256896615625 0.9417046109375 0.25340013125 0.92181744375 0.2685397703125 0.9141207796874999 0.281100440625 0.9156717828125001 0.27174036562500004 0.942309446875 0.2918783171875 0.9535219515625 0.29405498125 0.97751211875 0.313707571875 0.9803912890625 0.3213305984375 0.964074790625 0.309119025 0.941754121875 0.3233635359375 0.9454521249999999 0.3333527 0.9697606265625 0.3471118484375 0.965125296875 0.34796123125 0.9797086296874999 0.3385330234375 0.9917947937499999 0.3414369859375 1 0.4980076875 1 0.49796869375 0.9993304953125 0.49877578125 1 0.575979634375 1 0.5774135125 0.99841084375 0.5948969015625 0.9908096828125 0.6 0.9892870234375 0.6 0.6
1 1 1 1 0.6 0.6 0.6 0.6 0.882181753125 0.6148771734375 0.8889669296875 0.6282340171875 0.9175694328125001 0.6503666234375001 0.949647103125 0.6476737765625 0.97032126875 0.6679862765625 0.9711489390625001 0.66325303125 0.9969359390625 0.6631438203125 1 1 1