0 0 0.3418599046875 0.0118214 0.337119603125 0.019656209375 0.32826447812500004 0.019215745312499997 0.318918734375 0.007918521874999999 0.3169736359375 0 0.3206187828125 0 0.3418599046875
0 0.1496081890625 0.29329486562499996 0.14633615625000002 0.2957496125 0.1396920578125 0.3022227984375 0.14528581093749998 0.3121683703125 0.150088984375 0.31824111718750003 0.162676953125 0.31624058437499997 0.16723973125 0.3098402046875 0.1659586703125 0.2974034828125 0.1590241578125 0.2921853890625 0.1496081890625 0.29329486562499996
0 0.1138708046875 0.0566157375 0.0995016140625 0.053998004687500004 0.082901046875 0.053798617187499995 0.0762569484375 0.060271803125 0.07159413906249999 0.06823587187499999 0.08685394375 0.07316273749999999 0.0960698453125 0.07518064218750001 0.1009230375 0.08047154375 0.1127204265625 0.07459818593749999 0.11352068906249999 0.0620886578125 0.1138708046875 0.0566157375
0 0.161712171875 0.10408823593750001 0.1552681390625 0.1074340390625 0.1526366328125 0.1161071484375 0.1584804703125 0.12214349218750001 0.1668057609375 0.1218522625 0.1784531 0.1183244421875 0.1840565375 0.111887659375 0.180244009375 0.10656035625 0.1742001078125 0.1036513953125 0.161712171875 0.10408823593750001
0 0.15502614374999998 0.013830992187499998 0.154575996875 0.020867601562499997 0.15813844375 0.030104134375 0.1799423140625 0.030121506250000003 0.19084909218749999 0.021939015625 0.1914492890625 0.01255686875 0.18362416406249998 0.0050296421875 0.17321755 0.0053936765625 0.15849824375 0.008248862499999999 0.15502614374999998 0.013830992187499998
1 0.45 0 0.2525563125 0 0.25245785781249996 0.000281471875 0.2368882703125 0.0164280328125 0.24143167812500002 0.042792359375 0.2434533 0.05988375312500001 0.24943750156250002 0.0799569125 0.24917773593749998 0.10024849375 0.2587840859375 0.1123939875 0.2659089796875 0.130867053125 0.2530209140625 0.1375586609375 0.255492684375 0.1476134421875 0.24938907968750001 0.16186868125 0.25320160937499997 0.1671959859375 0.2658299125 0.18079595937499998 0.2671609875 0.1924508375 0.2801894203125 0.1997960453125 0.2957993390625 0.1992499921875 0.302583803125 0.20681362343749998 0.27884865937500003 0.20452352187499998 0.26165758281249996 0.197323928125 0.252932159375 0.2038699203125 0.240834671875 0.21443435156250001 0.24201569687500002 0.22843476406250002 0.2551941796875 0.2334344375 0.26818228125 0.22517914062500002 0.2771481 0.23110627187500002 0.2955799046875 0.23514208281250001 0.3053863203125 0.24416019531250002 0.3148523046875 0.24226887187499999 0.3391779625 0.251559178125 0.339268309375 0.26637784062500003 0.3220675484375 0.27556059843749997 0.32741122031250003 0.28941539843749997 0.3499556515625 0.294087440625 0.35923125625 0.2789411453125 0.37811320937500004 0.2759403453125 0.37954431718750004 0.2860315296875 0.40208875156249996 0.290703571875 0.41372640625 0.3035581046875 0.41173543281249997 0.3184495734375 0.42689520312499996 0.32494013125 0.4489894890625 0.3366487828125 0.45 0.336957446875 0.45 0
0 0 0.14222566875 0.013818865625000001 0.1435859359375 0.0374636625 0.131057375 0.041435925 0.11765679062500001 0.013037971875000002 0.1233307578125 0 0.1314807609375 0 0.14222566875
0 0.5639917421874999 0.3639080640625 0.5525444687500001 0.364308503125 0.55011303125 0.3698542296875 0.5497629171875 0.3753271484375 0.5587287375 0.3812542796875 0.5712666875 0.3800355921875 0.575929496875 0.37207152187500003 0.5762295953125001 0.3673804484375 0.5639917421874999 0.3639080640625
0 0.6635757609375 0.3978691046875 0.6454343687499999 0.405524575 0.6501875281249999 0.4123791671875 0.654100090625 0.41614278125000004 0.6653973171875001 0.418087878125 0.6717913328125 0.4155239203125 0.6818074984375 0.405032296875 0.680076290625 0.39963218437500003 0.6635757609375 0.3978691046875
0 0.6559297359375 0.3388492796875 0.65255766875 0.34286771875 0.65492940625 0.3544861921875 0.6658765171875001 0.3619042078125 0.6855990640625 0.3619943859375 0.6945745703125 0.3515391671875 0.6871995906249999 0.336975328125 0.6831369796875 0.3355572515625 0.6664863984375 0.336139709375 0.6559297359375 0.3388492796875
0 0.7888536515625 0.30611599375 0.7903944765625 0.2982611359375 0.7752347046875 0.291770578125 0.761756125 0.29146197812499997 0.7612559593749999 0.299280434375 0.7618464734374999 0.306280640625 0.7772063109375 0.3096438140625 0.7888536515625 0.30611599375
1 1 0 0.45 0 0.45 0.14196051875 0.4657549796875 0.146577346875 0.47109865156249997 0.16043214687500001 0.4613729015625 0.18261505 0.47598249218750005 0.19770590937500002 0.4936334015625 0.181486540625 0.5150468234375001 0.1713763234375 0.525593803125 0.1850491046875 0.5516103343750001 0.1841390171875 0.570882734375 0.19126580625 0.567010503125 0.2031027 0.6156118015625001 0.2224651609375 0.6266589437500001 0.2283194859375 0.6446809328125 0.2549924140625 0.65760933125 0.26390131562499997 0.6641437140625 0.275374175 0.6859475843749999 0.2753915453125 0.7021577015625 0.26546334531250004 0.721830234375 0.2663353703125 0.7350184000000001 0.2549526890625 0.75201909375 0.2488973140625 0.7542907984375 0.26207947656249997 0.7964077296875001 0.26918723437500003 0.7979888875000001 0.27693288437499997 0.8088859812500001 0.2851327453125 0.8385246625 0.27629499062499996 0.8497315390625 0.2634214265625 0.8577067125 0.26860311718749996 0.8494217546874999 0.2844948546875 0.87300685 0.28913049062499996 0.8952205359375001 0.26651074375 0.9036958765625001 0.2638739796875 0.9035361421874999 0.28260186875 0.9184958468750001 0.29221980937500003 0.9562097359374999 0.2870000546875 0.9637847796875001 0.298436509375 0.984948121875 0.2922355203125 0.986358265625 0.253961490625 1 0.246710271875 1 0
0 0.31672923750000004 0.89487755625 0.321241996875 0.8892590218749999 0.3206514859375 0.882258815625 0.313967053125 0.8731314937499999 0.2979570015625 0.8799323109374999 0.29542553125 0.8870417296875001 0.3041412703125 0.8968780890625 0.31672923750000004 0.89487755625
0 0.394018903125 0.9202573265625 0.3935187375 0.9280757843749999 0.39311860625 0.9343305484375 0.3999030703125 0.9418941796875 0.4134816859375 0.9406390874999999 0.42032584999999995 0.9310385203125 0.4191448234375 0.9170381062499999 0.41101960000000004 0.9142019515625 0.4006129859375 0.9145659875 0.394018903125 0.9202573265625
0 0.4264681890625 0.8512538671875 0.4153210140625 0.8469632328125 0.3971796234375 0.854618703125 0.3973700046875 0.8678736749999999 0.40811705 0.8784190734374999 0.414311 0.8789824968750001 0.42689896875000005 0.8769819640625001 0.43478379531250005 0.8673449921875 0.4310712984375 0.860453996875 0.4264681890625 0.8512538671875
0 0.05196730000000001 0.7161361109375 0.04987629375 0.7325912718750001 0.059882775 0.7384820015625 0.07733361875 0.7253900140624999 0.071989946875 0.7115352171875 0.05196730000000001 0.7161361109375
0 0 0.685311875 0.0008442156249999999 0.6875007140625 0.027560978125000003 0.6756447875 0.030292515625 0.6654079890625 0.029752018749999998 0.6576259359375 0.017414134375 0.655717240625 0.00878874375 0.6606995437500001 0.0054166765625 0.66471798125 0 0.6680355296875 0 0.685311875
0 0.0324835546875 0.6473891359375 0.039117971875000004 0.6572983046875001 0.0598311640625 0.658133925 0.068556584375 0.6515879328125 0.0648941046875 0.643915090625 0.0494842515625 0.6413337609375 0.042199621874999996 0.641588584375 0.0315929421875 0.645080003125 0.0324835546875 0.6473891359375
1 0.45 0.45 0.15278263281249999 0.45 0.154747584375 0.4566692703125 0.148844046875 0.467797125 0.1453622640625 0.4897616078125 0.15660947187500002 0.492488553125 0.1517966140625 0.5027981578125 0.14063975312500002 0.5148898765625 0.139039228125 0.5399089359375 0.13813893125 0.55398215625 0.1403106015625 0.5687280109375 0.14639483749999999 0.5872374796875001 0.1639860453125 0.5881823109375001 0.1669983125 0.6060191453125 0.153319665625 0.6088379296875 0.15475077343750002 0.6189291125 0.1661980484375 0.618528675 0.16564786874999998 0.6271289765625 0.1552412546875 0.6274930125 0.1437842953125 0.644275803125 0.14907795 0.6589124484375001 0.1776259546875 0.65089294375 0.184210353125 0.66158395625 0.192735709375 0.6581653453125 0.2127486734375 0.669946803125 0.22716788124999998 0.6717826921875 0.221214328125 0.6836923921875 0.2048541609375 0.6959661296874999 0.2185731390625 0.7087478546874999 0.253665209375 0.6958188562500001 0.267834334375 0.70156396875 0.29538200937500003 0.7091813765625 0.33095487343749996 0.7211986265625 0.3468552078125 0.7323438546875 0.3748933609375 0.7485251578125001 0.40426259218749994 0.7763613375 0.4103968421875 0.7940889609375 0.42139396875 0.8007251328125001 0.45 0.78357798125 0.45 0.45
0 0.185526846875 0.9493933078125 0.1693167296875 0.9593215078124999 0.1727291265625 0.9709035765625 0.17996373906250002 0.9714305984374999 0.1893296921875 0.971102965625 0.20028648593749998 0.9621386281250001 0.203908634375 0.9542109609375 0.20207739375 0.9503745406250002 0.185526846875 0.9493933078125
1 1 0.45 0.45 0.45 0.45 0.58190725625 0.4550146046875 0.585165384375 0.46035827500000004 0.5990201828125 0.4744773875 0.60554714375 0.491177984375 0.6041828406249999 0.5013345140625 0.607728034375 0.4981528296875 0.62500144375 0.49750261562500003 0.6351654359375 0.5089402062499999 0.6511473515625 0.51889666875 0.6578199265625 0.516165134375 0.668056725 0.509711415625 0.6877848828124999 0.4925009703125 0.71334999375 0.483865896875 0.7347146484375 0.4617522453125 0.7557707046875001 0.49050031250000004 0.7446238171875 0.5036384625 0.7340229828125 0.5166862625 0.708603484375 0.5418718828125 0.6882200640624999 0.5569816375000001 0.6954924671875 0.57689456875 0.7088376171874999 0.604342209375 0.7180187124999999 0.6331306078125 0.7224723328125 0.6591471421875 0.7215622453125 0.6857041703125001 0.728434209375 0.70423600625 0.7309063281249999 0.699073034375 0.746688853125 0.6805912125 0.7434348890625 0.6776596093749999 0.756799071875 0.7009946234375001 0.7653439359374999 0.7174451375 0.7678888625 0.7399492375 0.7569603953125 0.7645346625 0.745959121875 0.785698003125 0.7397581328125 0.8126051453125 0.741157178125 0.8079423390624999 0.7491212468749999 0.815967528125 0.7535210921875001 0.8432247875 0.74944721875 0.8524907062499999 0.750683278125 0.8694914015624999 0.7446279015625 0.876235534375 0.7365910250000001 0.8863920656250001 0.74013621875 0.90423335625 0.7371718203125 0.9134089265625001 0.7235892171874999 0.92282489375 0.722479740625 0.9349627140625 0.7275158171875 0.949832071875 0.72231509375 0.9566762375 0.7127145265625 0.978180009375 0.7174229703125 0.976089003125 0.73387813125 0.993089696875 0.7278227562499999 1 0.716019971875 1 0.45
0 0.6815334359375 0.8260921 0.6843553218749999 0.8306739609375 0.69163995 0.8304191375000001 0.69957479375 0.8200003203125 0.7021062625 0.812890903125 0.7025564109375 0.8058542921875 0.68501521875 0.8041276171874999 0.6784211375 0.80981895625 0.6781210390625001 0.8145100296875001 0.6815334359375 0.8260921
0 0.851880825 0.776447778125 0.8545026453125001 0.7841570234375 0.8574245625 0.78717519375 0.8695123656250001 0.7929931187499999 0.8844817546874999 0.786228703125 0.8892445984374999 0.7767009421875001 0.882860265625 0.762882546875 0.8682409906250002 0.7641740406249999 0.85773434375 0.7661017687499999 0.851880825 0.776447778125
0 0.9567778656249999 0.7922807578125 0.9703564796874999 0.7910256656250001 0.9777411390624999 0.78920715 0.98988864375 0.777860871875 0.990788940625 0.763787653125 0.9846950234375 0.7616605375 0.972407153125 0.7589699968750001 0.95451584375 0.762716240625 0.9539656624999999 0.771316540625 0.9514341921875001 0.7784259578125 0.95291531875 0.7877352984374999 0.9567778656249999 0.7922807578125
0 0.59453089375 0.968772721875 0.604887490625 0.9691905328124999 0.608459621875 0.9620447109375 0.608719390625 0.9417531296874999 0.6040162453125 0.9341166921875 0.5903376015624999 0.936935475 0.582802890625 0.9410995265625001 0.580961965625 0.9536454609374999 0.5897777359375 0.9619181296875 0.59453089375 0.968772721875
0 0.6541664593750001 0.84811201875 0.6684953203124999 0.83512924375 0.6681548890625 0.824219809375 0.6577982921875 0.8238019984375 0.6450102578125 0.8289299140624999 0.6411380265625001 0.8407668078124999 0.6427191859375 0.8485124578125 0.64975373125 0.852166859375 0.6541664593750001 0.84811201875
0 0.5572542796875 0.8210783765624999 0.547338146875 0.830006309375 0.5380125265625 0.8459344484375 0.5280963953125 0.8548623828124999 0.5580851906250001 0.8405517093749999 0.5765766953125 0.82742331875 0.588524134375 0.819204425 0.5910556046875 0.8120950062500001 0.5840710734375 0.807658759375 0.5692017171874999 0.8128594828125 0.5572542796875 0.8210783765624999
0 0.5470655046874999 0.7044204000000001 0.5364588265625 0.7079118171875 0.5331367765625 0.711148409375 0.530805371875 0.7151304453125 0.530405240625 0.721385209375 0.5395711265625 0.724184959375 0.5489370765625 0.7238573296874999 0.56058441875 0.7203295078125 0.56212524375 0.7124746484375001 0.5574721171875 0.7040563640624999 0.5470655046874999 0.7044204000000001
0 0.4836142203125 0.6574939546875 0.47811081250000004 0.6623670468749999 0.47682007187500003 0.6663126765625 0.47651997343749997 0.67100375 0.4750291625 0.6780767640625001 0.4895984203125 0.677567115625 0.4960424546875 0.6742213109375 0.49971461875 0.6655118 0.4982835109375 0.6554206140625001 0.4901082703125 0.65336630625 0.4836142203125 0.6574939546875
0 0.45 0.61266525 0.45539536875 0.611675325 0.463080128125 0.6051657359375 0.4624395984375 0.5989473750000001 0.45124240625 0.5954385875 0.45 0.5959770671875 0.45 0.61266525