0 0.5890625 0.44432012343749994 0.584978921875 0.4386872515625 0.5828137671875 0.4339182828125 0.5723152812500001 0.428857775 0.5619531609374999 0.43162407343750003 0.5580183187500001 0.444783875 0.56648801875 0.45290221875 0.5789880203125 0.453339528125 0.5890625 0.4486041890625 0.5890625 0.44432012343749994
0 0.4581190484375 0.3873168796875 0.470646321875 0.38931955 0.48305086406250003 0.3842780953125 0.4807220703125 0.3701169578125 0.4681402484375 0.364983565625 0.45775085468750004 0.366184503125 0.45370691875 0.3730828578125 0.453870559375 0.3824750265625 0.4581190484375 0.3873168796875
0 0.39488266250000004 0.34286557812499996 0.401187209375 0.34621495625 0.414715240625 0.34590602656249997 0.4187864484375 0.3405730328125 0.41551144375 0.33185421875 0.4102485640625 0.328541284375 0.40504023125 0.3283590703125 0.395733415625 0.3319444921875 0.39488266250000004 0.34286557812499996
0 0.2787227359375 0.1886186703125 0.28617804375 0.1982659359375 0.30178940625 0.198029890625 0.30990455156249996 0.1857985390625 0.2972272734375 0.1751863828125 0.29395226874999997 0.1664675671875 0.283644696875 0.17236458906250002 0.2785590953125 0.179226503125 0.2787227359375 0.1886186703125
0 0.06559853593750001 0.2648583640625 0.0790174734375 0.2582879890625 0.07564701093750001 0.24409040937499998 0.08888866875 0.22734518750000002 0.0639977625 0.2327320140625 0.047003814062499996 0.21336460000000002 0.0569106484375 0.2442171265625 0.0519886859375 0.260471209375 0.06559853593750001 0.2648583640625
1 0.5890625 0.4692451046875 0.573160759375 0.47738397499999996 0.5339728921875 0.4986969015625 0.5266403171875 0.49609376406249994 0.5441577343749999 0.48575575468750004 0.5470781828125 0.47412487187499996 0.5223236453125 0.48733850624999997 0.5230243921875 0.46780793281250005 0.5164880203125 0.451152984375 0.5264274 0.4241235859375 0.5075819421875 0.41798885781250006 0.4836236078125 0.41715068125 0.4661198265625 0.4282713703125 0.45870542812500004 0.42097214843749997 0.44701527187499995 0.407265709375 0.42878874062500005 0.3769043234375 0.446306159375 0.3665663171875 0.45420311562500004 0.341812075 0.47280311093750005 0.33385855000000003 0.469405375 0.3180956109375 0.475041721875 0.283093634375 0.45457658125 0.3034971640625 0.4341114390625 0.32390069375 0.4169894875 0.356936440625 0.40124175624999997 0.34934567968749997 0.34038871406250004 0.3221862390625 0.3142925015625 0.31814445468749997 0.30169704375 0.31222838125 0.2914303796875 0.32047344375 0.279039475 0.32629758125 0.2807409765625 0.30445540625 0.3039902 0.2645941890625 0.31853262187500003 0.26275634062500003 0.3297045828125 0.24672091406250002 0.3677007796875 0.21676205624999997 0.3293773 0.227936578125 0.33617804375000004 0.200015171875 0.315862909375 0.22902818749999998 0.2995235234375 0.24722944375 0.26995611875000003 0.2829586046875 0.2576743078125 0.2950441875 0.25542733281249996 0.285579134375 0.26447505 0.26712278125 0.2465894390625 0.25632841093750003 0.22687959218749998 0.2603320890625 0.2179136953125 0.2834845265625 0.1878144578125 0.2886891421875 0.19321370468750002 0.29982888281250003 0.1786303703125 0.29931868906250003 0.14108946093750002 0.29565872187500003 0.1439144515625 0.27854907500000003 0.12202581562499999 0.2770011015625 0.0970939984375 0.2800398875 0.09207658125 0.2908152046875 0.074368246875 0.29019568281249997 0.054508396875 0.28558987343750003 0.040225071875000004 0.3022986546875 0.0195826546875 0.3125273375 0.011112953125 0.304408990625 0 0.30287126249999996 0 0.56875 0.5751231671875 0.56875 0.572536559375 0.5610579203125 0.566013825 0.545185653125 0.5689206375 0.5327720890625 0.5563524515625 0.5284213765625 0.550775928125 0.5071067874999999 0.576640315625 0.4978429984375 0.5826857640625 0.48632144374999997 0.5890625 0.4814087765625 0.5890625 0.4692451046875
0 0.9950709421875 0.11789423125000001 0.9825709421875001 0.11745692187500001 0.9774307921875 0.1211881140625 0.9754156421874999 0.1250286328125 0.9713989812499999 0.1334923484375 0.9787588296875 0.13766085 0.9902171625000001 0.1380617171875 0.9953027671874999 0.131199803125 0.9972497312499999 0.12344587968750001 0.9950709421875 0.11789423125000001
0 0.980815803125 0.43497017031249996 0.978473371875 0.4200263546875 0.975239278125 0.41365558125 0.9627529156250001 0.41400095312499996 0.9514036749999999 0.41986153125000003 0.9358468578125001 0.4232282984375 0.9328445875 0.43016309843749995 0.9433021671875 0.43287556406250005 0.970426409375 0.4361711078125 0.980815803125 0.43497017031249996
0 0.9458407859375001 0.3993296234375 0.9395226015624999 0.395197565625 0.930174875 0.3964349453125 0.9220324578125 0.407100934375 0.928337003125 0.41045031249999997 0.9304476109375 0.4120885578125 0.9429885203125 0.4148739078125 0.948074121875 0.4080119953125 0.9458407859375001 0.3993296234375
0 0.910149203125 0.5615615109375 0.9204704125 0.5564471703125 0.9256241984375 0.553498659375 0.9254469203125 0.5433238109375 0.9201431296875 0.5376628343750001 0.9096991890625 0.5357330484375 0.9004060109375001 0.5401011515625 0.898527228125 0.551768475 0.8997052625 0.559631725 0.910149203125 0.5615615109375
1 0.5890625 0.56875 0.8101885453125 0.56875 0.81857799375 0.5638333421875 0.84222268125 0.5466698640625001 0.8563832734375 0.52291695625 0.8631976546875 0.4957782296875 0.8722726468750001 0.47888723750000006 0.8834173328125001 0.4612864484375 0.891546115625 0.44983777812500003 0.9129165546875001 0.42164388593749996 0.9207998749999999 0.3961069640625 0.9238430546874999 0.39152020625 0.921732446875 0.389881959375 0.9217051749999999 0.3883165984375 0.9204044093749999 0.37340922499999996 0.916019553125 0.36074056250000003 0.9158831859375001 0.35291375625 0.9177346953125 0.33968107187499996 0.919668021875 0.3311444671875 0.931003625 0.32450120937500004 0.9495081640624999 0.311068921875 0.94003770625 0.305262175 0.9191361890625 0.300619921875 0.9117490640625 0.2948860625 0.9178899703125 0.2888432703125 0.9228664796875 0.2757199125 0.9226755640625001 0.2647623828125 0.8985399515625 0.25374935781249996 0.8931270687499999 0.2418269375 0.89511494375 0.23642105624999998 0.9053816062500001 0.22817599375 0.9009831140625 0.2147246546875 0.9113043234375 0.2096103125 0.9192831015625 0.1895521546875 0.908770978125 0.183708965625 0.877507340625 0.18183301406250002 0.8577429468750001 0.18270596875 0.8336618828125001 0.1748236671875 0.825137634375 0.1635745984375 0.825014903125 0.15653047343749998 0.8332936906249999 0.153691290625 0.8351315609375 0.1396759234375 0.8287042828125 0.12928241875 0.8110095874999999 0.12944557968749998 0.7986595921874999 0.13761775781250002 0.7652444375 0.1317555171875 0.7514709453125 0.11797619374999999 0.7221270015625001 0.10678095781250001 0.7114921453124999 0.09389364375 0.6874792656250001 0.0899247453125 0.6821072906250001 0.0803503640625 0.6611103171874999 0.0702293484375 0.6546148546875 0.055922443749999995 0.6626345437500001 0.038212326562499996 0.6500936328125 0.035426975 0.6230375718750001 0.036044834375 0.5969004484375 0.029655009375000003 0.5890625 0.029024378125 0.5890625 0.56875
0 0.5890625 0.9010305875 0.5854368437499999 0.9021486812500001 0.5793913953125001 0.9136702359375001 0.5890625 0.91880814375 0.5890625 0.9010305875
0 0.5419815796874999 0.9772843609375 0.537528540625 0.9607022984375 0.5322383875 0.9558240031249999 0.5238777796874999 0.9539671015625 0.5104042984375 0.957406753125 0.5127876390624999 0.9746986124999999 0.522258096875 0.9805053578125001 0.5419815796874999 0.9772843609375
0 0.4190156390625 0.910406146875 0.4314474546875 0.9069300531250001 0.42607547968750004 0.897355671875 0.42179971875 0.8909484578125 0.4113966875 0.8913667140625 0.3968815390625 0.8947699234375 0.40021109062500004 0.9066194609375 0.4190156390625 0.910406146875
0 0.23311022656249997 0.6966183499999999 0.2302852359375 0.7137279984375 0.2387413015625 0.7210636625 0.25331099687499997 0.7207911765625 0.2594246296875 0.713183025 0.2540526546875 0.7036086453125 0.24666553125 0.6978747828125 0.23311022656249997 0.6966183499999999
0 0.27190571874999997 0.7722849390625 0.2779920796875 0.7631114265625 0.30584434374999997 0.7484417578125 0.302664796875 0.7452017093750001 0.256144353125 0.763911496875 0.241738296875 0.7735761515625 0.2513314859375 0.7864270250000001 0.268011790625 0.7877927828125 0.27191935625 0.7730676203125 0.27190571874999997 0.7722849390625
0 0 0.7913714234375 0.0068807375 0.7974300734374999 0.025603464062499998 0.796520675 0.029674675 0.7911876796875 0.0242072421875 0.7761345359374999 0.023111028125 0.7729673703125 0.029170114062500002 0.7622284968749999 0.018630715625 0.7548199453125 0.0063352671875 0.7661228453125 0.001236028125 0.7722020796875 0 0.7853724796874999 0 0.7913714234375
1 0 1 0.4695051375 1 0.46935128437499996 0.9911696859374999 0.462760365625 0.9713840156250001 0.4792906640625 0.9641402875 0.4665861140625 0.95196276875 0.4529080796875 0.9436622109374999 0.439298228125 0.93927505625 0.41344747656249997 0.949321525 0.40405883906250006 0.9482108625000001 0.40378610468750004 0.93255725 0.39231413593750003 0.931373703125 0.378363365625 0.9074195312500001 0.385477753125 0.8974997796874999 0.3966360765625 0.8806816718749999 0.409795915625 0.8592403640625002 0.415677721875 0.838326640625 0.41961256249999995 0.8251668406249999 0.40895043593749997 0.8107141640625001 0.38149363593749996 0.848081571875 0.381793646875 0.8653005453125001 0.3744883421875 0.86426276875 0.36810197499999997 0.8562173078124999 0.356643640625 0.8558164390625 0.3515171265625 0.8603303125 0.3497201671875 0.8766937218749999 0.337138346875 0.8715603281250001 0.3171694015625 0.8606930734375 0.29722773125 0.85139118125 0.2711315171875 0.8473493984375 0.2616474234375 0.8407599703124999 0.25324590625 0.836555028125 0.24189666562499998 0.84241560625 0.2337133375 0.8507335546875 0.2232284875 0.8464557265625 0.2230648453125 0.837063559375 0.23008377812499997 0.82166504375 0.23714361875 0.80861456875 0.2358837625 0.7960552359374999 0.2174746828125 0.8149662890625 0.211415596875 0.8257051640625 0.200944384375 0.8222100171875001 0.1965868046875 0.8111067171874999 0.2089367984375 0.802934540625 0.224370884375 0.7925236468750001 0.218862540625 0.7751224609375 0.19508148593750002 0.784459134375 0.1795246703125 0.7878259015625 0.1651186140625 0.79749055625 0.1546474 0.7939954078125 0.1412966484375 0.8044791874999999 0.14675044375 0.81874965 0.1427474171875 0.8279960484375 0.1332496875 0.8206239406249999 0.11762468749999999 0.8200773046875 0.0936118078125 0.81610840625 0.0881852859375 0.8034033046874999 0.07779589218750001 0.8046042406249999 0.0631307390625 0.7993979625 0.0433799828125 0.8010536 0.0321398359375 0.8131756234375 0.013348926562499999 0.8101716187499999 0.002054234375 0.81916291875 0 0.8197698078125001 0 1
1 0.7521528625 0.56875 0.750644375 0.5711945984375 0.7360610421875 0.570684403125 0.7256307375000001 0.5695372984375 0.7195171046875 0.57714545 0.7249845390624999 0.592198596875 0.715554990625 0.588739890625 0.704055746875 0.5859909812499999 0.6863474140625 0.5853714609375 0.6716549875 0.5785998218749999 0.6674337718750001 0.5753233296875 0.6570171046875 0.57495890625 0.6382125578125 0.5711722203125 0.6173792265625 0.5704433718749999 0.6102239265625 0.57801508125 0.5997936234375 0.5768679765625 0.5890625 0.579828603125 0.5890625 1 1 1 1 0.7285059875 0.9917361187499999 0.7259011921875 0.99169520625 0.7235531500000001 0.994561109375 0.7087915453125 0.983953528125 0.6974695921875 0.97538836875 0.68387248125 0.9772398765625001 0.670639796875 0.9842178984375 0.6528932375000001 0.9881800140625 0.641298796875 0.993142884375 0.6273927578125 0.9990656015624999 0.6088270765625 0.9876481796875 0.6107742515625 0.9794375765625001 0.6175268390624999 0.97132243125 0.6297581890624999 0.9642625890625001 0.6428086640624999 0.9561338078125001 0.654257334375 0.9404269875000001 0.6490146125 0.9299012265625001 0.64238874375 0.9172921328125 0.635689990625 0.9035731890625 0.6250413906250001 0.886797428125 0.6181968671875 0.8606875765625001 0.613372403125 0.8356466656249999 0.61014974375 0.8334542390624999 0.6038154125 0.83001559375 0.58570443125 0.8338958875 0.5694139078125 0.8330405531249999 0.56875 0.826075534375 0.56875 0.817338315625 0.5750922734375 0.8017269531250001 0.57532831875 0.788294378125 0.5811160109375 0.78337241875 0.59737009375 0.7758898359375 0.5861574671875001 0.7809890765625 0.580078234375 0.7861985 0.56875 0.7521528625 0.56875
0 0.927517884375 0.6250968859375 0.9308337984375001 0.6361637421874999 0.9403042578124999 0.6419704890625 0.9538186515625 0.6408788796875 0.9556156109374999 0.6245154687500001 0.9503254578125 0.6196371734375 0.93672924375 0.6160326984375 0.927517884375 0.6250968859375
0 1 0.6651784234375 0.9969224499999999 0.66507075625 0.9876974546875001 0.6733522625 0.9837626125 0.6865120625000001 0.9931648859374999 0.68840540625 1 0.6901483265625 1 0.6651784234375