0 0.5390625 0.4020465578125 0.5317760781249999 0.40528709531249996 0.5296331125 0.41547815625 0.5337690125 0.42087335625 0.5390625 0.42227147187499997 0.5390625 0.4020465578125
0 0.3784849015625 0.42983116250000003 0.37956320312499997 0.423563934375 0.37645559375 0.42049395 0.3587745890625 0.4153350859375 0.34938356875 0.41784209531250005 0.3430592421875 0.43044926875 0.35135377343749996 0.4373340109375 0.358633653125 0.439550146875 0.3753363765625 0.43379135625 0.3784849015625 0.42983116250000003
0 0.296321546875 0.22662920468749997 0.2890371234375 0.2251942 0.2869532609375 0.225230559375 0.28173451250000003 0.22688371875 0.2765021265625 0.230880271875 0.27439553125 0.23482228593749999 0.2764384765625 0.24181610625 0.28475119375 0.24557632499999998 0.2941513046875 0.241507053125 0.2972907375 0.23910912187500002 0.298378134375 0.23127963125 0.296321546875 0.22662920468749997
0 0.2364532875 0.13082337500000002 0.23020170156250003 0.130932453125 0.2228763578125 0.1365276265625 0.2207743109375 0.1396885109375 0.2217753234375 0.146700509375 0.221716221875 0.1568552125 0.22168439687500002 0.1623231296875 0.23312290937500002 0.166028809375 0.2414629046875 0.1651022421875 0.2457033703125 0.152531428125 0.24887008124999999 0.14544670937499998 0.245817028125 0.1330031515625 0.2364532875 0.13082337500000002
0 0.177805084375 0.1833960796875 0.1725317796875 0.1944228109375 0.170375178125 0.20695726718750002 0.1703206203125 0.2163308390625 0.178637884375 0.21930992656249998 0.183870271875 0.21531337343749998 0.19223754531249998 0.20970001875 0.19230119375000002 0.1987641859375 0.18608143125 0.1934053453125 0.18722338125 0.17620228437500002 0.1893572546875 0.1675734828125 0.177805084375 0.1833960796875
0 0.18475308125 0.2426347796875 0.1858041046875 0.2410543375 0.1868687671875 0.237130503125 0.18690513749999998 0.2308814546875 0.17552573124999998 0.217021071875 0.16197153125 0.21881966875 0.153581528125 0.228338678125 0.1545507171875 0.24081859374999998 0.1638962734375 0.2461228953125 0.17743683125 0.246667690625 0.18475308125 0.2426347796875
0 0.9040912656250001 0.13456943125 0.8989634437499999 0.1205999703125 0.9010700374999999 0.11665795625 0.8937901593750001 0.11444182031250001 0.8791531125000001 0.12328877499999999 0.8738843546874999 0.1335343765625 0.8780202562499999 0.138929575 0.8873930906249999 0.13954709062499998 0.9040912656250001 0.13456943125
0 0.8897088140625 0.09967305 0.9002190531250001 0.0838686328125 0.8813779140625 0.0990373546875 0.8667363187499999 0.1086654421875 0.8521129140625 0.115169003125 0.847881540625 0.12617755625 0.8613766359374999 0.1345336625 0.8770101499999999 0.1334798375 0.8854365234374999 0.11771178125 0.8897088140625 0.09967305
0 1 0.11911912031250001 0.995863040625 0.11890926875 0.9833053109375001 0.1285009953125 0.9957448359375001 0.13921867500000001 1 0.138164284375 1 0.11911912031250001
0 1 0.252498878125 0.9867228906250001 0.25731489375 0.982477878125 0.270666840625 0.9918052484375 0.2790956640625 1 0.2778694671875 1 0.252498878125
0 0.565109028125 0.201406015625 0.5650362875 0.2139041125 0.5649726375 0.22483994687500003 0.572252515625 0.22705608281249998 0.5847875140625 0.2213700109375 0.5900380890625 0.2142489328125 0.594223996875 0.211051690625 0.598423546875 0.20551105625 0.5984917421875 0.193794090625 0.5912527796875 0.184547775 0.5746046140625001 0.18093299375 0.565163584375 0.19203244375 0.565109028125 0.201406015625
1 0.5390625 0.459375 1 0.459375 1 0.2874857625 0.99282445 0.28298314062499996 0.9731050453125001 0.270049325 0.9554422265625 0.2617659375 0.92424339375 0.252156621875 0.89815874375 0.258860159375 0.8993188796875 0.23853257343749998 0.9183191421875 0.196024265625 0.8920753703125 0.23006738906250002 0.8753408234375 0.241294096875 0.8472541453125 0.23397363593749998 0.8484324671875001 0.2105215265625 0.826579190625 0.20621651093749999 0.8140305546875 0.2142459765625 0.8015091953125 0.21758865625 0.7733179515625 0.2282342078125 0.7462322890624999 0.227925746875 0.7306624234375001 0.2180437375 0.7077081125 0.2239116046875 0.6900225625 0.219533871875 0.685936671875 0.20554623125 0.6619722546875 0.2059643625 0.6576726859375001 0.22868987968750001 0.6357557609375 0.2353207 0.6128150906250001 0.23884517500000002 0.5939830421875 0.25245163437499996 0.56482715625 0.2498361390625 0.5449395359375 0.265804171875 0.5390625 0.26802905625 0.5390625 0.459375
0 0.5390625 0.6620892328125001 0.5357254265625 0.6613123984375 0.5284046328125 0.6661264421875 0.51585599375 0.6741559078125 0.5053684890625 0.68605466875 0.5105326796874999 0.6937750796875 0.5178216531250001 0.6944289546875 0.5355481203125 0.6917765078125 0.5390625 0.6897458000000001 0.5390625 0.6620892328125001
0 0.487973903125 0.6316845499999999 0.49946696875 0.6260166578125 0.5005498171875 0.6189682984375 0.4943573328125 0.6089226734375 0.480803134375 0.6107212703125 0.4745333625 0.613954871875 0.47138938281250004 0.617133934375 0.4744424359375 0.6295774921875 0.487973903125 0.6316845499999999
0 0.488389259375 0.9183232718750001 0.48319324375 0.916070778125 0.48425790625 0.9121469421875 0.46864257656249997 0.9100762437500001 0.45501563906250003 0.9243729359374999 0.4663768609375 0.94135784375 0.47678253593750003 0.943519440625 0.4861690078125 0.9417935625 0.48934935625 0.9323654515625 0.488389259375 0.9183232718750001
0 0.4457519171875 0.9050082781250002 0.4406013625 0.8949444718749999 0.4322977375 0.8896219921874999 0.42082285781250006 0.8921653609375 0.4197172765625 0.903119375 0.42486782968750003 0.9131831796875 0.44363168281250004 0.9112936843749999 0.4457519171875 0.9050082781250002
0 0.2137613703125 0.459375 0.21806745 0.46534355156249996 0.229524146875 0.46592470781250006 0.23551409531249998 0.459375 0.2137613703125 0.459375
0 0.12534467031250002 0.4653992734375 0.10653989999999999 0.474318946875 0.0991781859375 0.4861631703125 0.10226760937499998 0.49235767968750005 0.116822821875 0.49757108125 0.1304133890625 0.48952343750000005 0.1315417 0.47466376875 0.13155534062500002 0.47232037499999996 0.12534467031250002 0.4653992734375
0 0.0208924125 0.5117417 0.010482195312500001 0.510361234375 0.0031341203125 0.5198620640625 0.00517251875 0.5276370140625 0.0103458046875 0.5337951640625 0.02596568125 0.5350847328125 0.0312344375 0.52483913125 0.027116721875 0.5163194093750001 0.0208924125 0.5117417
1 0 1 0.353055753125 1 0.3535527859375 0.9940947546875 0.3734585890625 0.9750021984374999 0.39225426875 0.9676447859374999 0.397591221875 0.9456822203125 0.397745796875 0.919123765625 0.403046378125 0.9034102484375002 0.403146396875 0.8862253656250001 0.41261470468750006 0.8704391296875 0.40849699062499994 0.86191940625 0.408583371875 0.8470779171875 0.41392032343749996 0.8251153500000001 0.4161223890625 0.804769584375 0.41515319999999994 0.79228966875 0.41631788125 0.7711809515625 0.39969699531249997 0.7628793843749999 0.3955520015625 0.759046446875 0.3830488265625 0.7592646015625 0.3820841828125 0.7460035546875 0.39255805 0.7364481859375 0.3832852375 0.7186457890625 0.403068290625 0.7206437703125 0.4083552328125 0.7072736453124999 0.40428298125 0.6909426125 0.3803231109375 0.6905796125 0.3678517625 0.68532985 0.35430665625 0.685566184375 0.327293734375 0.6727596265625 0.3304695359375 0.664112646875 0.3450838515625 0.659171346875 0.34935159531250004 0.6419137453125 0.3326943359375 0.6398612265625 0.3045212765625 0.6473822546875 0.2857983421875 0.6422415703125 0.2628985875 0.638735865625 0.2306350921875 0.6330503843749999 0.21717636875 0.61844523125 0.18801138906249998 0.617391996875 0.18289265937500002 0.601860275 0.1611439484375 0.579589246875 0.1508292046875 0.5618050296874999 0.1363285484375 0.5472180546875001 0.1228061734375 0.5435487343750001 0.099838225 0.5517599953125 0.0664373265625 0.5624964453125 0.0476734734375 0.564385940625 0.042509281249999996 0.556665528125 0.025838382812499998 0.5569564015624999 0.007106353125000001 0.553377978125 0 0.548867659375 0 1
0 0.3484506 0.6177168640625 0.35776433124999996 0.6284890828125 0.37338420625 0.62977865 0.38178330625 0.6186973796874999 0.3818333140625 0.6101049375 0.370426628125 0.6009313421875 0.35790526875 0.6042740203125 0.3505799265625 0.6098691953125 0.3484506 0.6177168640625
0 0.917730596875 0.8016238093750001 0.9083123000000001 0.8088176046875001 0.9051956000000001 0.8073098812499999 0.9019879718749999 0.8214247796875 0.912384553125 0.8251486374999999 0.925947840625 0.8217877796874999 0.9332686375 0.8169737359375 0.9312302390625 0.8091987859374999 0.9270897921875001 0.8045847171875 0.917730596875 0.8016238093750001
0 0.88243678125 0.7795891171875 0.8782417796875001 0.7843486203125 0.87610790625 0.792977421875 0.88129483125 0.796792178125 0.8937980062499999 0.7965740234375 0.8990394859374999 0.7910152078125 0.9022107421874999 0.7831493593750001 0.8980748406250001 0.7777541609374999 0.8866136000000001 0.7779541359375 0.88243678125 0.7795891171875
0 0.86929175625 0.711085921875 0.8578486968749999 0.7081613734375 0.8515789250000001 0.7113949749999999 0.8421560812500001 0.7193699015625 0.8410277703125001 0.7342295703125 0.850386965625 0.737190478125 0.8618482078125 0.736990503125 0.8722857046874999 0.7336841828124999 0.8743922984375001 0.72974216875 0.8754569609375 0.725818334375 0.8734276546874999 0.7164811203125 0.86929175625 0.711085921875
0 0.781992309375 0.6743375875 0.7871565 0.6820579999999999 0.7954783093750001 0.68425595625 0.8069577390625 0.6809314578125 0.8049193390625 0.67315650625 0.8049511625000001 0.6676885890625 0.797689471875 0.6623479296875 0.7893540203125 0.662493365625 0.7820423171875 0.6657451468750001 0.781992309375 0.6743375875
0 0.6628794546875 0.554571803125 0.668080015625 0.5560431671874999 0.6805877375 0.55504388125 0.6868666015625 0.5502480171874999 0.6858883203125 0.5393303625 0.6838180953124999 0.5370233296875 0.6754917390624999 0.535606503125 0.6681891296875 0.5372960234375 0.66295219375 0.54207370625 0.6628794546875 0.554571803125
0 0.772309503125 0.547976159375 0.7628957515625 0.554388825 0.753486546875 0.5600203578125 0.751366315625 0.566305765625 0.7596653921875001 0.5724093765625 0.7680235734374999 0.568358284375 0.7763908484375 0.5627449312499999 0.7774918796875 0.5525720484375001 0.772309503125 0.547976159375
0 0.6483424281250001 0.5462338765625 0.6410716421875 0.5424554781250001 0.6316624359375 0.5480870125 0.6273855984375001 0.566906875 0.628391159375 0.5731377421875 0.6419044421875 0.5783693249999999 0.6554813687500001 0.5726650734375001 0.6555313796875 0.5640726328125 0.6503990109375 0.5508843031249999 0.6483424281250001 0.5462338765625
1 0.5390625 1 0.9478307703125001 1 0.9478337640625 0.9994856984375 0.9416458249999999 0.9886589421875 0.9458953843749999 0.974525865625 0.9438797156250001 0.962845259375 0.9429468984374999 0.9441162953125 0.9420004390625 0.9277307234375 0.94001205 0.9113633312499999 0.9400984296875 0.8965218421875001 0.9391610640625 0.8785740093750001 0.9506495843749999 0.8736872468750001 0.9455081234375001 0.8620611796875 0.9205017765625 0.8624974906249999 0.9351524609374999 0.8513071421875 0.9362034859375001 0.8497267000000001 0.9206381671875 0.839063559375 0.9112107765624999 0.8478196171875 0.8988394468750001 0.8253849734375001 0.8946989999999999 0.8207709046874999 0.8833241375 0.806129390625 0.8740331375 0.79145151875 0.8605471343750001 0.78153315 0.850064175 0.7926507796875001 0.83968578125 0.7858023968750001 0.8418332906250001 0.7748302031250001 0.8460555718749999 0.7653839125 0.8440535453125 0.7513599140625 0.8295392484375 0.73911633125 0.8181643859375001 0.72447481875 0.81818711875 0.7205691625 0.8339661140625001 0.6945191453125 0.8486940875 0.6700495703125 0.8614427625 0.627650340625 0.8509779890625 0.635643446875 0.8351944453125 0.6624745953125 0.82365136875 0.676734928125 0.8110618140625 0.6917945734375 0.8006288640625 0.6943197624999999 0.7881666078125 0.6875077375 0.752836421875 0.6717220921875 0.72575985 0.6698513687500001 0.694520103125 0.6672722328124999 0.6820351125 0.6643658640625001 0.6539484359375 0.6570454031249999 0.64152255 0.6439843296875 0.64154528125 0.640078675 0.6530519874999999 0.6320673890624999 0.650021665625 0.6157181765625 0.6302386140625 0.613720196875 0.6156333921874999 0.617099234375 0.5999498671875 0.6267455 0.584302715625 0.6301427187499999 0.578005665625 0.63806310625 0.56236760625 0.6398980625 0.5404870515625 0.6402798328125 0.5390625 0.6403046890625 0.5390625 1