0 0.1371599375 0.19085795156250002 0.1422276859375 0.197164109375 0.1511985140625 0.1999759 0.160823028125 0.18802283749999998 0.16042348125 0.17837140468749998 0.15200712968750002 0.176731390625 0.1403753578125 0.18297466406250001 0.1371599375 0.19085795156250002
0 0.149912884375 0.21780880625000001 0.1494358734375 0.21239720156250003 0.14299280781249998 0.1973132015625 0.1265814015625 0.191987803125 0.1087946765625 0.1778845671875 0.099746384375 0.17931260468750002 0.11473898281249999 0.1992537625 0.1207050359375 0.20892615781249999 0.13112864375 0.2162759609375 0.149912884375 0.21780880625000001
0 0.1711474234375 0.21130927187499998 0.1644937125 0.19724795625 0.1588497421875 0.20146682343750003 0.151176765625 0.211672703125 0.148937115625 0.21868239687500002 0.15540192656250001 0.222069596875 0.1607577859375 0.2231132421875 0.1690409546875 0.2215361125 0.1711474234375 0.21130927187499998
0 0.1606136546875 0.5251847140625 0.1715577671875 0.5145525203125 0.17221145468750002 0.499787665625 0.15996949062500002 0.4974021921875 0.1401537625 0.48928596406249997 0.1367276953125 0.49819193593750005 0.135730178125 0.510762328125 0.1399553375 0.521159225 0.1491368125 0.5229483312500001 0.1606136546875 0.5251847140625
1 0.35 0.609375 0.35 0.12409095625 0.346788665625 0.12746069375 0.319265990625 0.1103965734375 0.3077674015625 0.11985699062499999 0.3038208296875 0.146744959375 0.2915014 0.1485993140625 0.27207569375 0.1926818984375 0.2673300265625 0.20026700000000003 0.2596787984375 0.198776078125 0.24070565937500002 0.186569115625 0.2257810015625 0.20493550625 0.2283767046875 0.23097084531249998 0.22062626562499998 0.24541655312500002 0.204481221875 0.2465254453125 0.194280484375 0.2690035328125 0.20956119375 0.2836821796875 0.21189053281249998 0.30328323125 0.2036630796875 0.312317334375 0.20620306562500001 0.3308957015625 0.2087213046875 0.36117086875000004 0.191888603125 0.3578908390625 0.185569196875 0.3885713625 0.174569365625 0.391746584375 0.17479223593749998 0.421574475 0.1809036953125 0.4653145921875 0.1869811828125 0.48990093437500004 0.18569555468750001 0.5077338390625 0.1909304546875 0.536410915625 0.189356715625 0.559506334375 0.18238362187499998 0.604951709375 0.20396198906250002 0.6006466359375 0.21460905624999999 0.609375 0.35 0.609375
0 0.21291661875 0.16307070625 0.21827247968750002 0.1641143515625 0.22217555781249998 0.1606199828125 0.22322879218749997 0.15550656406250002 0.15131677187499998 0.09894451562499999 0.21291661875 0.16307070625
0 0.60316448125 0.0903689234375 0.6011163749999999 0.091221278125 0.5974902109375 0.1042806109375 0.6042612765625 0.11686305625 0.6180112640625 0.1182909359375 0.62154629375 0.1102196375 0.6184669375 0.09335076875000001 0.60316448125 0.0903689234375
0 0.5832477593750001 0.19160957812499999 0.5698367281250001 0.1839905046875 0.558943859375 0.18687370781249998 0.5557222015625 0.20251475624999998 0.5561267046875 0.2050964765625 0.5624932671874999 0.21509720312499997 0.5753431093750001 0.2163496828125 0.5805217421875 0.2048443109375 0.5832477593750001 0.19160957812499999
0 0.6180319953125 0.3272868 0.619245509375 0.3350319546875 0.627098990625 0.3378137359375 0.6388920046875001 0.33510593593750004 0.644475140625 0.3261822859375 0.6406523281250001 0.312922890625 0.636399425 0.31084271874999997 0.6289504484374999 0.31064265625 0.617314121875 0.31713533125 0.6180319953125 0.3272868
0 0.5482971328125 0.497661090625 0.5410048421875 0.501245903125 0.536230715625 0.5153329890625 0.5460411671875 0.5222504531250001 0.5525900015625 0.5222751140625 0.5581075859375 0.504578553125 0.5482971328125 0.497661090625
0 0.5521854953125 0.5196933968749999 0.5654398437499999 0.5235275921875 0.5740623671874999 0.5089389578125 0.5660522015625 0.5023723015625 0.5617993 0.5002921312499999 0.5549115125 0.506458659375 0.5521854953125 0.5196933968749999
0 0.5714019 0.5309466015625001 0.5827904078125 0.5256570859374999 0.585177471875 0.5186135421875 0.5791498671875 0.5024216203125 0.5715186203125 0.5121976265625 0.5670834484375 0.520093521875 0.5714019 0.5309466015625001
1 0.8592606468749999 0 0.8561131109375001 0.0032507906250000005 0.834418509375 0.0040291625 0.8158688078124999 0.0304493125 0.8055115453125001 0.05346005 0.7955332015625001 0.09281344999999999 0.7739441140625 0.12489858281249999 0.76072973125 0.1435982375 0.7419322125 0.17122154375 0.7218300453125 0.1960877296875 0.7068409578124999 0.20067563906250002 0.693626575 0.2193752921875 0.6958713359375001 0.24484167031249998 0.682839221875 0.2535652546875 0.6780395109375 0.2814132859375 0.6733309328124999 0.3042732859375 0.667565528125 0.32317300000000004 0.6578861734375 0.333801359375 0.6458197546875001 0.35147325937499996 0.643250421875 0.3684928703125 0.6437860265625 0.3886204078125 0.637550565625 0.3961654984375 0.6256664171875 0.40386133125 0.6288113203125001 0.42950310937499997 0.637317125 0.433663453125 0.6392485140625 0.45156007656249997 0.625159571875 0.4563233828125 0.6143322546875 0.46797949687499996 0.59725509375 0.4508859015625 0.5815225500000001 0.45908328281250005 0.5759537921875 0.5043017296875 0.5992008640625001 0.505077321875 0.6194996828124999 0.5065298671875 0.6277976328125 0.5344272171875 0.624667109375 0.5450802328125001 0.6200496671875 0.562952196875 0.6422798750000001 0.5823013640625 0.6448370953125 0.609375 1 0.609375 1 0 0.9318411234374999 0 0.9306940031250001 0.000263390625 0.9304042296875 0 0.8592606468749999 0
0 0.008311437500000001 0.658011925 0.0143646296875 0.6604428999999999 0.023366073437500003 0.6621969265625001 0.025753137500000002 0.6551533843749999 0.027083371875 0.6441495625 0.022764918749999998 0.6332964796875 0.0135156546875 0.6327456125 0.008023653125 0.6366812312500001 0.0038363015625000004 0.64337396875 0.0034973453124999996 0.649565159375 0.008311437500000001 0.658011925
0 0.0133317078125 0.9518290203124999 0.00464363125 0.9576447437500001 0.0116625171875 0.9690240328125 0.01737675625 0.9776461984375 0.027956253125000004 0.9671932468750001 0.02910421875 0.9661654921875 0.0209373671875 0.9558139578125001 0.018732575 0.9528814359375 0.0133317078125 0.9518290203124999
0 0.084579075 0.7604748390625 0.0762299546875 0.760099375 0.0689376640625 0.7636841859375 0.0655593203125 0.7755403624999999 0.067177340625 0.7858672328124999 0.07323053125 0.7882982078125 0.08446235468749999 0.7792238171875 0.084579075 0.7604748390625
1 0.35 1 0.35 0.609375 0.19030983125 0.609375 0.1836541671875 0.615840971875 0.1606037453125 0.6413841062500001 0.1482239578125 0.6514862546875 0.13727991875 0.681891340625 0.12865739375000002 0.696479978125 0.12565797031249998 0.7246788140625 0.123179771875 0.736710390625 0.11583631093749999 0.767817090625 0.106718146875 0.7848120406250001 0.0940905390625 0.7961173453125 0.0880773125 0.816220221875 0.0772244109375 0.8416372781250001 0.06714055 0.8496839140624999 0.0725158328125 0.8644972734374999 0.08453108125 0.8743472578125001 0.0852233703125 0.8982596734375001 0.080722646875 0.8973826609375 0.0698953296875 0.90903876875 0.055897521875 0.908814046875 0.0412729765625 0.8934498203124999 0.027654090625 0.9095677562500001 0.0285030640625 0.9372650453125001 0.02946875625 0.9462133578125 0.0442755734375 0.9516015171875001 0.0580255609375 0.9530293984375 0.0803469046875 0.9673905312500001 0.08178265312500001 0.987693471875 0.07055082968750001 0.9967678671875 0.0698850921875 1 0.35 1
0 0.6579192296875 0.64448210625 0.659638375 0.655454409375 0.663941 0.6616114765625001 0.6769480890625 0.66414604375 0.6862287734375 0.6499985203125 0.6781779984374999 0.6388561640625 0.663640665625 0.6360234109375 0.6579192296875 0.64448210625
0 0.8584588703125 0.6793044453125 0.8564733609375 0.6618978531249999 0.84088279375 0.664178521875 0.83890950625 0.67762250625 0.8490450031249999 0.6902348234375 0.8635823359374999 0.6930675765625 0.8584588703125 0.6793044453125
0 0.9319106609375 0.6936173 0.93961760625 0.7025651953125001 0.9517263890625 0.7017335250000001 0.9592661812500001 0.6883105031250001 0.9636123015625 0.671073965625 0.9496511906249999 0.6577161874999999 0.9375763796874999 0.6777016312499999 0.9319106609375 0.6936173
0 0.9434146484374999 0.8309527890625 0.9384800828125 0.827863775 0.93138333125 0.827544628125 0.9180663843750001 0.8419693734375 0.9195748828125 0.8539643609375 0.9263060578125 0.8637858484375001 0.9393131453125001 0.866320415625 0.9466422921875001 0.8539200765625001 0.94597638125 0.837834353125 0.9434146484374999 0.8309527890625
0 0.8392804828125 0.8149160734375 0.832660740625 0.8200085312500001 0.829290390625 0.836371478125 0.8328061468750001 0.8540762515625 0.8475758734374998 0.84418951875 0.8521883562500001 0.8333872703124999 0.8485951374999999 0.819922325 0.8392804828125 0.8149160734375
0 0.6673010093749999 0.7848937125 0.6528568796875 0.78497185625 0.64072635 0.797500325 0.6547649265625 0.8066182765625 0.6653434625 0.8054884234375 0.669113359375 0.7987769124999999 0.6673010093749999 0.7848937125