0 0.23800580781249997 0.11955827031249999 0.24479195781250002 0.1112016234375 0.24509994062499998 0.098362425 0.23930962031249997 0.086323640625 0.22993373749999999 0.0864876796875 0.22124314687500002 0.08976146562500001 0.21895372656249998 0.1007276015625 0.2246670515625 0.1159761859375 0.23800580781249997 0.11955827031249999
0 0.31796714375 0 0.312507140625 0.002056809375 0.3082362828125 0.011149882812500001 0.3191341875 0.021451721875 0.32241176875 0.022088098437500002 0.3279762125 0.022424318749999998 0.33316079374999996 0.017477575000000002 0.331561778125 0.010221495312499999 0.3269136125 0.0033656265625 0.3227156671875 0 0.31796714375 0
0 0.1866092078125 0.20309681875000002 0.1943860765625 0.1956767046875 0.1984285015625 0.185547046875 0.190731184375 0.17909138125 0.179373865625 0.1773823578125 0.1741122890625 0.1855389015625 0.1721282953125 0.19433182031250001 0.1866092078125 0.20309681875000002
0 0.06568531718750001 0.3234916359375 0.073611065625 0.33098388437500004 0.0845115234375 0.3306197421875 0.0906098265625 0.32981932812500003 0.0898500953125 0.3192533984375 0.085127490625 0.304941346875 0.07300788124999999 0.3033323734375 0.064851146875 0.305469525 0.06294415 0.3110526453125 0.06568531718750001 0.3234916359375
0 0.054433110937499994 0.201247021875 0.046047946875 0.202347590625 0.04193108125 0.205021065625 0.044900681250000005 0.2184966390625 0.053208849999999995 0.2206058703125 0.06319303125 0.22676138125 0.0706644734375 0.22151448125 0.070667028125 0.2108485 0.0653335703125 0.20088288125 0.054433110937499994 0.201247021875
0 0.10432589375000001 0.3493503609375 0.08679583125 0.3409855671875 0.073382634375 0.3299473 0.0640837453125 0.32690153906249997 0.0314593640625 0.3247841640625 0.0655287703125 0.3405772171875 0.0752819625 0.35636212500000003 0.0921267328125 0.36161716718750003 0.10165660781250001 0.35503353125000003 0.10432589375000001 0.3493503609375
0 0.21626174062499998 0.5191742328125 0.21390043749999998 0.5120182062499999 0.20665998281250003 0.5076357078125 0.1965218109375 0.5078997968750001 0.1915656625 0.513883125 0.192402390625 0.5212392546875 0.19552597968750002 0.528295228125 0.204214015625 0.535687425 0.2105407484375 0.5359235921875001 0.21900290937500003 0.531613225 0.21626174062499998 0.5191742328125
1 0.362351115625 0 0.3388792296875 0.011394196875 0.3493177140625 0.03028885 0.33879712031250003 0.0359359578125 0.3342208375 0.04720225 0.328045540625 0.0512124640625 0.3179048125 0.062142534375 0.3119605015625 0.05652335000000001 0.3044171765625 0.043648084375 0.290162140625 0.046585651562500004 0.290919315625 0.0678175609375 0.2893151875 0.08189344374999999 0.2796338765625 0.0842306984375 0.2829063453125 0.10619903593749999 0.283666078125 0.11676496562500001 0.2767284921875 0.12087523124999999 0.2590444375 0.11893003906249999 0.24966855468750002 0.11909407812499999 0.24387056718750003 0.13905323593750002 0.232056384375 0.1352710453125 0.23006983593750002 0.154729946875 0.20590761406250002 0.148302203125 0.186773425 0.15401329531250002 0.222518840625 0.173852628125 0.21504739687500002 0.1790995265625 0.20772739062499998 0.188592809375 0.201703528125 0.1968494015625 0.193161815625 0.21503555312499997 0.18827755 0.23914104218749999 0.187435709375 0.2531168734375 0.1892605984375 0.2720755140625 0.20160352499999998 0.29605303125 0.1912369234375 0.2952805390625 0.1474092125 0.2850345421875 0.1878002390625 0.322395725 0.19854159375 0.34978314374999997 0.18230511875 0.35084764687500003 0.17422538125 0.349775 0.16698236875 0.35605848125 0.16438752343750002 0.369197834375 0.17787515781250002 0.38769228437500003 0.19006665 0.4074234171875 0.1983722640625 0.4201986296875 0.20248401562499999 0.43885711718750003 0.208197340625 0.45410570000000006 0.20034603125 0.454069634375 0.19051073125 0.4628264890625 0.20780725000000003 0.491486659375 0.21009155625 0.501852484375 0.2187025953125 0.5124544796875 0.227770496875 0.5251296390625 0.22616636875 0.539205521875 0.2316512625 0.553417525 0.24095015000000003 0.556463284375 0.240211821875 0.559375 0.6390625 0.559375 0.6390625 0.036842371875 0.6264003671875 0.031250985937499996 0.6053642921875 0.021213235937499998 0.580973640625 0.013748909375000002 0.564051875 0.011703664062499999 0.5513239703124999 0.0037751453125 0.5451534015624999 0 0.424427365625 0 0.42425545937500003 0.0001884046875 0.410534278125 0.0019893359375 0.390714796875 0.0045906796875 0.3736390390625 0.008965034375 0.363315290625 0 0.362351115625 0
0 0.9710348281249999 0.2610421671875 0.972487521875 0.2427199 0.9624289015624999 0.229108209375 0.9538923015625 0.22596239687500003 0.9508405937500001 0.23702858437500002 0.9618129375000001 0.2547866046875 0.9710348281249999 0.2610421671875
0 0.720249825 0.2619612390625 0.7361038765625001 0.26627975312499996 0.74875734375 0.26675208906250003 0.7678889765625 0.271706978125 0.77558885 0.26749666250000004 0.7682739546875 0.25565798125 0.7637772234375 0.2530484921875 0.7476947421875 0.2476933953125 0.7327544125000001 0.2475212140625 0.71796551875 0.2515954125 0.720249825 0.2619612390625
0 0.9499885296875 0.29366834218750004 0.9453403640625 0.28681246875 0.935356184375 0.280656959375 0.925138459375 0.2947968296875 0.93047191875 0.3047624484375 0.9369500859375 0.309245 0.9470112609375001 0.3121907109375 0.95478813125 0.30477059375 0.9499885296875 0.29366834218750004
0 0.12362647499999999 0.7962095265625 0.13089153125 0.7914916296875 0.1294602453125 0.7766221078125 0.12318558906249999 0.76489785 0.10919596718749999 0.76422445 0.1008529359375 0.776612525 0.1032716140625 0.78758810625 0.112596021875 0.7964025140625 0.12362647499999999 0.7962095265625
0 0.115669834375 0.6931069609375 0.120332040625 0.6975141640625 0.130196940625 0.696219378125 0.13549021875 0.6867411515625 0.133699609375 0.6744283546875 0.1248221 0.6718291984375 0.1185444359375 0.672653153125 0.114416709375 0.68323318125 0.115669834375 0.6931069609375
1 0.6390625 1 0.6390625 0.559375 0.28639678125 0.559375 0.285640728125 0.564141503125 0.29684633125 0.5814924718750001 0.2904750765625 0.598640875 0.2839196484375 0.6358899625000001 0.274136309375 0.6710531515625 0.2727835765625 0.702600246875 0.2712586984375 0.7040551703125 0.2631874171875 0.7051145421875 0.25852220625 0.7132555515625001 0.2343083609375 0.716433665625 0.2377144296875 0.723515303125 0.24721398906249997 0.7498736671875 0.2544760390625 0.7577039812499999 0.26209440625 0.7755257859375 0.263525690625 0.7903953078124999 0.23680258437499999 0.7863740765625 0.2241596796875 0.779250009375 0.2107981265625 0.7772393921875 0.20667340625000002 0.7752712046875001 0.1883778984375 0.7801820906250001 0.1913340609375 0.7935966875 0.21491683125 0.8043040031249999 0.217157353125 0.8102838421874999 0.232943596875 0.7981736109374999 0.2628010265625 0.820605184375 0.2629761765625 0.8381491421874999 0.2649449484375 0.8554576828125 0.2668261421875 0.8639942453125 0.26628565000000004 0.874103440625 0.265473409375 0.8955413390625001 0.26645779375 0.9041956093750001 0.274432478125 0.9320088999999999 0.28169151875 0.9523874265625001 0.277744959375 0.9554149859375001 0.27048290937499997 0.9475846687499999 0.260527425 0.9526556890625001 0.264467971875 0.9747245609374999 0.2758547421875 0.9845230609375001 0.285004 0.9757935156249999 0.293069265625 0.9998305671875001 0.2930148015625 1 0.6390625 1
0 0.9074396578125 0.652632409375 0.9118619484374999 0.647785715625 0.9128552234375 0.638056265625 0.906302615625 0.6261175328124999 0.8960104546875 0.632801221875 0.8949401828125 0.6457404734375001 0.9074396578125 0.652632409375
0 0.685791225 0.8961036625000001 0.6734431859375001 0.8934581078124999 0.6710767703125 0.9076340437500001 0.6720649328125 0.9192365546874999 0.685175259375 0.9217820578125 0.698439578125 0.9179079609375 0.6926492578125 0.9058691781249999 0.685791225 0.8961036625000001