0 0.060441817187500003 0.6390625 0.053292451562499996 0.6249825609374999 0.046825184375 0.6234065984375 0.0404578125 0.630360665625 0.0381827 0.6390625 0.060441817187500003 0.6390625
0 0.023496259375000002 0.4800077765625 0.0203688765625 0.4804260671875 0.013441440625 0.49068932500000007 0.01665373125 0.49752155625 0.019035657812500002 0.5003152046875 0.022969146875 0.5018639171875 0.032375549999999996 0.5026806203125 0.0361513453125 0.4907640765625 0.036066434375 0.48351355468749996 0.0313147125 0.4789620484375 0.023496259375000002 0.4800077765625
0 0.2146282390625 0.21791380781249997 0.207361159375 0.19917497343749999 0.19877298906250002 0.2013610640625 0.1957426484375 0.210065665625 0.19740338125 0.2181428328125 0.202167234375 0.2237301296875 0.20685830625 0.22310269218749998 0.2146282390625 0.21791380781249997
0 0.31875 0.1303311640625 0.3044610625 0.1322423296875 0.2966547390625 0.134323846875 0.29840038125 0.149651534375 0.3101765828125 0.152226096875 0.31875 0.151079390625 0.31875 0.1303311640625
0 0.260071215625 0.0863089671875 0.25453764687499997 0.0818620328125 0.24515550312499998 0.083116909375 0.24362820156249998 0.086433421875 0.24460412968749998 0.10290147187500001 0.254877290625 0.11086412500000001 0.2595319734375 0.1071293203125 0.266532190625 0.103080796875 0.266459409375 0.0968660625 0.260071215625 0.0863089671875
0 0.1843413859375 0.10577464375000001 0.1946266765625 0.114773084375 0.1985722953125 0.1173575875 0.2102999765625 0.11578899218750001 0.2126091203125 0.11236790625 0.212330128125 0.0885447609375 0.2051600875 0.0780922390625 0.19577794375 0.0793471140625 0.18646858125000002 0.086816721875 0.1843413859375 0.10577464375000001
0 0.14568580312499999 0.1482916921875 0.136230878125 0.143331834375 0.133958121875 0.1498602859375 0.1278610515625 0.164162128125 0.13272194531249998 0.178035734375 0.1460133171875 0.17625799375 0.150619478125 0.168380034375 0.153613428125 0.15656806406249998 0.14568580312499999 0.1482916921875
0 0.3621256859375 0.6390625 0.35962997343750003 0.6259504437500001 0.35236289374999996 0.6072116109375 0.34302926875 0.612609640625 0.3439688078125 0.625970325 0.3503448703125 0.6354916328125 0.350937740625 0.6390625 0.3621256859375 0.6390625
0 0.5605521031249999 0.5980394078125 0.556521575 0.588204384375 0.55410325625 0.58230336875 0.5493394046875 0.576716071875 0.5384178281249999 0.5802516718749999 0.5361208140625 0.584708546875 0.5370482203125 0.597033440625 0.545036496875 0.61048875625 0.5520367140625 0.6064402328125 0.556703525 0.6037412171875001 0.5605521031249999 0.5980394078125
0 0.526040640625 0.459492596875 0.53538639375 0.45513035625000003 0.5391621890625 0.44321381249999997 0.5296951328125 0.43721816562500004 0.5156704375000001 0.4432436328125 0.5141552671875 0.44759593437499995 0.5150462828125 0.4568134640625 0.526040640625 0.459492596875
0 0.349979871875 0.47059204374999997 0.3451311078125 0.45775422343749994 0.33959754062499997 0.453307290625 0.3294092890625 0.45259515937500006 0.324815259375 0.461508909375 0.324130453125 0.46989979374999996 0.32587609687499997 0.4852274828125 0.336870453125 0.48790661718750006 0.34310095625 0.48499845625000004 0.34539797031249997 0.48054158124999996 0.349979871875 0.47059204374999997
0 0.6956139796875 0.16189790625 0.6957595421875 0.1743273734375 0.69820211875 0.182299965625 0.7052872484374999 0.18550196562500001 0.71458448125 0.176996565625 0.716075390625 0.1705726859375 0.711287278125 0.1629138125 0.7010262468749999 0.15598695 0.6956139796875 0.16189790625
0 0.8445340203124999 0.1067076484375 0.8405641421875 0.10205156875000002 0.8350669640625 0.1007120015625 0.8186482125000001 0.102908034375 0.8123934500000001 0.10374461718750001 0.7975869078125 0.10987465781250001 0.7969263640625 0.12033712187500001 0.8040114921875 0.123539121875 0.8165452796875 0.12393753125 0.8384248203125001 0.1199737 0.842249134375 0.1122003125 0.8445340203124999 0.1067076484375
0 0.716268378125 0.053319390625 0.7164382 0.0678204359375 0.7196141015624999 0.0715452984375 0.7359964640625 0.06624190156250001 0.739026803125 0.057537298437499995 0.736644878125 0.05474365 0.729523359375 0.0484342828125 0.720116953125 0.04761758125 0.716268378125 0.053319390625
0 0.6880855546875 0.05397665 0.692237384375 0.0741695625 0.7002013984375 0.08555330156249999 0.714995809375 0.0783874703125 0.7124561921874999 0.0621285671875 0.71463190625 0.047313803125 0.707534646875 0.043076015625000005 0.6942675359375 0.0469253328125 0.6880855546875 0.05397665
1 0.31875 0 0.31875 0.3916852375 0.32556623125 0.39190190468749997 0.34106970625 0.37841676875 0.3558519875 0.3702151484375 0.3708162203125 0.37755036249999996 0.3802347546875 0.3794028546875 0.39196243593749996 0.37783425937500004 0.4081749765625 0.358029815625 0.42553326562500005 0.3691944671875 0.43110322500000003 0.3767487671875 0.4523222203125 0.3832473984375 0.45598884375 0.36200875625 0.455831153125 0.3485434984375 0.4579340875 0.3275140015625 0.4703587015625 0.3185903109375 0.4739768046875 0.2932085109375 0.48084359218749995 0.27776631093750004 0.49095906093749997 0.2722637046875 0.49733512500000004 0.2817850109375 0.5152933078124999 0.27730825625 0.5206085328125 0.263110990625 0.509468615625 0.2480023875 0.5021408859375 0.22408460937500002 0.51543225625 0.22230686875 0.5167412140625001 0.20034615625000002 0.5283475953125001 0.188419671875 0.5424814625 0.1917163046875 0.5453541093750001 0.16954644375 0.5529420921874999 0.14882072500000001 0.5830095046875 0.1084897671875 0.5764150984375 0.080324259375 0.580178765625 0.06737192656249999 0.59351865625 0.06973734375 0.60837371875 0.0677504578125 0.6207134218749999 0.051576245312500005 0.626713453125 0.02898809375 0.6100399671875 0.0094325578125 0.6090804609375 0 0.31875 0
0 0.855323259375 0.22560429062499998 0.8623962578125 0.227770503125 0.8687359328125 0.2341844390625 0.8788028812500001 0.22453868125 0.8769359359374999 0.19885310312499999 0.85968681875 0.197010553125 0.8543230718749999 0.20706466406250001 0.855323259375 0.22560429062499998
0 0.291393303125 1 0.29584363125 0.988261921875 0.2980678671875 0.9775903140625001 0.2916675421875 0.9659974312500001 0.28941904687500003 0.9745974609375001 0.28007329375 0.9789597015625 0.2770672125 0.989735884375 0.2763702796875 0.997090978125 0.28124217812499996 1 0.291393303125 1
1 0.31875 0.6390625 0 0.6390625 0 1 0.276555328125 1 0.2669396140625 0.9942027 0.271485125 0.9811457953125 0.2791216265625 0.96456323125 0.2883096890625 0.9467357328125001 0.296679515625 0.9259054390625 0.2963277421875 0.8958675609375 0.3017521390625 0.8909923937500001 0.30475821875000003 0.8802162125 0.30224286093749997 0.8660288859375 0.290393878125 0.857239590625 0.29893352812499996 0.8509103437500001 0.309170296875 0.8557656281250001 0.31875 0.8567213359375 0.31875 0.7768839296875 0.31452743125 0.7782806640625 0.31753351093750004 0.7675044828125 0.31646054375 0.7427501203125 0.3169270046875 0.7157150359375 0.31875 0.7155863078125 0.31875 0.654705584375 0.31698104374999997 0.653463125 0.31875 0.65084235 0.31875 0.6390625
1 0.31875 0.6390625 0.31875 1 0.730908121875 1 0.73854414375 0.9731245203124999 0.7391785468750001 0.9486299890625001 0.75117899375 0.9506863640625 0.8233957390625001 0.9813032406250001 0.7759284578125001 0.9400531828125 0.7507366015625 0.91291053125 0.77189241875 0.9100809109375 0.780805184375 0.8844791375 0.7899748234375 0.8808117171875001 0.7970194109375 0.8530188453124999 0.7785516953125 0.8493865109375001 0.7700592734375 0.8322151234374999 0.7736101078125001 0.8207558390624999 0.767577453125 0.7776252921875 0.778543915625 0.77005609375 0.785488609375 0.7337331953125 0.7787359265625 0.707785728125 0.7691238953124999 0.6736773171875 0.7494224046875 0.6433593531249999 0.749372084375 0.6390625 0.31875 0.6390625
0 0.8794683187500001 0.8920310265625 0.868430503125 0.8935073499999999 0.8760601906249998 0.915676065625 0.9000325437499999 0.9173516640624999 0.91099900625 0.9097824640625 0.89615348125 0.90078371875 0.8794683187500001 0.8920310265625
0 0.8797537328124999 0.9164025328125 0.8731722999999999 0.9050779671875 0.85928940625 0.8996119218749999 0.8539417453125001 0.9149729875 0.861428725 0.9249559484375001 0.8761886265625 0.926643240625 0.8797537328124999 0.9164025328125
0 0.84072179375 0.8874495609374999 0.8324148906249998 0.8861196515625 0.8194803546875 0.8829677281249999 0.8158296234375001 0.8858969890624999 0.8132556890625 0.9021075484375001 0.8271385828125 0.9075735921874999 0.834497128125 0.9065893765624999 0.8417843203125 0.899512284375 0.8435668734374999 0.8943919296875 0.84072179375 0.8874495609374999