0 0.0185701296875 0.07370796406249999 0.01531866875 0.07885849843750001 0.017183323437500002 0.088425109375 0.031562984375000006 0.0984500671875 0.0431638421875 0.0933450921875 0.05165867187499999 0.0871505078125 0.04246784375 0.078421553125 0.031176031250000003 0.070266221875 0.0185701296875 0.07370796406249999
0 0.0639385765625 0.259375 0.067900375 0.2412147671875 0.05554898125 0.23373625781250001 0.0470541515625 0.2399308421875 0.041628989062499996 0.2487750734375 0.042319321874999996 0.259375 0.0639385765625 0.259375
1 0.5 0.259375 1 0.259375 1 0 0.5 0 0.5 0.259375
0 0.3200267265625 0.2974622078125 0.3229509625 0.30635199687500003 0.34279214375 0.3059726875 0.3412001765625 0.28470580624999997 0.34138196718749997 0.2769056265625 0.339444596875 0.27045908750000003 0.323805384375 0.26969115 0.3181438953125 0.28867561406250003 0.3200267265625 0.2974622078125
0 0.248564690625 0.5421265906249999 0.2611524125 0.5394648656250001 0.2643856953125 0.5350943484374999 0.266650290625 0.5275005625 0.26356244218749997 0.525630934375 0.2511565109375 0.5204924796875 0.2405606984375 0.5272606890625 0.23413049218749998 0.5344416859375001 0.2371456234375 0.5394313859375 0.248564690625 0.5421265906249999
0 0.0411853984375 0.5723947265625 0.048784259375 0.5598568 0.044945875 0.5454036859375 0.0324854078125 0.542605284375 0.016809834375 0.5433973828124999 0.011257420312499999 0.5577017390625001 0.0192614125 0.572567640625 0.0411853984375 0.5723947265625
0 0.30849336250000003 0.5683924921875001 0.3108124953125 0.558458653125 0.29511874531250004 0.5600307671875 0.28240376718750004 0.5681526171875 0.26130303593750004 0.5777889453125 0.2621081078125 0.5880323765625001 0.2756281578125 0.5901539578125 0.2894936125 0.577455196875 0.30849336250000003 0.5683924921875001
1 0.5 0.843124171875 0.481469984375 0.84978849375 0.490146609375 0.8357937265625001 0.48490323750000003 0.836837778125 0.46930038281249997 0.8345098015625 0.4695548921875 0.82358955 0.46442059843749994 0.8199534921874999 0.464766003125 0.80513315 0.47143253749999997 0.7878119171875 0.45708923593749995 0.7762269234375 0.4373389515625 0.7727061421875 0.42676131406250006 0.7786943328125 0.41114028124999996 0.7771463765625 0.39778384375 0.7680046328125 0.3815031703125 0.7499731 0.380970784375 0.7280293984374999 0.3906524515625 0.7156978671875 0.4015209546875 0.6972293875 0.41635509375 0.68775389375 0.41776008124999997 0.67225673125 0.4270729734375 0.6309613359374999 0.39483104999999996 0.6707664109375 0.379028225 0.6770186359375 0.36042841875 0.6689209421875 0.3519881265625 0.6727754734375 0.36004665468749997 0.6853013203125 0.3745353921875 0.6906461703125 0.3785555671875 0.6972991046875 0.3617658765625 0.7011080765625 0.3391640734375 0.6855774328125 0.3113370796875 0.670310821875 0.2864525 0.66315398125 0.2615315640625 0.6575571765625 0.24704282812499997 0.652212328125 0.2323177625 0.6570077125 0.23246319531249998 0.6507675671875 0.2530497234375 0.6184075203124999 0.22487732500000002 0.6179612515625 0.2092562921875 0.6164132953125 0.20954715781250002 0.6039330062499999 0.185740340625 0.595319328125 0.173939509375 0.6090045 0.15810032499999999 0.6168167609375 0.1435934125 0.612251928125 0.1493509875 0.6339315984375 0.1338753875 0.626143496875 0.1141251015625 0.6226227140624999 0.09545257812499999 0.61764509375 0.0885263484375 0.601322353125 0.06755286875 0.6054985546875 0.0459015703125 0.5939711984375 0.0350512484375 0.6116596609375 0.0204897953125 0.6094348828125 0 0.6074044578125 0 1 0.5 1 0.5 0.8649979 0.4895466953125 0.8615343218749999 0.5 0.855363103125 0.5 0.843124171875
0 0.40952494687499996 0.7120952890625001 0.4019806234375 0.7222931609375001 0.3977059390625 0.7265604796875 0.40168975625 0.7347734499999999 0.41935723593749996 0.7380878359375 0.4299166921875 0.7328796640624999 0.4302257390625 0.7196193578125001 0.41993896875000003 0.713127259375 0.40952494687499996 0.7120952890625001
0 0.9322200109375001 0.6213250015625 0.94599456875 0.61252633125 0.9316512671874999 0.6009413359375 0.914970653125 0.6000701984375001 0.9209100203125 0.6139496875 0.9322200109375001 0.6213250015625
0 0.8427503140624999 0.6085499578125 0.8626096734375001 0.60739063125 0.8595400046874999 0.6047409859374999 0.8535461 0.5932015500000001 0.8504764296874999 0.5905519046875 0.8369563796874999 0.5884303234375 0.8283342953125 0.6000850343749999 0.8427503140624999 0.6085499578125
0 0.7679745125 0.6371037890625 0.7606483374999999 0.63794144375 0.7542726703125 0.6427823890625 0.7529585796875 0.6543794609375 0.7672837031249999 0.6667444734375 0.78630163125 0.6569017515625 0.783304678125 0.651132034375 0.7823723515625 0.6463487296875 0.7804531609375001 0.639122171875 0.7679745125 0.6371037890625
0 0.8142532671874999 0.8011809281249999 0.819514815625 0.799356859375 0.8239167546875 0.7896294140625 0.8126612999999999 0.779914046875 0.7959261484375 0.781382965625 0.790464628125 0.7917872312500001 0.7944484453125 0.8000002 0.80172008125 0.8015025984375 0.8142532671874999 0.8011809281249999
0 0.664761425 0.5870031546875 0.677476403125 0.5788813046875 0.67559356875 0.5700947125 0.6683946484375001 0.5654722421875 0.652773615625 0.563924284375 0.643273740625 0.5684556374999999 0.6460889015625 0.582025534375 0.664761425 0.5870031546875
0 0.594140853125 0.5268413265625 0.59490956875 0.53864479375 0.603149890625 0.5433704609375 0.6125225109375 0.5442992359375 0.61787495625 0.5385750765624999 0.6169971656250001 0.53145171875 0.6066922187499999 0.5257396375 0.594140853125 0.5268413265625
0 0.5 0.3891613671875 0.5054606625 0.390617040625 0.5129322703125 0.383539240625 0.5100989296875 0.3707493609375 0.5 0.36359739687500003 0.5 0.3891613671875
1 0.5 1 0.7077418421875 1 0.7137358515625 0.9937114578124999 0.7173145390625 0.9745206 0.7248406828125 0.9651027437499999 0.7283830109375 0.947471921875 0.7348677546875 0.9379508703125001 0.75083419375 0.924678484375 0.8092436140625001 0.9265574359375 0.80953448125 0.914077146875 0.783699396875 0.9029170203125 0.773249015625 0.9034450859375 0.7616481578125001 0.9085500609375 0.7588511765625 0.89420014375 0.7745812843750001 0.8910679937499999 0.7738489281250001 0.877704490625 0.76582675625 0.86361860625 0.763943921875 0.8548320125 0.76414389375 0.8462518156249998 0.761474165625 0.8264417734375 0.7720154421875 0.8220136203124999 0.7670447625 0.8113573984375 0.770568909375 0.79450659375 0.7564982953125 0.7712213296875 0.7589628640624999 0.7550473453125 0.7560931640625 0.7438175015625 0.7562385984375 0.7375773578125 0.7469932328125 0.7311884562500001 0.7411265828125 0.7141888953125 0.763196 0.7077758359375 0.7738645296875 0.69788755625 0.8280122578124999 0.6586895828125 0.763668659375 0.68749536875 0.7468607890625 0.6920843578125 0.7268014578124999 0.7018238828125 0.7164965125 0.6961118046875 0.735678053125 0.67924891875 0.7147409312499999 0.681865084375 0.7139176796875001 0.6724016703125 0.70507225625 0.6488523734375 0.712707475 0.6347544125000001 0.702475246875 0.6259222609374999 0.675580578125 0.6154389546875001 0.65762223125 0.6246048546875 0.6453071953125 0.615566309375 0.6425283937499999 0.6004363749999999 0.6260659296875 0.5902050234375 0.6316183453125 0.5759006671875 0.64557469375 0.5593018140625 0.6554199734375 0.5399501203125 0.6682985640625 0.5248081078125 0.6645510765625 0.5064549046875 0.659725828125 0.48955853906249996 0.640617003125 0.5033013515625 0.630462678125 0.535913353125 0.61022155625 0.5534530578125001 0.5803299359375 0.537200034375 0.54735046875 0.5190773828124999 0.5171861625 0.5145246296874999 0.5038115453125 0.5061629046875 0.5 0.5065987078124999 0.5 1