0 0.6816751921875001 0.39649013125 0.6936211953125 0.4004868015625 0.7039981984375 0.4017704609375 0.7130503312500001 0.3939952875 0.7120419578125 0.38340127812499997 0.7026144546875 0.3775120953125 0.694670075 0.3799141578125 0.6780624421875 0.3933668703125 0.6816751921875001 0.39649013125
0 0.6385698421875 0.5390625 0.6387980234375 0.5373623281250001 0.6275573953125 0.5351059578124999 0.6234833953125001 0.523896575 0.611609765625 0.5247105515625 0.6114380140625 0.5358670234375 0.615522909375 0.5390625 0.6385698421875 0.5390625
0 0.5518111484375 0.3760175296875 0.5554103968749999 0.3895296734375 0.5600450234375 0.392858059375 0.5767974062500001 0.38902664374999996 0.57365940625 0.383600621875 0.5743782828125 0.3749520359375 0.56715278125 0.368705515625 0.5569340281249999 0.36665426874999996 0.5518111484375 0.3760175296875
0 0.45153234375 0.459804146875 0.4630171015625 0.45571469843749995 0.462872353125 0.4460934015625 0.45258122343749996 0.43923150624999996 0.4383473453125 0.4411704078125 0.432591465625 0.45360401718750004 0.4421772171875 0.4587256125 0.45153234375 0.459804146875
0 0.38900297031250003 0.35532676093750004 0.385218465625 0.363359971875 0.3830029625 0.37410619375 0.39163921562500004 0.3838333125 0.40421821874999997 0.3847596359375 0.41209022187500005 0.3775469234375 0.41147072500000004 0.3702283890625 0.408649225 0.363267190625 0.3988328484375 0.354102534375 0.38900297031250003 0.35532676093750004
0 0.31313897968750004 0.1658392703125 0.2959842203125 0.1767840953125 0.2993528453125 0.186253178125 0.3120901 0.1864119140625 0.3216169796875 0.1763339765625 0.36736588124999997 0.124766459375 0.31313897968750004 0.1658392703125
0 0.2588029703125 0.109369065625 0.2692928546875 0.08429672031249999 0.254181846875 0.0956517953125 0.24828121875 0.0984641078125 0.2344362125 0.103678484375 0.23190420937499998 0.11595988125000001 0.235431084375 0.12466137656250001 0.244542084375 0.1320857359375 0.2514510875 0.13986743125 0.260806215625 0.140945965625 0.2622304671875 0.13403768124999998 0.2593365921875 0.1222658359375 0.2588029703125 0.109369065625
0 0.2464005828125 0.154041340625 0.24421208437500003 0.14400979375 0.238872084375 0.13894110937499998 0.22692607968749998 0.1349444390625 0.225660078125 0.1410851359375 0.225488325 0.1522416078125 0.234210453125 0.1563904921875 0.2464005828125 0.154041340625
1 0 0.5390625 0.42627913125 0.5390625 0.4268269453125 0.533181578125 0.4285676984375 0.52473811875 0.4421820828125 0.5154806796875 0.4399212078125 0.5006384875000001 0.41483557343750005 0.503596490625 0.4206638265625 0.4959735296875 0.43521420781250003 0.49249945312500004 0.452757840625 0.4848301015625 0.45151884375 0.4701930328125 0.4319449625 0.46706325 0.42037432968750005 0.4767309359375 0.408111828125 0.474269440625 0.3781425765625 0.423489815625 0.4076640796875 0.4557944359375 0.41593846250000005 0.4414683140625 0.4054302109375 0.42017447187499996 0.3935835859375 0.4002106828125 0.3670872015625 0.3996880890625 0.36615120156250003 0.393904728125 0.3767723328125 0.38884256562499997 0.3783818390625 0.36038892499999997 0.35542583125 0.35817894375 0.35260433125 0.351217746875 0.36440558749999996 0.3455931203125 0.3491633328125 0.3369380140625 0.339478203125 0.34778353906250004 0.3282375734375 0.34552716562499997 0.3167074484375 0.3240282015625 0.3289969578125 0.3057119296875 0.3240593328125 0.293529834375 0.303305325 0.2909625171875 0.2917617 0.279852434375 0.25688669218750004 0.252868015625 0.24556018750000003 0.256189878125 0.2409390625 0.24247260937499998 0.25274031875 0.236847984375 0.25449457343750004 0.218015640625 0.2402741953125 0.209565659375 0.214324934375 0.21155095156249998 0.20709943125 0.2053044296875 0.19752718125 0.1897939515625 0.1807883015625 0.18323648125 0.1595460421875 0.1933608078125 0.139886284375 0.1958092625 0.12346390625 0.18771661875 0.1085970234375 0.1927258703125 0.0935718921875 0.19850270781249998 0.0810787640625 0.191998153125 0.08385489375 0.1733709328125 0.0589410109375 0.16517246562500001 0.034416003125 0.1602494734375 0.01003574375 0.164947778125 0 0.16193259843750002 0 0.5390625
0 0.8237627453125 0.1644040125 0.8231162421875 0.1778632453125 0.8322272453125 0.185287603125 0.8510233765624999 0.1818664375 0.8493096281250001 0.1695321296875 0.8424141296875 0.15136155 0.8237627453125 0.1644040125
0 0.75 0.1320115765625 0.7577567265625 0.13356861250000002 0.775142109375 0.1266668484375 0.767527734375 0.1171448546875 0.75653123125 0.108542659375 0.75 0.10960253906249999 0.75 0.1320115765625
0 0.75 0.1433680734375 0.7557718484375 0.148357896875 0.7700916062500001 0.1408407578125 0.7662482296875 0.1336744359375 0.7558712265625 0.1323907765625 0.7501288500000001 0.1344355015625 0.75 0.135060484375 0.75 0.1433680734375
1 0.75 0.5390625 1 0.5390625 1 0.1993989515625 0.9926027984375001 0.202292646875 0.97043804375 0.1962447296875 0.9525914109375 0.195060371875 0.940387778125 0.2077984078125 0.927320521875 0.21956373125 0.906494140625 0.2121857640625 0.9078460187499999 0.2004668296875 0.8837233874999999 0.188430428125 0.86635150625 0.18494330781249999 0.8561916249999999 0.19809159375000002 0.83897799375 0.19383688593749998 0.8221532390625 0.192857653125 0.8180522359375001 0.2024260375 0.801543978125 0.1999116296875 0.7788909703125 0.20655535781249998 0.77048534375 0.20087129843749998 0.7508390890625 0.19293086875 0.75 0.19272347031249998 0.75 0.5390625
0 0.75 0.6441049359375001 0.7382821796875 0.646237746875 0.7348865531250001 0.6575464328125 0.7427450546875 0.6607226046875 0.75 0.6636548375 0.75 0.6441049359375001
0 0.665154903125 0.6499437765625 0.6775032828125 0.6468270359374999 0.6805824109375 0.6370535281249999 0.6805100375 0.632242878125 0.6751700359374999 0.6271741937499999 0.66086378125 0.6243024484374999 0.6518840265625 0.636888271875 0.665154903125 0.6499437765625
0 0.5663678609375 0.674877690625 0.567692734375 0.683936525 0.5828626140625001 0.68778098125 0.5914399953125 0.68230856875 0.591295246875 0.6726872734375 0.5902009968749999 0.6676715 0.58304786875 0.666235628125 0.570785365625 0.6637741296875 0.5663678609375 0.674877690625
0 0.5904597140625001 0.8315908796875 0.610594221875 0.8268396656250001 0.6076144734375 0.8206460546875001 0.6069949734375 0.8133275203125001 0.5991364703125 0.8101513484374999 0.5831753390625 0.8101448265625001 0.5763975859375 0.8223733109375001 0.5904597140625001 0.8315908796875
0 0.46732696875 0.5926472921875 0.47124271718750005 0.6046242625 0.489319971875 0.60985168125 0.503481478125 0.6031021296875 0.5036532296875 0.5919456578125 0.5040556078125 0.5848322484375 0.493289728125 0.5802731156250001 0.476853846875 0.58256935625 0.46732696875 0.5926472921875
0 0.4310650046875 0.5390625 0.4243039609375 0.54324410625 0.42303795937500005 0.5493848046875 0.42892508593749995 0.556961375 0.44354783906249995 0.558297946875 0.4501673453125 0.5468370484375 0.444829546875 0.5390625 0.4310650046875 0.5390625
1 0 0.5390625 0 1 0.47126375156250006 1 0.48152251875 0.983183215625 0.4891050265625 0.9567279093749999 0.521515540625 0.9440493062499999 0.56984668125 0.9625438781250001 0.5751413109375 0.9420241453125 0.542382428125 0.9202606234375 0.5457056828125 0.9041412890625 0.5362193078125 0.883052575 0.543327065625 0.8589000312499999 0.556394321875 0.8471347078125 0.5524197015625 0.8199582046874999 0.55394333125 0.7970828015625 0.5470478328125 0.7789122203125001 0.5523289625000001 0.7687813734375 0.5430732140625001 0.75173571875 0.5475765921875 0.7350539234375 0.5686606015625 0.725697184375 0.6216080015625 0.70115395625 0.57237273125 0.712853325 0.5592331015625 0.7198080015625 0.5307653375 0.72368580625 0.5211072125 0.7137535625 0.5433713484375 0.7038343609375 0.5270213421875 0.700552365625 0.5219254671875 0.6891378578125 0.51739021875 0.6698423531250001 0.5339843515625 0.666778525 0.529996228125 0.6499909078125 0.49565484375 0.63590325625 0.4810185859375 0.6449555703125001 0.47300183437500004 0.6425469859375 0.4626383328125 0.6308744421875 0.4527630828125 0.606510253125 0.4490914609375 0.588187459375 0.45735233906249995 0.584250221875 0.4715997234375 0.5719224359374999 0.48230672812500003 0.5612820359375 0.5016634890625 0.549979875 0.5003673421875 0.5390625 0.4700426984375 0.5390625 0.46975472656250006 0.5395779468749999 0.4527447171875 0.56014406875 0.43386271093750006 0.5691434703125 0.43119946093749995 0.5614146859375 0.44300071562500004 0.555790059375 0.4473458453125 0.5398758531250001 0.4455047796875 0.5390625 0.4283479296875 0.5390625 0.423585084375 0.551892690625 0.4036851046875 0.5390625 0 0.5390625
0 1 0.813729409375 0.9981957484375 0.8129746609375001 0.98734399375 0.8139937640625 0.9819904921875 0.8193139625000001 0.986453365625 0.8337988171875 1 0.838233190625 1 0.813729409375
0 0.932881603125 0.7942684453125001 0.9380044828124999 0.784905184375 0.9355853578125 0.7708305765625 0.9241276078125 0.7541422609375 0.9124122296875001 0.7541886515625 0.9087859765624999 0.761454275 0.9117522234375001 0.7780367671875 0.92234635 0.793752371875 0.932881603125 0.7942684453125001
0 0.9101427187500001 0.806490409375 0.9180147234374999 0.799277696875 0.9192807249999999 0.7931369984375 0.9104003468749999 0.7897557015625 0.9030030921875 0.7946656515624999 0.9015788406249999 0.8015739374999999 0.9101427187500001 0.806490409375
0 0.837963853125 0.6249368265624999 0.8370143515624999 0.6295423484375 0.843923353125 0.6373240453125 0.8587767328125 0.642703678125 0.8625612359374999 0.6346704671875 0.8559687359374999 0.6253535968749999 0.8465412328124999 0.6194644140625 0.8415901078125 0.617671203125 0.837963853125 0.6249368265624999
0 0.8033205578124999 0.7826495546875 0.806860934375 0.780962165625 0.8120561890625 0.7764095546875 0.8197699421875001 0.7699644296875 0.8196975671875 0.76515378125 0.811219565625 0.754659075 0.8033205578124999 0.7826495546875
0 0.8080912937499999 0.8627431874999999 0.808651921875 0.854862190625 0.8017429203124999 0.84708049375 0.7927042921874999 0.844466784375 0.785438284375 0.8693869156249999 0.7898422875 0.8686722390625 0.7971536625 0.8693405249999999 0.80698354375 0.8681162984374999 0.8080912937499999 0.8627431874999999
1 1 1 1 0.8443045156250001 0.9902108625 0.8465433749999999 0.9814752359375 0.8527833749999999 0.96031885 0.8573294671875 0.948761721875 0.85660826875 0.9346137171875 0.8529689359375 0.924322590625 0.846107040625 0.908203209375 0.84686810625 0.8905872015625 0.849726809375 0.8793465734374999 0.8474704390625 0.862205315625 0.8480263796875 0.8517289359375001 0.8627098406249999 0.8277375499999999 0.8706836171875001 0.8182106687499999 0.880761553125 0.807589540625 0.8858237156250001 0.7972125343750001 0.8845400578125 0.7971401609375001 0.8797294078125001 0.7855830328125 0.8790082124999999 0.7647135421875 0.9779113953125 0.76600005625 1 1 1