0 0.365891059375 0.4390625 0.37074545 0.436709296875 0.37058424843750004 0.4292533359375 0.369662803125 0.42197755625 0.36289965625 0.41715687968750004 0.35501746875 0.421166184375 0.3476157609375 0.42720280156249996 0.34933696875 0.431077246875 0.3542998703125 0.43846578125 0.356213675 0.4390625 0.365891059375 0.4390625
0 0.4466003578125 0.4390625 0.4521340703125 0.4345493625 0.45189382968749997 0.4335357078125 0.44628924375 0.4166638984375 0.4476090078125 0.4120687296875 0.45016949687499996 0.40932068906249996 0.45376998906250005 0.404184978125 0.4586902453125 0.3944540921875 0.4573278375 0.381929846875 0.45360566249999995 0.3763884484375 0.44752372031250004 0.37782989375 0.43992129375 0.379631703125 0.439881771875 0.38285285468749997 0.438242728125 0.39287667187499997 0.4342834375 0.406662184375 0.42964294374999995 0.41418557343750007 0.42500244687500005 0.4217089625 0.4262381796875 0.4390625 0.4466003578125 0.4390625
0 0.12810834531249998 0.23620190000000002 0.1370305359375 0.22980492031250002 0.1357076484375 0.21405952187500002 0.131504990625 0.20649080937500003 0.118301103125 0.211761378125 0.1139008484375 0.22029842500000002 0.114782775 0.23079535624999997 0.1179849484375 0.23753059375 0.12202640312499999 0.23764334687500002 0.12810834531249998 0.23620190000000002
0 0.058706784375 0.1263201359375 0.053062678125 0.11266948125000001 0.049340504687499995 0.10712808124999999 0.039378309375 0.1159127359375 0.0341387734375 0.13107226875 0.0403424 0.14030793125000002 0.04818506875 0.13951978125 0.058706784375 0.1263201359375
0 0.0850323953125 0.101880734375 0.085193596875 0.10933669531250001 0.0909167390625 0.11654504531250001 0.1024420640625 0.12451944687500001 0.110765215625 0.125758609375 0.11548475 0.1117929171875 0.11260185625000001 0.09962903281249999 0.10591775 0.0883660515625 0.09939484374999999 0.0845590328125 0.0902324125 0.0899423546875 0.0850323953125 0.101880734375
1 0.5390625 0 0.17368696875 0 0.1732507 0.0167368984375 0.1740535875 0.033676134375 0.184143715625 0.076249728125 0.192868309375 0.085958509375 0.20501232812499998 0.095927465625 0.212858121875 0.11547988281249999 0.22334344375 0.125841959375 0.234306121875 0.11789078125 0.2513143484375 0.132059875 0.25923918125 0.145169990625 0.26936257812500003 0.1438412953125 0.272686434375 0.1612536453125 0.2903758640625 0.1816848625 0.3031023953125 0.1947275484375 0.314867959375 0.20371560625 0.3329193140625 0.2358375921875 0.33644389218750004 0.2574847515625 0.3463301734375 0.275482971875 0.35621332968749997 0.27314061875 0.355890925 0.258228696875 0.36373359375000003 0.2574405453125 0.384424475 0.2803721921875 0.3829466328125 0.2978519703125 0.3937907546875 0.29956424843749996 0.3979112484375 0.29323469687500003 0.3960350890625 0.3225854265625 0.40628016875000006 0.3319338453125 0.425888403125 0.3401337515625 0.4268462421875 0.3238478109375 0.423723109375 0.31067026875 0.42512191093749996 0.2996327921875 0.43340554062500003 0.3040931078125 0.4334481859375 0.321212525 0.4402508515625 0.32281205 0.444410865625 0.31326134687499996 0.4548535421875 0.3065040046875 0.4719012875 0.3174519484375 0.47594274375 0.3175647015625 0.4823470890625 0.33103517656250003 0.494510975 0.3281522828125 0.5000302703124999 0.31078525625000003 0.498829065625 0.305716971875 0.5041507640625 0.30445570625 0.508794384375 0.3172728875 0.5206421125 0.340159209375 0.53012695 0.3496878078125 0.5390625 0.34232324375 0.5390625 0.32015426874999997 0.5383648125 0.3166881375 0.5390625 0.31607291718749997 0.5390625 0
0 0.17162995781249998 0.1569709890625 0.18051549375 0.162264734375 0.1911639375 0.1662157046875 0.191957334375 0.154928184375 0.1834500765625 0.1365953921875 0.18064936874999998 0.13355934687499998 0.168169728125 0.13651707500000002 0.17162995781249998 0.1569709890625
0 0.3214836171875 0.3092212484375 0.3337556953125 0.3053877546875 0.33454909375 0.2941002359375 0.33247349531250003 0.2853425921875 0.3124588109375 0.297485815625 0.3138775859375 0.3063991265625 0.3214836171875 0.3092212484375
0 0.858292203125 0.3464192953125 0.8629358234375001 0.359236475 0.86997873125 0.36184965625 0.8806221296875 0.3593271234375 0.8834623781250001 0.354371590625 0.8813397281249999 0.342027525 0.87005464375 0.3350667828125 0.858292203125 0.3464192953125
0 0.9108186187499999 0.26652280625 0.9219820203125 0.2628064375 0.9233808218749999 0.2517689625 0.9204584078125 0.24282623124999997 0.9091338062500001 0.2390866390625 0.9022521015624999 0.24392941875 0.9007742609375 0.26140919687499997 0.9108186187499999 0.26652280625
0 0.8176488078125 0.157991840625 0.8113692703125001 0.17553904843749998 0.816052409375 0.18513507499999998 0.8240957984375001 0.18858173125 0.834258715625 0.1840318875 0.8381784875000001 0.173467528125 0.8319748624999999 0.1642318609375 0.8176488078125 0.157991840625
0 0.6204838171875 0.06126104375 0.6256838328125001 0.0493226640625 0.6225606984375001 0.036145123437499996 0.613036340625 0.0298376765625 0.6015931796875 0.0357615390625 0.6021558265625 0.051687118750000004 0.6098404171875 0.0637835765625 0.6108409015625 0.0646170515625 0.6204838171875 0.06126104375
1 1 0 0.695060303125 0 0.6926215921875001 0.0099050296875 0.7055093234375 0.0304036765625 0.7171105609375 0.011595204687500001 0.7288334843750001 0.0034638453125000004 0.7283561265625 0.0217770984375 0.7390816875 0.0331528328125 0.7507318203125 0.0721449140625 0.7740258359375 0.10944793906250001 0.7950755171875 0.12372978750000001 0.7867554906249999 0.1428311921875 0.7788701781249999 0.126499928125 0.7687863 0.12460746874999999 0.7629050796875 0.13028372500000002 0.762826040625 0.1367260296875 0.768509665625 0.1471555328125 0.772271359375 0.1494757796875 0.7399886125 0.20637431093749997 0.774038334375 0.19081021250000002 0.789282709375 0.18398544375 0.79400224375 0.1700197515625 0.8072851703125 0.158306878125 0.8188073703125 0.1459407109375 0.8447773062499999 0.1504916734375 0.8520604546874999 0.1541185125 0.868466515625 0.15558318124999998 0.873429415625 0.1629717125 0.8684301218750001 0.17914490156250001 0.8705922921875 0.18826781406249998 0.877157840625 0.20919425 0.8846417109375 0.217055896875 0.8973255953124999 0.21297916562500002 0.9108092437499999 0.2055011 0.9108882828125001 0.199058796875 0.9191719140625001 0.2035191125 0.926695303125 0.20815960625000002 0.9373782203125 0.202415921875 0.9419032828125001 0.224896559375 0.9507859546875 0.22172073124999997 0.937071440625 0.28920684375 0.962591040625 0.22748763749999998 0.9777168578125 0.230326325 0.98515808125 0.22106855468750003 1 0.2257853640625 1 0
1 0.5390625 0.4390625 0 0.4390625 0 0.8100686828124999 0.000023296875 0.8101184124999999 0.020990815625 0.8105019953125 0.0162712796875 0.8244676890625 0 0.8332159625 0 0.8487079218750001 0.010755109375 0.8621752828125 0 0.8753668203124999 0 0.8920126125 0.0474870015625 0.8545402578125 0.0687405296875 0.8933974843750001 0.0798248921875 0.89612341875 0.078067290625 0.9158106921875 0.0847513984375 0.9270736718750001 0.0982350453125 0.9195956078125 0.11111965312500001 0.919753684375 0.12160184999999998 0.90977519375 0.1367307921875 0.9329544468750001 0.1322514984375 0.947933796875 0.1419370578125 0.96169720625 0.14709755468750002 0.9529799796875 0.155700465625 0.9520116468750001 0.15722407656249998 0.9719918546875 0.1607091359375 0.9968601640625 0.17607733125 1 0.180184890625 1 0.1821935296875 0.9757093421875 0.194515490625 0.9599418406249999 0.20400345468749997 0.9898110093749999 0.21370283125 1 0.2438662953125 1 0.2314117125 0.9801033468749999 0.265546721875 0.9987780796875001 0.27123193749999996 1 0.46783717031250005 1 0.4765811828125 0.9947975890624999 0.489544828125 0.9885133640625 0.502304628125 0.9576537593750001 0.538595559375 0.9447702703124999 0.5390625 0.944205221875 0.5390625 0.4390625
0 0.7703527734375 0.9696308828125 0.7661896374999999 0.9588410171875001 0.760706734375 0.9526463234375001 0.7494216515625001 0.9456855796875001 0.7445013953125 0.9554164625 0.7480259734375 0.9770636234375001 0.7703527734375 0.9696308828125
0 0.6001675796875 0.93930623125 0.5830407937500001 0.934800590625 0.57684029375 0.94590549375 0.5806841515625 0.96212400625 0.5874472984375 0.96694468125 0.6023723921874999 0.9655485609374999 0.6112945843750001 0.9591515828125001 0.6001675796875 0.93930623125
0 0.585941334375 0.8013593453125001 0.583578440625 0.788001621875 0.5788162640625 0.7848478984374999 0.5688935875000001 0.7904114015625 0.5626930875 0.8015163031250001 0.5785001078125 0.8106171124999999 0.585941334375 0.8013593453125001
0 0.6302423859374999 0.8358248015624999 0.6370876937500001 0.8545437406249998 0.64569060625 0.8535754093750001 0.650772065625 0.8513004859375 0.6521708671875001 0.8402630125 0.6492879734375 0.828099128125 0.6418041046875 0.8202374812500001 0.6331616734375001 0.8244269656250001 0.6302423859374999 0.8358248015624999
0 0.66008945 0.8126919890625001 0.6652104265625 0.8071959140625001 0.6663294703125 0.798365934375 0.66464778125 0.7912703343749999 0.6545639031249999 0.7893778765625 0.64436146875 0.797148875 0.6462043578125 0.8117004359375001 0.66008945 0.8126919890625001
0 0.8907685375 0.793349684375 0.8854073187499999 0.7978321015625001 0.8950897531249999 0.791254940625 0.9049729093749999 0.7889125890625 0.9044102640624999 0.7729870109375 0.9011685703125 0.769472925 0.8882049234375 0.7757571515625 0.8907685375 0.793349684375
0 0.8676263515624999 0.7024809125 0.8589839203124999 0.706670396875 0.8589475265625 0.7302321171875 0.8670304359375001 0.7304576218750001 0.872352134375 0.7291963562499999 0.87743359375 0.7269214328125 0.8827948124999999 0.722439015625 0.8811526437499999 0.7121222640625 0.8754690203125 0.7016927609375 0.8676263515624999 0.7024809125
0 0.8318918156249999 0.69060884375 0.8422554546875001 0.69029380625 0.8501376421875 0.686284503125 0.852497409375 0.67930165625 0.8477747499999999 0.6729267796875 0.8323296546875 0.675516740625 0.8274489171875 0.682026471875 0.8318918156249999 0.69060884375
1 1 0.4390625 0.5390625 0.4390625 0.5390625 0.569683021875 0.5438138484375 0.5897305328125 0.56014086875 0.597637503125 0.555822778125 0.6200728140625 0.54446178125 0.63989494375 0.563270253125 0.6514961828125 0.582635121875 0.6383418640625 0.5977609375 0.64118055 0.6096481875 0.66084571875 0.6134130078125 0.683506534375 0.6167368625 0.7009188859375 0.6397843859375 0.6965271171875 0.6500658609375 0.6823138156249999 0.6699538578124999 0.688306228125 0.6754336328124999 0.674160353125 0.68759751875 0.6712774593749999 0.6926821015625 0.68934310625 0.69760548125 0.699952790625 0.7161705875 0.6901998031250001 0.7238125359375001 0.6851768437500001 0.7414198015625 0.6917097953125 0.7515827171874999 0.6871599500000001 0.765026846875 0.6829030359375 0.773228315625 0.6734650875 0.7763483250000001 0.666302059375 0.7900326953125 0.6630588046874999 0.7949560765625 0.6736684890625 0.8071594781249999 0.6675644453125 0.8098385265625 0.6551529515625 0.819882884375 0.6602665609375 0.8373289484375 0.6593435515625 0.850371634375 0.6466170218749999 0.8630950390625 0.6393191390625 0.8803403828124999 0.6341613234375 0.8876204046874999 0.61744759375 0.8956606703125001 0.60055368125 0.9049021421875001 0.5887280546875 0.9259486984375 0.5826693359374999 0.9417525937499999 0.5714295765624999 0.9537947953125 0.5578695703125 0.9650767546874999 0.544489746875 0.9733572609374999 0.528609490625 0.9855180203125 0.5053860296875 0.994358046875 0.4850907859375 1 0.47812381562499995 1 0.4390625