0 0.48495453125 0.47446857343750004 0.47494406875 0.47987719999999995 0.4707231 0.4994087171875 0.47997023906249997 0.50254975 0.48440210468749995 0.5052003109375 0.4946095078125 0.50505585625 0.49826059999999994 0.49510868906249994 0.4957457703125 0.481657675 0.49015321093750003 0.47279895468750005 0.48495453125 0.47446857343750004
0 0.5259737859375 0.559375 0.5223823359375 0.5525442453125 0.513135196875 0.5494032140625 0.50447189375 0.5535957390624999 0.5022651390624999 0.559375 0.5259737859375 0.559375
0 0.540224484375 0.23531666874999999 0.5277096593749999 0.2399627109375 0.5286838828125 0.25359513125 0.5304214296875001 0.2586778953125 0.5437135375000001 0.26240010156250004 0.5489087296874999 0.25650100625 0.5514026203125 0.24457515624999998 0.548887790625 0.23112414375 0.540224484375 0.23531666874999999
0 0.23833656093750002 0.1238755265625 0.2521985453125 0.11801338125000001 0.2572002875 0.1110795921875 0.25834701875 0.10036984374999999 0.25160075000000004 0.093761915625 0.24178024531250003 0.095975759375 0.238129153125 0.105922925 0.23524487343749997 0.111549909375 0.23833656093750002 0.1238755265625
0 0 0.1558035546875 0.00840600625 0.15729480468749998 0.011283304687499999 0.143208865625 0.019366262500000002 0.1359122609375 0.0445858734375 0.12342539062499999 0.04091733125 0.112225171875 0.0129929328125 0.11445581093749999 0.0070274390625 0.12044561250000001 0 0.12678938281250002 0 0.1558035546875
0 0.2028223015625 0.0307699265625 0.2107187921875 0.0308975828125 0.22188645624999997 0.0274676390625 0.220532315625 0.0202247859375 0.2166703265625 0.0079898734375 0.21339566250000003 0.007317995312500001 0.2041520109375 0.008406440625 0.19876337187499998 0.013270842187500001 0.199347209375 0.020604400000000002 0.2028223015625 0.0307699265625
0 0.22035706562500001 0 0.21705024375 0.0016003062500000002 0.2166703265625 0.0079898734375 0.220532315625 0.0202247859375 0.22708862812500002 0.030027496874999997 0.2344082609375 0.0312805484375 0.24037724531250002 0.029520228125 0.24075367343749998 0.0189011828125 0.2380453953125 0.0044154765625 0.2365012953125 0.00036740625 0.2351621109375 0 0.22035706562500001 0
0 0.47482192031250003 0.331845503125 0.470780440625 0.33549380625 0.46520882343750003 0.352011946875 0.46887387656249996 0.3589826875 0.4761935109375 0.3602357421875 0.48350965468749996 0.3572593171875 0.48503630312499996 0.34016000156250004 0.47482192031250003 0.331845503125
0 0.13863975625 0.2054080296875 0.14614935 0.20346630000000002 0.1388192453125 0.189524815625 0.137264678125 0.1727883140625 0.1266668890625 0.16663390625000002 0.11357520624999999 0.1724053453125 0.11011407343749999 0.179157728125 0.1108983375 0.195984934375 0.11629744687500002 0.2038089609375 0.13170701875 0.20622436406250003 0.13863975625 0.2054080296875
1 1 0.559375 1 0 0.56875 0 0.56875 0.09092307499999999 0.5797049640624999 0.10437194375 0.5815379734375 0.12903779843750002 0.5692975734375 0.1230146046875 0.56875 0.1239531828125 0.56875 0.15714205312500001 0.5788438874999999 0.1592130640625 0.5826882234374999 0.15005179531249999 0.5876745953125 0.15195281875 0.5888248453125 0.1729668140625 0.59224685625 0.2011778203125 0.5947462 0.20959211406249997 0.6040526140625 0.22964571875 0.608592025 0.239063878125 0.61018513125 0.24758488125000003 0.615183821875 0.26441346875 0.62199499375 0.2810286375 0.6023058234375 0.309472825 0.5823603281249999 0.3018687375 0.5825920203125 0.3080618828125 0.56875 0.320020378125 0.56875 0.3373163375 0.5862416171875 0.33749017187499997 0.5894114046875 0.3346287578125 0.6014160078125 0.32948295625 0.610697784375 0.3196814296875 0.634706990625 0.309389825 0.6392505078124999 0.32378383906249997 0.6390393453125001 0.342469975 0.6351950093750001 0.351631240625 0.6365769515624999 0.378838378125 0.636129990625 0.386355515625 0.660598475 0.3834743390625 0.668307675 0.39003108750000004 0.6764638359374999 0.38907069375000003 0.678503903125 0.390074559375 0.6923497265625 0.4195463234375 0.715713125 0.45038555625 0.7368129765625 0.48397949531249995 0.74974024375 0.49863040312500007 0.7459041203125001 0.5177433796875001 0.759290665625 0.539804715625 0.7595305671875 0.55594956875 0.7664917671875 0.559375 0.7720541265625 0.559375 0.782865225 0.5519578140625 0.7819466671875 0.537136959375 0.7930573484375 0.54702543125 0.796364553125 0.559375 1 0.559375
0 0.128710775 0.9484798109374999 0.121391140625 0.9472267562500001 0.1069557890625 0.9584437749999999 0.10196451718749999 0.9780659968750001 0.1106313109375 0.9781029484375001 0.12603739375 0.9762888734375 0.1308456875 0.968320390625 0.1331461296875 0.955359846875 0.128710775 0.9484798109374999
0 0.127774940625 0.9813716375 0.134324271875 0.9827153953125001 0.1447251234375 0.9836056328125 0.14722599375 0.9801387375000001 0.147025565625 0.9706450890625 0.1400858484375 0.9630024687500001 0.1360373890625 0.958191815625 0.130068403125 0.959952140625 0.1275710234375 0.9676485140625001 0.127774940625 0.9813716375
0 0.16338493125 0.9570865734374999 0.1624141984375 0.94768363125 0.155477971875 0.9442704875000001 0.1433430625 0.9425269625 0.14007886875 0.9545435140624999 0.1477923796875 0.966324909375 0.156652621875 0.9673965546875 0.16338493125 0.9570865734374999
0 0.1288603578125 0.6629447578125001 0.13271885781249998 0.67095019375 0.1394651265625 0.677558121875 0.14563105 0.6810619671875 0.1606467453125 0.6729490281249999 0.15658781718749998 0.655449946875 0.150034996875 0.6498767125 0.14425597031249998 0.6484422515625 0.1342420171875 0.6496214 0.132701409375 0.649802809375 0.1296236828125 0.6543951 0.1288603578125 0.6629447578125001
0 0.152936725 0.6653971125 0.1610231734375 0.662329984375 0.1660284046875 0.659625671875 0.1710336375 0.656921359375 0.16620789375 0.64374245625 0.1633166375 0.6409104890624999 0.1506083640625 0.6445218390624999 0.14656688281250002 0.6481701421875 0.14541666250000002 0.6546504125 0.145617090625 0.6641440609375 0.152936725 0.6653971125
1 0.56875 1 0.56875 0.559375 0.21813845 0.559375 0.2114030625 0.5654551328124999 0.18463237500000002 0.5654349796875 0.1856484765625 0.6298211265625 0.178930128125 0.657049015625 0.181824875 0.6641104609374999 0.1776143765625 0.696330409375 0.18147636875 0.708565321875 0.174167203125 0.7200007 0.17148684375 0.7393508093750001 0.1753662828125 0.7727331078125 0.18095535000000001 0.777362353125 0.18174659375 0.8026485109374999 0.1836775890625 0.8087659671875 0.19811991874999998 0.8060079015625 0.2081443421875 0.817517184375 0.1968041703125 0.845289296875 0.21222770156249998 0.8646226078125 0.20241068593749997 0.8710659249999999 0.19875959375000002 0.881013090625 0.201080975 0.8934294125000001 0.1883796828125 0.905499715625 0.1930119765625 0.9176439249999999 0.21073595156249997 0.9240166921874999 0.21864640156249998 0.941062259375 0.215973021875 0.9688713218749999 0.2294655578125 0.982087175 0.2340838953125 0.977313478125 0.2452585390625 0.9823424875000001 0.24774894062500002 0.9661871625 0.2641257546875 0.9737760328124999 0.2649065296875 0.9863737593749999 0.27175191718749997 1 0.56875 1
0 0.6825525640625 0.9150980796875 0.6794853046875 0.9323788000000001 0.6896996875 0.9406933000000001 0.696632425 0.939876965625 0.70009006875 0.9288951078125001 0.699692703125 0.914137290625 0.695827221875 0.8976729015625 0.6865800828124999 0.89453186875 0.6825525640625 0.9150980796875
0 0.652219534375 0.799175471875 0.654343978125 0.806327621875 0.6583994171875001 0.8195972296875 0.6672596609375 0.8206688734375 0.6714945875 0.8180552656250001 0.674565334375 0.80500401875 0.6672352296875 0.7910625343750001 0.652219534375 0.799175471875
0 0.9397852890625 0.8255903531250001 0.94480448125 0.83980395 0.9565559828125 0.8437075640625 0.9590498734375 0.8317817156249999 0.9584660390625 0.8244481578125 0.950945975 0.8137014578125001 0.9424691390625 0.8104697203125 0.939581371875 0.8118672296874999 0.9397852890625 0.8255903531250001
0 0.842101253125 0.77893174375 0.8340008437499999 0.7650809625 0.8276449625 0.7647719000000001 0.8222563234375 0.7696363015625 0.82207334375 0.781290040625 0.82477464375 0.7873167921875 0.832094278125 0.7885698453125001 0.8382567109375 0.7878442156250001 0.842101253125 0.77893174375
0 0.8407296625 0.7505415046875 0.8382322828125 0.7582378750000001 0.8401667671874999 0.768584809375 0.8505676187500001 0.769475046875 0.8569235 0.7697841109375 0.85710996875 0.76235985 0.8553689328124999 0.753047609375 0.853051040625 0.7448607671875 0.8466951593750001 0.7445517031250001 0.8407296625 0.7505415046875
0 0.937591046875 0.7338486640624999 0.9300814546874999 0.73579039375 0.9241194500000001 0.746009671875 0.9277879921875 0.7572098890625 0.9354980140624999 0.7647618078124999 0.9443582546875 0.7658334531250001 0.94743598125 0.761241159375 0.9522442765625 0.753272678125 0.9499228937499999 0.740856359375 0.944140378125 0.735192421875 0.937591046875 0.7338486640624999
0 0.6601838359375 0.6480766484375 0.6609436703125 0.6352975140625 0.6555410734375 0.623244009375 0.6457135875 0.616998896875 0.6343559640625 0.623623621875 0.634946778125 0.6394161328125 0.6415030875000001 0.6492188453125001 0.651133634375 0.6501997859374999 0.6601838359375 0.6480766484375
0 0.765373978125 0.688564053125 0.7624862078125 0.6899615609375 0.756140796875 0.7023409296875001 0.76385081875 0.70989284375 0.7734813640625 0.7108737890625 0.777135946875 0.7051560968749999 0.7788630234375 0.69755043125 0.777508884375 0.690307578125 0.77057265625 0.6868944328125 0.765373978125 0.688564053125
0 0.56875 0.559375 0.56875 0.5756680953125 0.5767277421875 0.5722484171875 0.5815360359375 0.564279934375 0.57702133125 0.559375 0.56875 0.559375
1 1 0.559375 0.5895832000000001 0.559375 0.600026825 0.5663325218749999 0.6092739640625 0.5694735546875 0.5829111140625 0.59689965 0.6035193671875 0.5976454328124999 0.6241171515625 0.5857027859375 0.6337616578125 0.6036016359375 0.6435786734375 0.597158315625 0.6570747 0.614603646875 0.6661249015624999 0.612480509375 0.6822977984375 0.606346253125 0.6905811875 0.608543296875 0.6940562796874999 0.6187088218750001 0.69965930625 0.6402559765625 0.7098667093750001 0.64011151875 0.7170033640625 0.6530183109375 0.72472385625 0.673258659375 0.7395530828125001 0.67256998125 0.741660078125 0.6585747453125 0.7451212109375 0.6518223625 0.7591871140625 0.6596833421875 0.766700196875 0.6619710890625 0.7755674203125 0.6715016890625 0.7878957765625 0.6742799078124999 0.7854088640625 0.694664709375 0.81314679375 0.69985833125 0.8196856546875001 0.6885136562499999 0.837789546875 0.6884968546875 0.8578174531249999 0.6861385578125 0.871682928125 0.6845058921875 0.8901806984375 0.6950174328125 0.9088544671874998 0.685416284375 0.923110328125 0.6900824812499999 0.945846515625 0.702209890625 0.9570072015625 0.6903209921875 0.9689312109374999 0.6698824390625 0.9797119796875 0.6643831109375 0.992026375 0.65024341875 1 0.6409129359375 1 0.559375