0 0.1168636421875 0.5325094046875 0.1139652421875 0.5141093484375 0.10392465937499999 0.5135001875 0.0925161703125 0.5049816828125 0.0845274515625 0.5162365296875 0.0841014109375 0.5301863 0.08794722499999999 0.5360098765625 0.09651901874999999 0.547822228125 0.10708097187500001 0.5498046828125001 0.112036784375 0.5456331546875 0.1168636421875 0.5325094046875
0 0.17192703125 0.5160606265625 0.1829486546875 0.49772246718749996 0.1770173484375 0.48640572656250003 0.1652164421875 0.4854661546875 0.1568689328125 0.49792908750000003 0.15856200781250002 0.5110011812499999 0.1617238671875 0.5128700875 0.17192703125 0.5160606265625
0 0.4161408609375 0.250693865625 0.39990551406249997 0.2552991109375 0.400163425 0.27320355625000003 0.40717110156249997 0.280896034375 0.4149636109375 0.2734306546875 0.41959426093749996 0.2640963703125 0.41825997812500004 0.2498161875 0.4161408609375 0.250693865625
0 0.4587641140625 0.154108821875 0.4534495109375 0.1594884359375 0.445623375 0.173324659375 0.45207605156249997 0.18601468906250002 0.46267163125 0.18162630156249998 0.47118172343750003 0.17174474687500002 0.4719329296875 0.16295773125 0.4688046953125 0.1547179828125 0.4587641140625 0.154108821875
0 0.4062625296875 0.052423370312499995 0.41578173906250004 0.051659245312500005 0.42077117656249996 0.041116871875 0.42028343125 0.0333727375 0.41591624375 0.026175871875 0.4069184078125 0.0283132921875 0.40033122499999996 0.04110663125 0.401699134375 0.049015971874999995 0.4062625296875 0.052423370312499995
1 0 0 0 0.3792049890625 0.005071534375000001 0.3801569046875 0.00585081875 0.3994346375 0.0190532625 0.40191270625 0.030691585937499998 0.40027090000000004 0.0482948421875 0.403574990625 0.061076790625 0.3855672390625 0.0747052765625 0.374095534375 0.0879077171875 0.37657360156249997 0.09931620937499999 0.385092103125 0.1063911359375 0.380042896875 0.108050584375 0.39948583437499996 0.12209956250000001 0.40849995000000006 0.1446641796875 0.37319692031249996 0.157575084375 0.3641413875 0.176058503125 0.3676106828125 0.1882518265625 0.360971325 0.206185796875 0.33500257968749997 0.2161983 0.30754699375 0.215093853125 0.28310650625 0.23032008125 0.26938383125 0.25764430312500003 0.2336987375 0.2870540171875 0.20350680625 0.3131729109375 0.162493753125 0.331202209375 0.151848071875 0.3413772953125 0.1269738625 0.35676610625 0.11583256718749999 0.354226496875 0.09622442656249999 0.366487071875 0.0768433828125 0.375815621875 0.045433126562499995 0.3825990140625 0.028850321875 0.39495491875 0.024792340625 0.40529258593749995 0.0024995125 0.40356885625 0 0 0
0 0.6890625 0.3400192875 0.6739557640625 0.34627606875 0.666454790625 0.365275046875 0.667592865625 0.3833446921875 0.6751555421875 0.3860396203125 0.6809915171875 0.38203329375 0.687545071875 0.3756107984375 0.6890625 0.370501453125 0.6890625 0.3400192875
0 0.9822064015624999 0.5796875 0.9820940984375 0.5752446609375 0.9744745187499999 0.5716462499999999 0.9640005828125 0.569680315625 0.95346948125 0.578544815625 0.9532733375 0.5796875 0.9822064015624999 0.5796875
1 1 0 0.6890625 0 0.6890625 0.5796875 0.8917921828125 0.5796875 0.9153430046875 0.5659679828125 0.8994586625000001 0.5796875 0.9371217734374999 0.5796875 0.9401173171874999 0.5543563203125 0.9459642296874999 0.553285540625 0.94995273125 0.5637912187499999 0.9781055999999999 0.5647389828125 0.9825705640625 0.5417264875 0.9897755578125 0.5387423828125 0.9942072234375001 0.550415359375 1 0.5415703109375001 1 0.530820675 0.9944883296875 0.52553345 0.9978430203125 0.5142378375 1 0.5130858218750001 1 0
0 0.26394786406250004 1 0.2628185828125 0.9950081859375001 0.25220644999999997 0.9908480796875001 0.243505178125 0.9935513374999999 0.2410303578125 1 0.26394786406250004 1
0 0.27009960781250003 0.8641126359375001 0.274254884375 0.87139726875 0.2836757109375 0.8742496531249999 0.293044090625 0.858662215625 0.2941543640625 0.8469453343750001 0.2819077609375 0.840310209375 0.273206490625 0.8430134656250001 0.26910366093750004 0.8541686531250001 0.27009960781250003 0.8641126359375001
0 0.0586006671875 0.9805275109375 0.06408544375 0.9913140375000001 0.071705021875 0.9949124484375 0.079882096875 0.9780172890625 0.07303923749999999 0.9691440890624999 0.0667777421875 0.9636323546875 0.0636755765625 0.9554612703125 0.0567469703125 0.96283371875 0.0586006671875 0.9805275109375
0 0 0.9466314624999999 0.0080369453125 0.9406815640625 0.0098953578125 0.92910510625 0 0.9237438703125 0 0.9466314624999999
0 0.0824550671875 0.8310604218750001 0.085114065625 0.8380642078125 0.0907942015625 0.840214471875 0.1032361640625 0.838213334375 0.108392103125 0.8261716984374999 0.10545671406249998 0.81477956875 0.10069149375 0.8095486828125 0.0888308921875 0.814911290625 0.0824550671875 0.8310604218750001
0 0 0.8286854375000001 0.0014321796875 0.829946125 0.008332201562499999 0.8279888937500001 0.015703973437499998 0.8217837453125 0.017590968749999998 0.8047920703125 0.012244387499999999 0.796199715625 0.002046840625 0.798622125 0 0.8017188624999999 0 0.8286854375000001
0 0.5164749453125 0.638243540625 0.5224028890625 0.6501973640625 0.5309373828124999 0.6507151515625 0.5403867921875001 0.64815231875 0.5388094859375 0.6348468687500001 0.535264153125 0.6255084875 0.5219358578125 0.6251750296874999 0.5164749453125 0.638243540625
0 0.9350599390625 0.71207441875 0.934478578125 0.70871295 0.9182148921875001 0.696987365625 0.913697478125 0.7015600375 0.911810484375 0.7185517125 0.914274125 0.7341917578125 0.913468821875 0.74488176875 0.932005503125 0.751613409375 0.9340021109375 0.7422311234375 0.9350599390625 0.71207441875