0 0.0240680640625 0.029121234375 0.036224615625 0.031686298437499996 0.047126840625 0.027175125 0.0489797484375 0.020153503125 0.0445273921875 0.01380485625 0.035205685937499995 0.013641014062500002 0.0264657484375 0.01740639375 0.0240680640625 0.029121234375
0 0.8672786718750001 0.3551793921875 0.8762371921875001 0.3584720453125 0.898660396875 0.36200135625 0.8997499484375 0.3526149203125 0.8906636421874999 0.3414820328125 0.8831948468749999 0.33429656875 0.8695485703125 0.3356243171875 0.864679225 0.341809121875 0.8638620609375 0.34884895 0.8672786718750001 0.3551793921875
0 0.8297161109375001 0.3121940453125 0.8262456921875 0.3152682421875 0.8363307546875 0.317796896875 0.8417280609375 0.32494595 0.8465805921874999 0.336788221875 0.8630617125000001 0.33786169843749997 0.8600452734375 0.3370248828125 0.8634787046875001 0.325328246875 0.8653316109375 0.3183066234375 0.8646590515625 0.31515960625 0.854392396875 0.31419535781249996 0.8460156421875 0.31483192656250003 0.8297161109375001 0.3121940453125
0 0.8154937 0 0.814502803125 0.014083089062500002 0.8307115375 0.0175031734375 0.842195528125 0.0169212203125 0.8446301999999999 0.0138288171875 0.8461737312500001 0.0005313671875 0.845740046875 0 0.8154937 0
1 0.259375 0 0.259375 0.3890625 0.71007058125 0.3890625 0.70886686875 0.38766605 0.710992165625 0.37829781875 0.7220759796875 0.372222240625 0.73599464375 0.36854788437499997 0.75118445 0.3539226875 0.762614634375 0.362745375 0.7841836843750001 0.364692075 0.7958122765625 0.353923278125 0.7981191640625 0.342990640625 0.7767317046875 0.3394795328125 0.7750233984375 0.3363143140625 0.7877785312500001 0.32478151875 0.7816178671875 0.31526765 0.7782920515625 0.3081550046875 0.7854144796875 0.3004422015625 0.8001503046875001 0.28972801875 0.8083084796875 0.28203342187499997 0.818319559375 0.26731720000000003 0.814411978125 0.25627533593749996 0.818427171875 0.24850792031250002 0.8540056828125 0.2459980625 0.8508244671875002 0.2286985734375 0.8209156531249999 0.23601087656250003 0.815390559375 0.22102158749999998 0.8146810109375 0.20925213281250002 0.8154073765625001 0.202994509375 0.81640613125 0.194390278125 0.8204213265625 0.186622859375 0.821110703125 0.1717428 0.8278699484375001 0.1671588078125 0.83219451875 0.165667221875 0.8204179671875 0.1419462671875 0.8182724984374999 0.124664984375 0.8174721500000001 0.1136777328125 0.8064589578125 0.0923215921875 0.8039503031249999 0.07816912031249999 0.7871598046875 0.070819815625 0.7823442640625 0.06759998125 0.779344640625 0.048736087500000004 0.7821424968749999 0.042514871875 0.7792336718749999 0.022868775 0.7597529265625 0.0029314046875 0.7574612734375 0 0.259375 0
0 0.8903946406250001 0.147095190625 0.8830704468749999 0.12972288437499999 0.8628095265625 0.12544777812500002 0.853669415625 0.12371953124999999 0.8530338437499999 0.1291949515625 0.8637746500000001 0.1528977015625 0.8903946406250001 0.147095190625
0 0.8296690484374999 0.1695418265625 0.841153040625 0.168959871875 0.8522368546875001 0.16288429375 0.8483662640624999 0.1604648671875 0.8514734984375 0.16051948124999998 0.8509825281250001 0.155808059375 0.842024009375 0.15251540624999999 0.83373805 0.1523697703125 0.82877790625 0.159336778125 0.8296690484374999 0.1695418265625
0 0.853107825 0.146439828125 0.8500543953124999 0.1369805734375 0.844203109375 0.133742534375 0.8327191218750001 0.13432448749999998 0.8302306406250001 0.14682153125 0.8335564578125 0.153934175 0.84936501875 0.151860634375 0.853107825 0.146439828125
0 0.046898087500000005 0.6920764203124999 0.053075565625 0.6835632125 0.0488048015625 0.6756501593750001 0.037593198437499996 0.673885503125 0.0252920453125 0.6815072828125001 0.0323976578125 0.6918215578125 0.046898087500000005 0.6920764203124999
0 0.1499311859375 0.5018566421874999 0.15425575625000001 0.5003650546875 0.16719248281250002 0.487267853125 0.16310330625 0.47779039375 0.1595051046875 0.473024359375 0.14923845156249999 0.4720601109375 0.13824543125 0.47735348593750004 0.1351751859375 0.485921309375 0.1371020734375 0.4961445609375 0.1499311859375 0.5018566421874999
0 0.0738711875 0.54911531875 0.0745975546875 0.5428576953124999 0.066674778125 0.539583246875 0.05960615625 0.537891409375 0.05266531875 0.54403980625 0.04706960625 0.556482234375 0.0515219625 0.5628308828125 0.064041696875 0.562267134375 0.06891104375 0.556082328125 0.0738711875 0.54911531875
0 1 0.8124832296874999 0.9993719875 0.8120218031250002 0.9905950578125001 0.8071647437500001 0.98325405 0.8078195156250001 0.9728427953125 0.8170421093750001 0.987198621875 0.8274838171875001 1 0.8277088171875 1 0.8124832296874999
0 0.9088821828124999 0.8315938984375 0.9164955796874998 0.8285925171875 0.9323949375 0.825736771875 0.9351927953124999 0.8195155578125 0.9319577750000001 0.8116207093749999 0.9143501109375001 0.8113112328125001 0.8980875718749999 0.8172957890625 0.9088821828124999 0.8315938984375
0 0.8346885499999999 0.80912728125 0.8243680921875001 0.8175676734374999 0.8282756750000001 0.8286095375 0.8435394609374999 0.8312292140625 0.8484088062499999 0.825044409375 0.8457185609375 0.8124563421875 0.8477900500000001 0.8124927515625 0.8346885499999999 0.80912728125
0 0.7688145109375 0.7507521453124999 0.7612011140625 0.7537535234374999 0.7588942234375 0.7646861609375 0.768071328125 0.7750368468750001 0.7734316421874999 0.7735634640625 0.7800092953125 0.770543878125 0.7866777453125 0.766742090625 0.7906021421875 0.759756878125 0.7860589906250001 0.7541904328125 0.7801169078125 0.751734596875 0.7688145109375 0.7507521453124999
0 0.8493201531250001 0.6204889265625 0.8395982734375 0.6148314609375 0.8281142859374999 0.6154134140625 0.8202285 0.6207614031249999 0.8191389484375 0.6301478390625 0.8355292750000001 0.6320035171875 0.8493201531250001 0.6204889265625
0 0.818621090625 0.5094337140625 0.8426786203125001 0.498883371875 0.8485299046874999 0.5021214109375001 0.8324657734375001 0.4885144828125 0.81945506875 0.484366809375 0.80211979375 0.48171072343750004 0.8001760890625 0.4895145484375 0.8045746390625 0.5052678359375 0.818621090625 0.5094337140625
0 0.6491086234375001 0.8074330734374999 0.6425679625 0.8190750968749999 0.6447134312499999 0.8363563812500001 0.660249603125 0.8366294484375001 0.6733679203125 0.8219678406250001 0.6643724093750001 0.8100527515625 0.6491086234375001 0.8074330734374999
0 0.49875409687500005 0.9403876015625 0.49749977031250003 0.933311365625 0.4842704859375 0.9221056609375001 0.4768386781249999 0.9235426359375001 0.4721879140625 0.9367854718749999 0.48757948593750006 0.9472453828125001 0.49875409687500005 0.9403876015625
0 0.47938016250000004 1 0.47942466874999995 0.9996165749999999 0.4758264656250001 0.9948505390625 0.4628157609375 0.9907028656249999 0.45249530312499997 0.99914325625 0.45247691718750005 1 0.47938016250000004 1
1 0.259375 0.3890625 0.259375 0.8875291453124999 0.2663437125 0.886139565625 0.280827325 0.9044215078125 0.30068806875 0.9032029890625001 0.32252950625 0.9028030796875001 0.33519384375 0.8920524875 0.329614946875 0.8864678390625 0.36226781093750005 0.8823389625000001 0.3792937109375 0.8787192203124998 0.37422595625 0.9044955109374999 0.3938513015625 0.9142460374999999 0.4128410765625 0.929471984375 0.43072112812499996 0.9274348531250001 0.45741509843749995 0.9388772171875001 0.46382797500000006 0.9193949609375001 0.443257678125 0.9088440265625 0.4311919234375 0.905496759375 0.44129380156250003 0.8899983375 0.449926128125 0.9050422390625 0.4760383328125 0.912555384375 0.46962209843749997 0.887361046875 0.46220710781249996 0.87077094375 0.47356330937499996 0.8623487546875002 0.4796331796875 0.8726448265624999 0.49197132187500003 0.873645484375 0.499675515625 0.8698619015624999 0.5250781671875 0.865605590625 0.55197054375 0.8574564718750001 0.578190359375 0.8461603359375001 0.590874871875 0.862059259375 0.608482534375 0.8623687359375001 0.61636831875 0.8570207468749999 0.6213486359375 0.8767032531249999 0.6358692375 0.903607634375 0.6540586671874999 0.9078463296875 0.6529489421875001 0.8905832499999999 0.649367553125 0.8677901359375 0.6464587265625 0.8481440390625 0.6372446359375 0.8291709171874999 0.6318103390625 0.8133994250000001 0.6304282265625 0.7984829546875 0.6431833593749999 0.786950159375 0.6596812984375 0.7699965578125 0.669984940625 0.7795832421875 0.6875926046874999 0.7798927203125 0.7020930328125 0.780147584375 0.7175922156250001 0.7717982140625 0.7100864296875 0.7559903140625 0.7164085109375 0.7372902609375 0.7222766140625 0.722501221875 0.7483888171874999 0.7300143671875 0.741464796875 0.7181356843750001 0.746515734375 0.7103864734374999 0.7824776015625 0.73139731875 0.830414428125 0.756537634375 0.792307090625 0.7182455062499999 0.7635046421875 0.69814429375 0.7605050203125 0.6792803984375 0.7779848984375 0.6717496421875 0.7748036828125 0.654450153125 0.785359540625 0.635040715625 0.794388684375 0.61090165 0.8005661609375 0.6023884390625 0.7864827234375 0.5896001234374999 0.7961844265625 0.568608075 0.8033068562499999 0.5608952703125001 0.7996716625 0.547506796875 0.8141889062499998 0.5297345828125 0.803485090625 0.514654271875 0.79381701875 0.4995921640625 0.78901829375 0.4783452515625 0.7776789046875 0.4687403609375 0.7732803546875 0.45298707499999996 0.7738789374999999 0.438889215625 0.76753668125 0.4309397546875 0.7676812828124999 0.4207529109375 0.750998396875 0.3945943265625 0.7438316687500001 0.3890625 0.259375 0.3890625