0 0.24681314531249998 0.0229388671875 0.2367869125 0.02963503125 0.23670993125 0.039159453125 0.24205500156249998 0.0479209140625 0.24918978749999998 0.0479740109375 0.254284690625 0.0451429546875 0.2568489859375 0.036325596875 0.2557039609375 0.029087259375 0.24681314531249998 0.0229388671875
0 0.33535074531250003 0.24726301875 0.33338784375 0.234854440625 0.3304098078125 0.23104523124999998 0.3251080328125 0.2275630046875 0.313609625 0.2249527359375 0.31137247968750004 0.2358381890625 0.31300823125 0.24617867031250001 0.317251571875 0.2529810296875 0.327200821875 0.2558092875 0.3360483390625 0.2566784453125 0.33535074531250003 0.24726301875
0 0.36046917343749996 0.3409785171875 0.35899699687500003 0.3316720828125 0.35226634375 0.3241626609375 0.3448044078125 0.3220414671875 0.33522560625 0.32656053906250004 0.3348647703125 0.3392961 0.3355623640625 0.348711528125 0.34107101093750003 0.3585070359375 0.353016846875 0.358940215625 0.35855917812500004 0.353932065625 0.36046917343749996 0.3409785171875
1 0.2824879296875 0 0.293735315625 0.01422210625 0.3316223140625 0.0384886921875 0.3306937703125 0.05764653125 0.315081909375 0.06407160625 0.30640757500000004 0.084319390625 0.33625531875000003 0.092804165625 0.3426251375 0.11304915156249999 0.3495626609375 0.126871859375 0.367094125 0.12757612499999998 0.3694274703125 0.147332034375 0.372535396875 0.16697894687499998 0.367887921875 0.1676329140625 0.3565963859375 0.171335928125 0.358078171875 0.20072525312499997 0.362003971875 0.22554240781249998 0.3773415859375 0.2424113625 0.3826096734375 0.2606972453125 0.3994964453125 0.2773482109375 0.41455020625000005 0.297428303125 0.41851930312499996 0.3275246953125 0.3955321 0.342387046875 0.427092578125 0.351687884375 0.4303207828125 0.36708961093750003 0.45091687656249996 0.3821615546875 0.46653834375000003 0.395819371875 0.465566503125 0.409697975 0.47890753124999996 0.428962009375 0.4880389046875 0.4266200265625 0.48995850937499996 0.43374936875000003 0.5890625 0.42048519375 0.5890625 0 0.36163235781249997 0 0.3615711203125 0.002562496875 0.35942056718750004 0.0240064203125 0.34200938125 0.019056967187500003 0.3194599984375 0.0116593390625 0.3087757125 0 0.2824879296875 0
0 0.8208732874999999 0.01751480625 0.8137817984375 0.022740940625 0.815581121875 0.034115471875 0.8210897671874999 0.043910979687500004 0.8323813031249999 0.0402079671875 0.8310294062500001 0.026656345312500003 0.826131765625 0.015717795312499998 0.8208732874999999 0.01751480625
0 0.686317659375 0.3281988109375 0.6947947328125 0.321720634375 0.6934428374999999 0.308169015625 0.6857740296875 0.2997345390625 0.6773739390625 0.296688290625 0.6721587578125 0.303764534375 0.6731402078125 0.3099688234375 0.67909628125 0.317587240625 0.686317659375 0.3281988109375
0 0.717632721875 0.421042353125 0.7172189796875 0.4084157859375 0.7058408515625001 0.4015603296875 0.6874145296874999 0.40521024531250005 0.6830172234375 0.41745673125 0.6582739906249999 0.42622379062500004 0.6837148187500001 0.4268721578125 0.6882853109375 0.4357426140625 0.705282753125 0.4280654984375 0.717632721875 0.421042353125
1 1 0.4390625 1 0.0986704125 0.98982285625 0.0994477015625 0.97461513125 0.098416453125 0.963203315625 0.1063646546875 0.95305680625 0.1173060046875 0.945878725 0.11197367031250001 0.9338462968750001 0.10098202187500001 0.9133367953124999 0.0964685484375 0.907347034375 0.10365378750000001 0.9113594265625 0.1390294125 0.9116095953125001 0.15062193125 0.8989324765625 0.15557698281250001 0.9059132968749999 0.1746789234375 0.903151740625 0.197265890625 0.8844848609374999 0.20940617968750003 0.88223810625 0.200208740625 0.8656015 0.1951502953125 0.8588034734375001 0.217248184375 0.8739775140624999 0.23308309062500002 0.8758201343750001 0.24973685625000003 0.8691760734375 0.25278590312500004 0.8686949578125001 0.2697666515625 0.856147728125 0.2905594078125 0.8445723390625 0.29747355937500003 0.8305288546874999 0.3438464328125 0.8220613906249999 0.3704074984375 0.8309618171875 0.396638784375 0.8281569640625 0.4139465140625 0.8101347750000001 0.4101401046875 0.804515459375 0.42467267656249996 0.7925696249999999 0.424239496875 0.78675506875 0.4390625 1 0.4390625
0 0.29929548437500003 0.4817091546875 0.2957497375 0.48432222343750003 0.2911022640625 0.484976190625 0.29278131093750004 0.50059590625 0.2970246515625 0.5073982671875 0.30664674999999997 0.508158428125 0.31113065 0.5064704125 0.3113279109375 0.4927008046875 0.30891758281250004 0.4824693171875 0.29929548437500003 0.4817091546875
0 0.5034668046874999 0.47094940625000004 0.49889631406249996 0.46207895 0.4948165484375 0.4563106390625 0.4855215984375 0.45761857343749995 0.48059027031249996 0.46148367968750004 0.47994557968749996 0.47743037812499994 0.48916354531249995 0.48564686718749994 0.4943017453125 0.48809504531250003 0.5046118296875 0.47818774218750004 0.5034668046874999 0.47094940625000004
0 0.5873434546875 0.4390625 0.5824642546875001 0.43974907500000004 0.5741074609375 0.4419820625 0.5764408078125001 0.46173797343749995 0.5769315328125 0.4648401171875 0.588473234375 0.472729621875 0.5890625 0.47245161874999997 0.5890625 0.43920176875 0.5883029265624999 0.4390625 0.5873434546875 0.4390625
0 0.1777778109375 0.7747025484375 0.16431650312499999 0.7596837015625 0.15396312343750002 0.7643117687500001 0.1540497140625 0.7748702390625001 0.15531501875 0.7778633890625001 0.1628202515625 0.7852638171875 0.1718313453125 0.7871670234374999 0.1790864109375 0.7829749328125001 0.1777778109375 0.7747025484375
0 0.025455128124999997 0.8479327640625 0.041110284375 0.846786925 0.05970018125 0.8441710562499999 0.07486461093749999 0.8399230703124999 0.07575946875 0.8355688890625 0.0673160828125 0.8272434046875 0.050232048437499996 0.8243620500000001 0.043056429687499995 0.824179175 0.0415048078125 0.81924770625 0.034206446875000004 0.818160559375 0.025892949999999998 0.8256727828124999 0.0219430703125 0.8357421765625 0.025455128124999997 0.8479327640625
0 0.1469292890625 0.8900352609375 0.158143840625 0.8958566671875001 0.172293134375 0.90020805 0.1830169625 0.9029273140625002 0.19447207187499999 0.9002583484375 0.1964253640625 0.8925840359375 0.1931971578125 0.8771823062500002 0.1866733765625 0.8759861656249999 0.1828774640625 0.8670067171875001 0.173582515625 0.86831465 0.1643308640625 0.8749018203125001 0.15132659531249998 0.877788775 0.1309036859375 0.8838337687500001 0.1469292890625 0.8900352609375
1 0.5890625 1 0.5890625 0.5196744609375 0.582786546875 0.51686950625 0.5655822328125 0.5182333359375 0.56261380625 0.5345070187500001 0.5509951203125001 0.5361419359374999 0.538361296875 0.5463762234375 0.516018784375 0.5452918765625 0.4969477734375 0.5648884921875 0.4853290875 0.5665234109374999 0.46392472968750004 0.5663641171875 0.4549136359375 0.5644609125 0.44500768281249997 0.5669118875 0.4385704921875 0.5762742171874999 0.43368245937500005 0.5854185578125 0.4244644953125 0.5772020687499999 0.408886321875 0.5688234890625 0.3948573078125 0.5602269203125 0.38189633437500003 0.568393109375 0.3900654765625 0.6000126234375001 0.389541065625 0.6117141375 0.3862454875 0.6259197234375 0.382949909375 0.6401253109375 0.37981790625 0.6553649453125 0.3741985921875 0.6698975171875 0.35903416093749996 0.6741455015625 0.3454092796875 0.6580926078125 0.335830478125 0.6626116796874999 0.333025625 0.6799194125 0.35260658125 0.703590725 0.3534677515625 0.7140402 0.3451542546875 0.7215524234374999 0.3474876 0.7413083328125 0.3426428625 0.7557319078125 0.3235189453125 0.749966396875 0.32153196875 0.77244436875 0.3087874765625 0.807006734375 0.29759214218749996 0.8413511109375001 0.30127738437499996 0.8746586390625 0.2836689390625 0.883478796875 0.27303170312499997 0.8913180031250001 0.2647615015625 0.904109459375 0.2737822046875 0.9260955578125 0.2879411078125 0.9505298312499999 0.28604072187499996 0.9835662734374999 0.29485455625 0.9992390890625 0.30553508749999997 0.9966791171875 0.3056198515625 1 0.5890625 1
0 0.727685021875 0.48156762343750004 0.7339249484375 0.4859749015625 0.7401215828125001 0.48510294531250003 0.74692921875 0.4830879484375 0.7510859671875 0.4793318375 0.7510426703124999 0.4740526 0.7497340718750001 0.465780215625 0.7481416171874999 0.4607189703125 0.7445525749999999 0.4580528046875 0.7337084703125 0.4595787265625 0.7299221671875 0.47068216874999996 0.7287001578125001 0.4729682546875 0.727685021875 0.48156762343750004
0 0.8384402124999999 0.44589851718749995 0.8328112875 0.44034819687500004 0.8272256609374999 0.44007710937500005 0.8218036078125 0.440840071875 0.8145918375000001 0.450311396875 0.8147217265625001 0.4661491015625 0.8278125875000001 0.4738206171875 0.83417279375 0.473982709375 0.840937134375 0.46668847500000005 0.8417886953125 0.457055059375 0.8384402124999999 0.44589851718749995
0 0.6543453234375 0.578566953125 0.65993095 0.5788380375 0.6653097078125 0.5727958421875 0.6646121109375 0.563380415625 0.6636306609375 0.5571761265624999 0.6559618546875 0.5487416484375001 0.6460559015625 0.551192625 0.6443864640625 0.5556558 0.6448002078125 0.5682823671875 0.6484325453124999 0.5762277703125 0.6543453234375 0.578566953125
0 0.5890625 0.6512186343749999 0.5946545828125 0.6567326281250001 0.6047241109375 0.6553157000000001 0.6158520703125 0.6505786375 0.6159723500000001 0.64633345 0.6141730234375 0.6349589203125 0.6004278640625 0.6231512140625 0.5933363734375 0.62837735 0.5904016328125 0.629847375 0.5890625 0.6308342609375 0.5890625 0.6512186343749999
1 0.5890625 1 1 1 1 0.5727328359375 0.9993793562499999 0.572298284375 0.9739722140625 0.5568462578125 0.952197409375 0.549339634375 0.92541429375 0.5552225375 0.907021659375 0.544068796875 0.8926221999999999 0.5281248953125 0.8816145171875001 0.5286167703125 0.8717855484375001 0.521543325 0.8544609546874999 0.5271523421875 0.8392099312500001 0.520841859375 0.8250269515624999 0.5312941328124999 0.82049975625 0.5277029125 0.8051717515625001 0.5309168515625 0.7845082859375 0.5454522203125001 0.7735006046875 0.5459440953125 0.7600056109375 0.5457289046875 0.7580523203125 0.5534032203125 0.7486370921875001 0.5589563421875 0.7329819359374999 0.5601021828125 0.7231529671875 0.5530287375 0.707618090625 0.549929390625 0.7151329328125 0.5774127124999999 0.703384359375 0.563209925 0.6895189203125 0.5556474031249999 0.6750087890625001 0.5640315828125 0.6788479984375 0.57829026875 0.6952440453125 0.5918390890625 0.686930546875 0.5993513109374999 0.6764568859375 0.608224565625 0.67347885 0.60441535625 0.6612058640625 0.60191408125 0.6526085125 0.6126374421875 0.6393203890625 0.6187355375 0.6341918 0.6363702515625 0.6319546546875 0.6472557046875 0.637179446875 0.660262353125 0.6283752234375 0.66467243125 0.6224191484375 0.6570540125 0.6109207421875 0.65444374375 0.6006106578125 0.6643510453125 0.6088134859375 0.6811669015625 0.5984601046875 0.68579496875 0.590464146875 0.675292396875 0.5890625 0.6799884374999999 0.5890625 0.7027720265624999 0.603160484375 0.7105031296875 0.5890625 0.7307757640625001 0.5890625 1