0 0.3655054953125 0.28536395468750003 0.351872734375 0.28359729218749996 0.3465953984375 0.29095576562500003 0.345865615625 0.2962823390625 0.354116784375 0.30616841250000004 0.36444313125 0.3086980578125 0.3759162796875 0.3028573734375 0.376238953125 0.2927122 0.3655054953125 0.28536395468750003
0 0.34044438125 0.335851175 0.3508749828125 0.33761988125000003 0.3509792375 0.3368589421875 0.3467543546875 0.32874566562499996 0.33769888125 0.30136003906250003 0.332337109375 0.2937547390625 0.3209781265625 0.290972128125 0.3072411109375 0.28996640625 0.3034035140625 0.30239644375 0.3087652875 0.31000174375 0.3182575984375 0.3186189015625 0.3288868 0.3267280859375 0.34044438125 0.335851175
0 0.2860275 0.3201612328125 0.298721971875 0.32877634843750003 0.3070873046875 0.330039125 0.31567105624999997 0.32191766875 0.31216604375 0.316340175 0.302256715625 0.310766771875 0.2927544921875 0.3100119703125 0.2860275 0.3201612328125
1 0.459375 0 0 0 0 0.2799857765625 0.01873405 0.292433309375 0.031542684375000005 0.2924251265625 0.031353996875 0.27822229374999996 0.0426087234375 0.28176584375 0.0526024890625 0.30230301875 0.08161060625 0.31648744375 0.091842609375 0.31191567187499997 0.1054654625 0.3215446890625 0.1128925046875 0.3296559203125 0.137884246875 0.334205190625 0.1401679375 0.3253268875 0.14864743281249998 0.31796636875 0.16877885625 0.32683035625 0.170134165625 0.3169381484375 0.165710684375 0.3024843953125 0.17945761093749998 0.29562775937499997 0.1912237 0.3032289703125 0.19896350625 0.3090573828125 0.2083713828125 0.30271076875 0.22468502968749998 0.3082800796875 0.249686684375 0.304966996875 0.270349290625 0.30216393125 0.2857444671875 0.298856984375 0.2958722171875 0.29504615156249997 0.2979473984375 0.287689725 0.31127730468750003 0.28387684687500003 0.3293533671875 0.28437254843750004 0.3267965578125 0.2640842484375 0.335797328125 0.2529190359375 0.35191237656249996 0.25214786875 0.3478960015625 0.24251271562499999 0.3644181578125 0.24656014843750002 0.37204380000000004 0.26101185625 0.38009636874999997 0.26455744999999997 0.3952731265625 0.2706347359375 0.406746275 0.26479405312500004 0.42306983281250005 0.26250100781249996 0.423089653125 0.24677629687499997 0.40976965468750004 0.24272681718750003 0.4053362640625 0.23613542187499997 0.409268203125 0.2308068015625 0.42032433124999996 0.22800987187500002 0.42384916562499997 0.217862653125 0.43459252968750006 0.21734854375 0.45059341562500005 0.225200671875 0.43120168281250004 0.20314775468750002 0.45259407031250004 0.195018115625 0.459375 0.19277614062499998 0.459375 0
0 1 0.21074657812500003 0.9967689656250001 0.21025884218750002 0.9858170906249999 0.21229483125 0.9810511156249999 0.2237109640625 0.9818653312500001 0.23334816093750002 0.9907420250000001 0.2386686 0.9978662140625 0.241200290625 1 0.2408036125 1 0.21074657812500003
1 0.459375 0 0.459375 0.3390625 0.9172188890624999 0.3390625 0.9177975734375 0.3348387578125 0.9233876750000001 0.32519746875 0.9317629203125 0.318597890625 0.9265153109375 0.30236929375 0.9172414171875001 0.28436790156249997 0.9245939374999999 0.269653003125 0.9210044906250001 0.2491117359375 0.9244349796875 0.2318631 0.9227022937499999 0.2133496421875 0.9222206625 0.1857049140625 0.9070736359375001 0.156040559375 0.8920209515625 0.1334776234375 0.8885357593750001 0.11217541875 0.8784377421875 0.09239918124999999 0.8663886187500001 0.06349372187499999 0.8602027203125001 0.05411357812499999 0.8404982249999999 0.034343478125 0.8208979843750001 0.013812439062500001 0.822081590625 0 0.459375 0
0 0.95065795625 0.2430058140625 0.960472940625 0.24147780000000002 0.9628608843750002 0.23183855625 0.9582189859374999 0.2267690375 0.9482054 0.22195657343750003 0.940768446875 0.2217077 0.9378691421875001 0.22728928437499998 0.93785923125 0.235151640625 0.95065795625 0.2430058140625
0 0.9312261906250001 0.08881472343749999 0.9405099937500001 0.0989537609375 0.9484583093750001 0.1032602953125 0.9558009171874999 0.096407753125 0.9546739375 0.0890533703125 0.95509095625 0.08600961562500001 0.9494164203125 0.08068713125 0.9379531812499999 0.0786654609375 0.931955971875 0.08348815000000001 0.9312261906250001 0.08881472343749999
1 0 0.3390625 0 0.8076836296875001 0.0341788140625 0.8090699265625 0.041724962500000004 0.7998152828125 0.0847241703125 0.8159004140625001 0.096148559375 0.814997971875 0.11326765624999999 0.8275190531250001 0.116888928125 0.84691153125 0.1445971671875 0.846297071875 0.14825341875 0.8379400562499999 0.17377723125 0.8349399390624999 0.176598234375 0.8143498203124999 0.2036582328125 0.8459609640625001 0.244782678125 0.903223921875 0.214259034375 0.8235755874999999 0.2122089203125 0.8110448781249999 0.2366288625 0.8161017640625001 0.2707793796875 0.8142896624999999 0.28572570937499997 0.815175259375 0.3118394640625 0.8261986890624999 0.32048948906249997 0.8088870453125001 0.307739240625 0.8011372734375 0.32953078593749996 0.7703900703125 0.3473741359375 0.78678965 0.36099460781250003 0.77902303125 0.3577296296875 0.76619471875 0.36841810625 0.7706636125 0.404484425 0.7915272703125 0.402568621875 0.768851509375 0.3875112984375 0.7596113046874999 0.3783063109375 0.7351499109375 0.3888837921875 0.7312641953125001 0.4230343078125 0.72945209375 0.430469465625 0.7118428421875 0.42769509843750003 0.6954336390625 0.447401553125 0.6799052171875 0.459375 0.6864874546874999 0.459375 0.384512925 0.45907638124999994 0.3839034203125 0.4326296453125 0.347816165625 0.42248614843750004 0.3390625 0 0.3390625
0 0.18102584375 0.9653279765625001 0.17935534687500002 0.9408617687499999 0.157254140625 0.9280454875 0.15578231250000002 0.9387881562499999 0.16450835156250002 0.9575806109375 0.17347969531250002 0.9745826187500001 0.18102584375 0.9653279765625001
0 0.1786544109375 0.9184836125 0.163340121875 0.9202836828125001 0.1687895234375 0.9354976531249999 0.180079603125 0.9447402640625 0.19028912656250002 0.9435402171875001 0.188606971875 0.9283238421875 0.1786544109375 0.9184836125
0 0.1702963296875 0.8970054906249999 0.1712775484375 0.8898437093750001 0.1658281484375 0.8746297421874999 0.149666953125 0.8734465390625001 0.1467466125 0.8764322171875001 0.1498889390625 0.8901557546875001 0.151214796875 0.8988079687500001 0.1581360265625 0.9032792687499999 0.1632407890625 0.9026792453125001 0.1702963296875 0.8970054906249999
0 0.459375 0.7284730843749999 0.44698695781250003 0.7195902078125 0.4324085875 0.71601894375 0.4294765890625 0.728254453125 0.443797996875 0.74286599375 0.4519340921875 0.747634896875 0.459375 0.74550650625 0.459375 0.7284730843749999
0 0.8978544281249998 0.9809108156249999 0.8864954453125 0.9781282046875 0.8735825546874999 0.9788973249999999 0.872957028125 0.9834629609375 0.876045021875 0.992084209375 0.8883323843750001 0.9958807234375 0.898460134375 0.9920698921875001 0.899189915625 0.9867433171875 0.8978544281249998 0.9809108156249999
0 0.7954018015625 1 0.7802930203124999 0.9898627546875 0.7634581015624999 0.9880981390624999 0.7606630484375 0.9929187828125 0.765282496875 1 0.7954018015625 1
0 0.7653644125 0.950814165625 0.785088728125 0.9548595531250001 0.7974902546875 0.9500327734375 0.8021519781249999 0.9393775796875001 0.7995753453125 0.9348139906250001 0.789561759375 0.9300015265624999 0.7730396031250001 0.9259540937499999 0.76870055625 0.9264641140624998 0.758458640625 0.9388982406250002 0.7653644125 0.950814165625
0 0.7001692828125 0.881362784375 0.7021402078125 0.8747672968749999 0.7031827546875 0.8671579046875 0.689654246875 0.8646303046875001 0.673226434375 0.8676842890625001 0.673216525 0.8755466437500001 0.6841584875000001 0.8813730109375001 0.7001692828125 0.881362784375
1 1 0.3390625 0.459375 0.3390625 0.459375 0.75724074375 0.466361740625 0.75723628125 0.46789582812499997 0.7694092609375 0.48616058124999995 0.7841077984375 0.48001947500000003 0.8211408500000001 0.4999423890625 0.8315267171875 0.509767284375 0.8221363453125001 0.5464208640625 0.8350477656249999 0.5632656953125 0.8289500265624999 0.5668004390625 0.8109404515625 0.574748753125 0.8152469859375 0.592482321875 0.8416125718749999 0.6169627046875 0.842104184375 0.6118193515625 0.8251146500000001 0.620810209375 0.8218117921874999 0.6294684859374999 0.8365164640625 0.6573397156249999 0.8512088640624998 0.6698454968750001 0.8456211437500001 0.6729533125 0.8385176828125 0.7164381375 0.8405188984375 0.72130836875 0.8283418265625 0.7371007421875 0.8377158343750001 0.7480327984375 0.8514045578125 0.7678613671875001 0.8546890062500001 0.7820998359375 0.8676147437499999 0.8038894203125 0.8721660625000001 0.8126816828125 0.8625227265625 0.8273569875 0.8566799968750001 0.85062595625 0.8348534531249999 0.862818975 0.8315485515625 0.915200315625 0.82314549375 0.9136662296875 0.8109725140624999 0.934328834375 0.8081694484374999 0.96014470625 0.8144935640625001 0.9733802687499999 0.8035792687499999 0.9927819093749999 0.8177698296875 1 0.827402346875 1 0.3390625