0 0.055607101562500004 0.04200346875 0.07123130625 0.0422763296875 0.0743016078125 0.0376412578125 0.068929915625 0.023481375 0.058486504687499996 0.020954646875 0.053305707812500006 0.023208515625000002 0.0419388578125 0.0308244890625 0.055607101562500004 0.04200346875
0 0.2916299484375 0.0992638453125 0.302887715625 0.0822685859375 0.295523696875 0.07588839375 0.28422047968749997 0.08897561875 0.28115926875 0.094392296875 0.2727445484375 0.0872123078125 0.254964390625 0.0806502078125 0.2613413375 0.0917018515625 0.2623647703125 0.090156828125 0.2792033046875 0.1052984140625 0.2783434953125 0.12091236718750001 0.28361519375 0.126474571875 0.2929897203125 0.12663828593749998 0.299221221875 0.1251842171875 0.3032876859375 0.1166593015625 0.30005376093749997 0.1072254421875 0.2916299484375 0.0992638453125
0 0.38829095625 0.0829786140625 0.383037434375 0.078979625 0.3747317953125 0.0811789203125 0.36140898125 0.09970101406250001 0.3542540390625 0.11129778593749999 0.3554229140625 0.1222584765625 0.3699691484375 0.1193867171875 0.38240488125 0.1141337546875 0.3927392078125 0.10728119843749999 0.3915885125 0.097883721875 0.38829095625 0.0829786140625
1 0 0.51875 0.41875 0.51875 0.41875 0.1857314765625 0.3997615578125 0.17382694999999998 0.3837737421875 0.14228980468750002 0.3767460625 0.1648290765625 0.3352178640625 0.17582555625000001 0.3100645984375 0.16210165781250002 0.3005900828125 0.1533402640625 0.28280992656250004 0.1467781671875 0.2755822609375 0.15212208124999999 0.2607996859375 0.13467205468750001 0.2451663875 0.1336175875 0.23581913437500002 0.13579869375 0.2118620171875 0.13538030625 0.21309452499999998 0.15181224843750002 0.1860216578125 0.152120896875 0.1610138375 0.1509027140625 0.15063405937500002 0.1538472359375 0.15455507968749999 0.13281660625 0.13577876093750002 0.13014435156249998 0.12515354843749998 0.11198548125 0.109529340625 0.1117126203125 0.0867138296875 0.1199101046875 0.0941869296875 0.1356695828125 0.0942687421875 0.142704046875 0.0858722015625 0.137087271875 0.04895211875 0.09658863437500001 0.0488339453125 0.0864277421875 0.036307309375 0.08386463125 0.01927788125 0.05230929375 0.0141152625 0.056126376562500004 0.0237079515625 0.0750486640625 0 0.06444518593750001 0 0.0758445359375 0.029170546874999998 0.0970246171875 0.0428842390625 0.1121116328125 0.0703479859375 0.1454120890625 0.0736273609375 0.158753984375 0.0799952171875 0.1690240203125 0.074887140625 0.1775307453125 0.06433465000000001 0.16562473125 0.0497247859375 0.1630252421875 0.039345009375000004 0.1659697625 0.0352421859375 0.17136825 0.005035385937499999 0.1708407203125 0 0.17295097343750002 0 0.51875
0 0.41875 0.294328403125 0.42002784843749996 0.2949229296875 0.42731914375 0.2950502640625 0.44828777343750004 0.30713818593750003 0.4409419359375 0.3023212078125 0.43876780625 0.2944687546875 0.44703708437499995 0.2891430296875 0.43656640468749996 0.2842714796875 0.43229086875 0.27481943124999997 0.4208240265625 0.2738377265625 0.41875 0.2739962171875 0.41875 0.294328403125
0 0.5374847703125 0.27587508125000004 0.536352253125 0.2680408203125 0.5321585296875 0.26562323593750004 0.5207007765625 0.2654231375 0.517657746875 0.27240303125 0.5176941078125 0.275529459375 0.5177395578125 0.279437496875 0.52090985 0.283400103125 0.5292518515625 0.2843272359375 0.5365067875 0.281328140625 0.5374847703125 0.27587508125000004
0 0.7250116109375 0.28227583125 0.7228283921875001 0.273641771875 0.71441366875 0.2664617828125 0.70710419375 0.2647712328125 0.6998310765625 0.2662071140625 0.6925943203125 0.2707694203125 0.691661790625 0.280130515625 0.6927306734374999 0.282493528125 0.6958827859375 0.284892921875 0.7021779203125 0.2889101015625 0.7094692171875 0.2890374359375 0.719867175 0.2876561296875 0.7250116109375 0.28227583125
0 0.6425551687500001 0.3558548640625 0.6383523531249999 0.35265567343750004 0.6320753984375 0.35020170781250004 0.6258348078125 0.3508741703125 0.6196305750000001 0.35467306249999997 0.614495228125 0.3608349671875 0.6145861296875 0.3686510375 0.6177382421875001 0.37105043125 0.623987925 0.37115957499999996 0.63022851875 0.3704871125 0.6354093140625 0.3682332453125 0.6416226359375 0.365215959375 0.6425551687500001 0.3558548640625
0 0.5480175093749999 0.4651695375 0.5397209609375 0.468150440625 0.5439692265625 0.47525766718750007 0.5533619328125 0.47698459687500006 0.5637780703125 0.47716650468750005 0.571023915625 0.47338580312499995 0.5709330125000001 0.46556973125 0.5604986953125 0.46382461093750005 0.5480175093749999 0.4651695375
0 0.8399088546875 0.1326814015625 0.8325721078124999 0.12864603125000001 0.822146878125 0.127682515625 0.8159153765625 0.1291365875 0.81492830625 0.1338080390625 0.8191493015625 0.13857044375 0.8254717046875001 0.1449324453125 0.8307070453125001 0.14736822031250002 0.8390399546874999 0.14751374687500002 0.8463130718749999 0.146077865625 0.84837811875 0.144551034375 0.8472637828125 0.1382799859375 0.8451532859374999 0.1358987828125 0.8399088546875 0.1326814015625
0 0.87903566875 0.0942922890625 0.8769797125000001 0.0966007296875 0.8749055734375 0.0973459546875 0.8749419343749999 0.1004723828125 0.8749873859375 0.10438041875 0.8729859703125001 0.111378503125 0.8824059453124999 0.1154502546875 0.8907479453124999 0.1163773859375 0.9000770187499999 0.112633065625 0.8999861171875001 0.1048169953125 0.8988808718750001 0.0993275546875 0.8957105796875 0.095364946875 0.8873594875 0.09365620625 0.87903566875 0.0942922890625
0 0.778693746875 0.24179656718750003 0.7786210265625 0.23554371093749998 0.7712297359375 0.22681869843750002 0.7638929890625 0.22278332656250002 0.7545548265625 0.2257460390625 0.7515299750000001 0.234289146875 0.7515481578125 0.2358523609375 0.756865309375 0.2453226 0.7673087171875 0.247849328125 0.778693746875 0.24179656718750003
0 0.2510087078125 0.563471190625 0.26557312187500004 0.5621626453124999 0.2717228125 0.5536741109375 0.26645111093749996 0.5481119078125001 0.25910527499999997 0.54329493125 0.254929728125 0.5424405609375 0.24763843125 0.5423132265625 0.24359015 0.5524013562500001 0.24469539375 0.557890796875 0.2510087078125 0.563471190625
1 0 1 0.41875 1 0.41875 0.5463750515625 0.41225886093749997 0.5490953875 0.3830391328125 0.54389640625 0.376943984375 0.5570745828125 0.384417084375 0.5728340624999999 0.3844807171875 0.5783053125000001 0.3645537015625 0.5662355828125001 0.351927071875 0.55507479375 0.33858607812499997 0.572033671875 0.324085296875 0.5788134671874999 0.3197733984375 0.566234990625 0.3009879890625 0.5627811281249999 0.2822389421875 0.562453696875 0.2793049953125 0.578812875 0.28459487656250004 0.5859382937500001 0.25118142187500003 0.5783217265625 0.24393557812500002 0.582102428125 0.2471604109375 0.5907546796875 0.224090375 0.5770671625 0.199082553125 0.575848978125 0.17097716093749998 0.5769210453125 0.134620671875 0.5848820515625001 0.12629685156249998 0.5855181328125 0.11908736718749999 0.5924252625 0.11922372031249999 0.60414936875 0.10266698125 0.6132376046875 0.0954120453125 0.6162366984375 0.0882480140625 0.6270518625 0.056076157812500006 0.6366488453125 0.045796371875000005 0.648191046875 0.0230172234375 0.6595149578124999 0 0.6660444546875001 0 1
0 0.48900081718750005 0.9525333374999999 0.47545075 0.951515253125 0.46300592656250006 0.9559866078125001 0.47348569375 0.9616397625000002 0.477706690625 0.9664021703125 0.48398364374999997 0.9688561359375001 0.49545048593749996 0.9698378390624999 0.49539594375 0.965148196875 0.4953232234375 0.9588953390625001 0.48900081718750005 0.9525333374999999
0 0.6336738625 0.6768642687499999 0.6349518234375 0.6972042453125 0.6413560390624999 0.7106007109375 0.6549333781250001 0.71396361875 0.6643079015625 0.714127334375 0.666282046875 0.70478443125 0.6620155999999999 0.6961139890625 0.65253199375 0.6865709875 0.641961321875 0.6731017593749999 0.6336738625 0.6768642687499999
0 0.7659588140625 0.679174484375 0.7554245015625 0.6688316859375 0.7419289734375 0.6725032421874999 0.7420835078125 0.6857905625 0.7432160234375 0.6936248265625 0.7453537921875 0.69835085 0.75166710625 0.7039312453125 0.7600091078125001 0.7048583765625 0.7619559812500001 0.69317065 0.76605880625 0.6877721640625 0.7659588140625 0.679174484375
0 0.731712821875 0.6895166921875 0.72551768125 0.6940971921875 0.7277463515625 0.7066392859375 0.7361156203125001 0.709911240625 0.746531759375 0.7100931484374999 0.7527632609375 0.7086390781249999 0.7526541796874999 0.6992597921875 0.7463045046875 0.6905529703125 0.7369118 0.6888260390625 0.731712821875 0.6895166921875
1 1 1 1 0.7975278031249999 0.9985242421875 0.7973274578125 0.983778025 0.783003859375 0.960817071875 0.778695628125 0.9420134828125001 0.7736785546875 0.933744203125 0.779004278125 0.9265619890625001 0.7882562296875 0.9213539203125001 0.7881652765625 0.9170420234375001 0.7755867999999999 0.8962188375 0.77600459375 0.8984565984374999 0.7893282953125 0.904760821875 0.7941270828125 0.882941475 0.7984347203125 0.8630235484375 0.7871465984375 0.8360415828125 0.7952713203125 0.8232786031250001 0.772386425 0.8128897343749999 0.774549340625 0.7961421015625 0.7672238234375 0.780590615625 0.773203821875 0.779648996875 0.781783309375 0.7589530734375 0.793143603125 0.73072041875 0.7832731703125 0.729824246875 0.7957606921875 0.7330399921874999 0.8036313359375 0.723847271875 0.8190997624999999 0.6720301984375 0.8408568375 0.6325670484374999 0.8503264843749999 0.633708653125 0.858942353125 0.64098176875 0.8575064734375001 0.6359736843749999 0.8746108781249999 0.6278498499999999 0.8924423171875 0.613239984375 0.889842825 0.609996971875 0.8796273609374999 0.5923349874999999 0.8832261546875 0.5965923453124999 0.8911149890625 0.598775565625 0.8997490499999999 0.5831240890625 0.8971313671875001 0.56115020625 0.8881516843749999 0.5487144734375 0.8934046484374999 0.5467675984375 0.9050923718749999 0.5582708015625 0.90920050625 0.5707519859375 0.9078555796875 0.5761145875 0.9212338546875 0.565862075 0.9351208765625 0.551334021875 0.93955585 0.54618049375 0.944154540625 0.542846578125 0.9261230031250001 0.5327031468750001 0.9493893109375 0.5191712578125001 0.9499344390625 0.514199534375 0.9701652703124999 0.527767784375 0.972746571875 0.5279495890625 0.9883787156250001 0.5227960609375 0.992977403125 0.522877734375 1 1 1
0 0.590882125 0.5792173578125 0.6054647203125001 0.5794720265625 0.5969227328125 0.5613495375 0.5875209390625 0.5588409999999999 0.5781373249999999 0.5578956749999999 0.5771138921875 0.5594407 0.5783373093749999 0.5750910328125001 0.590882125 0.5792173578125