0 0.5390625 0.297837309375 0.5268778671875001 0.297359384375 0.5165878796875 0.2947732109375 0.5078669578125 0.2957406796875 0.5020397 0.305333628125 0.5198282796875 0.3145433421875 0.5373923578124999 0.31184930624999996 0.5390625 0.31173592031249997 0.5390625 0.297837309375
0 0.41802850312500006 0.28184971875 0.4336368515625 0.2913013 0.4454447703125 0.29110968593750003 0.461001984375 0.294229840625 0.46670700781249996 0.28539599375 0.4564881203125 0.2757192953125 0.44614699843750005 0.266801696875 0.4369371421875 0.27080557031249997 0.4186396671875 0.2780542140625 0.41802850312500006 0.28184971875
0 0.39080556718750004 0.264740125 0.38766743593749997 0.257632846875 0.38301137500000004 0.25330335625 0.3725991546875 0.25147628593750004 0.3658651328125 0.260051515625 0.36851433125 0.270195196875 0.382502478125 0.269761715625 0.39080556718750004 0.264740125
0 0.311615040625 0.29775531875 0.30592998125 0.2931672125 0.29164623125 0.288787471875 0.2873369046875 0.29560263125 0.2858701078125 0.3047118453125 0.3058389171875 0.31367969375000004 0.31735123593750003 0.308674853125 0.311615040625 0.29775531875
0 0.314064596875 0.4421185421875 0.3177427921875 0.452520840625 0.32869508125 0.4576429328125 0.338078303125 0.4592113859375 0.346085790625 0.44937657187499996 0.3371403671875 0.4384402875 0.3321176078125 0.4363881015625 0.31915845625 0.43708020156250005 0.314064596875 0.4421185421875
0 0.1950713046875 0.2036991171875 0.18676821562499998 0.20872070781250002 0.1829478203125 0.21249946406250003 0.18777725 0.22240127968749998 0.1980672375 0.22498745000000003 0.21151532031250003 0.2212589453125 0.2170981125 0.2131842 0.210210684375 0.20276515 0.202100928125 0.19993711249999999 0.1950713046875 0.2036991171875
0 0.1396164 0.1557993578125 0.14329459687499999 0.16620165625 0.1501308890625 0.17028927968750002 0.1615721078125 0.1723749671875 0.1641190375 0.16985579687500002 0.1628655359375 0.157693428125 0.15948294062499999 0.1521043515625 0.1499774875 0.1512950015625 0.1396164 0.1557993578125
0 0.039414409375 0.06664012968750001 0.0559295265625 0.07710943125 0.06266354843750001 0.0685342015625 0.0704265703125 0.0602175890625 0.094724671875 0.048948321875 0.092737771875 0.0413405609375 0.06444590781250001 0.050816256250000004 0.044457134375 0.0552703640625 0.039414409375 0.06664012968750001
0 0 0.059954603125000006 0.013496109375 0.0680243296875 0.030815721875 0.0668484953125 0.0350739125 0.053701909375 0.0289710203125 0.045059678125 0.0122625734375 0.0424400078125 0.0035927859375 0.0497389015625 0 0.059375734375 0 0.059954603125000006
1 0 0.5 0.26465086250000003 0.5 0.265235134375 0.499350609375 0.28039447968750003 0.48499468749999997 0.270960125 0.47709480937500004 0.27382261875 0.4659669078125 0.2856505 0.4523533390625 0.2764094765625 0.43660383124999996 0.2789763703125 0.4206627046875 0.2823988953125 0.3994078734375 0.2833967234375 0.3799131109375 0.270702003125 0.365665053125 0.25928075 0.3501574140625 0.2447724984375 0.33387392031249996 0.27433782500000004 0.3231386390625 0.238251771875 0.32117756875 0.23790503593749998 0.310032915625 0.23307560624999998 0.3001311015625 0.22594371406249997 0.291230253125 0.2338801046875 0.288485965625 0.24872388281250002 0.2827387765625 0.2445056203125 0.2690414546875 0.23374666562500002 0.2560697328125 0.2160092203125 0.25319144374999997 0.1985162421875 0.2487949546875 0.1863927578125 0.2575952984375 0.1816855625 0.2469343828125 0.175042603125 0.23499713125000002 0.15872081875 0.2166782015625 0.16454807656249998 0.2070852546875 0.1831611171875 0.19122788125 0.19795376250000002 0.17914926250000002 0.21051504375 0.1609810859375 0.2141309015625 0.131876625 0.174062290625 0.1612973171875 0.1591985453125 0.1804664625 0.14707506406249998 0.1892668078125 0.13202674375 0.16968829375 0.1091642703125 0.152094965625 0.086597396875 0.1393148625 0.0732204125 0.1359528390625 0.061065759374999994 0.12499980468750001 0.04261488125 0.11325416875000001 0.037083225 0.127660340625 0.0238284734375 0.123539215625 0.0300224296875 0.11166896562499999 0.036583085937499996 0.097521409375 0.0295222921875 0.081530034375 0.0173476734375 0.08399895625 0.01115371875 0.09586920625 0 0.0848959359375 0 0.5
0 1 0.248835178125 0.9910814718750001 0.24482993125000002 0.9854475468749999 0.2465732515625 0.97646219375 0.262480875 0.9955242375000001 0.2704310046875 1 0.2699344796875 1 0.248835178125
0 0.7367916546875 0.02216535625 0.7355693249999999 0.0297563671875 0.74397468125 0.03739763125 0.7530623015625 0.034152859375 0.7576672296875 0.032150921875 0.761192021875 0.02355894375 0.7452169765625 0.016384664062500002 0.7367916546875 0.02216535625
1 0.5390625 0.5 0.8739775296874999 0.5 0.874018665625 0.49974453125 0.8782768593749999 0.4865979453125 0.880843753125 0.470656821875 0.8856420125 0.46080525625 0.8868843046875 0.43979229062499997 0.8905824656250001 0.43677263593750004 0.9034393484375001 0.42341768281250003 0.8819014734374999 0.4108961953125 0.8963074562500001 0.4145168359375 0.900270046875 0.396557025 0.8939937859375 0.38234246875 0.8802700671875 0.3678357953125 0.8713757781249999 0.36323093906250004 0.870417878125 0.35588179375 0.870315609375 0.343218940625 0.8800655296875 0.342510090625 0.8716090390625 0.328537403125 0.8880730171875 0.3326752765625 0.8960805046875 0.3228404625 0.8961004703125 0.3094185078125 0.88624828125 0.2974645046875 0.8635392109375001 0.29886545625 0.8617456421874999 0.283408065625 0.8343293765625 0.2741480984375 0.8429280640625001 0.2739397328125 0.8559583140625 0.2661571046875 0.8521067500000001 0.25018248125000003 0.831160075 0.247287440625 0.8173141218750001 0.23353986875000002 0.7880643609375 0.23566642031249999 0.778405503125 0.2158627890625 0.75747879375 0.19954579687500001 0.7350341515625 0.186006590625 0.71440304375 0.174502821875 0.714178540625 0.1625990703125 0.7034195859375 0.14962735 0.70410185 0.138741315625 0.6652443640625 0.1273956625 0.64902485 0.1217395859375 0.6452244203124999 0.1120963890625 0.6207018171875001 0.1114619015625 0.6266513078125 0.10110985312500001 0.625051071875 0.07780283437499999 0.6120407875 0.0721635078125 0.5933766125 0.0816894546875 0.579979665625 0.09174938593750001 0.5541324640624999 0.086043059375 0.5517788671874999 0.0807126 0.5401642796874999 0.0730545890625 0.5390625 0.0720171578125 0.5390625 0.5
0 0.5390625 0.7748241609375001 0.5293208125 0.775344428125 0.5158727296875 0.7790729328125 0.5153127 0.789199865625 0.5316544453125001 0.7940968406250001 0.5390625 0.7959586984375 0.5390625 0.7748241609375001
0 0.43324215937500005 0.9265375375 0.44178971562499997 0.9199977453125001 0.440831815625 0.9126486 0.43629798593749997 0.9075600078124999 0.4252746 0.90952844375 0.41400674843749996 0.91301508125 0.4153824828125 0.92441835 0.42070084375 0.9312837609375 0.43324215937500005 0.9265375375
0 0.4208892796875 0.7638888875000001 0.4363242609375 0.76776814375 0.44232488593749997 0.763747521875 0.4435472171875 0.756156509375 0.44156031875 0.7485487484375 0.43073026406250003 0.7426675546875 0.4177711125 0.7433596546875 0.4153264515625 0.7585416781250001 0.4208892796875 0.7638888875000001
0 0.2993164734375 0.7941504078125 0.2849104890625 0.79052976875 0.2753339375 0.7968109453125 0.274529440625 0.808456078125 0.2831792640625 0.8145791390625 0.2919001859375 0.8136116718749999 0.3017212046875 0.8058122937500001 0.3033613703125 0.8022754046875 0.2993164734375 0.7941504078125
0 0.32880194375 0.8371029437499999 0.316698425 0.8324813359375 0.3037392734375 0.833173434375 0.30045894687499997 0.8402472124999999 0.3018346796875 0.8516504796875001 0.317147428125 0.8562888390625 0.3218745890625 0.8535278015625 0.3259394484375 0.84823084375 0.32880194375 0.8371029437499999
0 0.39071768281249997 0.93796491875 0.3763827984375 0.9272537515625 0.36724404375 0.924167096875 0.36058111875 0.9256517984375 0.3522780296875 0.9306733875 0.35571176250000003 0.942593890625 0.36678628281250003 0.94695688125 0.3819256625 0.9460229140624999 0.39071768281249997 0.93796491875
0 0.24447273281249998 0.7424551421875 0.251726859375 0.7505968890625001 0.2621390796875 0.7524239578125 0.2799987578125 0.7545431468749999 0.2779607234375 0.7406039578125 0.2767583578125 0.734773015625 0.27210229531249996 0.730443525 0.260783309375 0.7275987374999999 0.2473352265625 0.7313272421875 0.24447273281249998 0.7424551421875
0 0.0568163390625 0.5 0.0519116328125 0.5021322609375 0.05044483749999999 0.5112414734375 0.049589206250000004 0.51655518125 0.048867014062500005 0.5542851234375 0.06345512187499999 0.5168808015625 0.07484520781250001 0.5126350609375 0.0689867796875 0.502474628125 0.066412365625 0.5 0.0568163390625 0.5
1 0 1 0.29270240468750003 1 0.3054554328125 0.9820912640625 0.3023884 0.967893459375 0.28721785 0.9490740453125 0.2919649734375 0.9328910531249999 0.2972521640625 0.920003084375 0.307735484375 0.9147396265625 0.31091354375 0.895002996875 0.3082643453125 0.8848593156250001 0.310097840625 0.8734727984375 0.302303646875 0.8620360296874999 0.2806946734375 0.8566050703125001 0.2770676125 0.852534196875 0.277505409375 0.843166365625 0.26863108593749996 0.8251395546874999 0.27409164218750004 0.8178239093749999 0.2609790890625 0.7995217312499999 0.26124351875 0.7845815734375 0.233287184375 0.7720265859375 0.2206436015625 0.76410995625 0.2405500703125 0.7335710453125 0.22300595625000003 0.7228431265624999 0.22574621874999998 0.712474328125 0.2121958671875 0.70353998125 0.2050951453125 0.7143925140625 0.190831359375 0.6965908171875 0.1854107296875 0.6770625546875 0.1804079328125 0.6615884140625 0.19192025 0.6565835734375 0.186988553125 0.6340189046875 0.16323051875 0.6485831921875 0.1498734984375 0.631799215625 0.1173833375 0.6141556375 0.1027328890625 0.6120531984375 0.08572884374999999 0.604620303125 0.11276720468749998 0.5829822390625 0.131135778125 0.5686430671875 0.12716198125 0.55342754375 0.1003169515625 0.5672159796875 0.068429196875 0.5923741828125 0.0657288625 0.5758990734375 0.05325864375 0.5735547703125 0.044313221874999996 0.5626184859375 0.0423974203125 0.547920196875 0.026789071874999997 0.5384686140625 0.004620068749999999 0.5431645859375 0 0.544692409375 0 1
0 0.617045796875 0.5440416 0.6139076671875 0.536934321875 0.6083448390624999 0.5315871140625 0.6044733109375 0.52903444375 0.6056245437500001 0.528533959375 0.5921764609375 0.5322624640625 0.5882338328125 0.536800321875 0.591249728125 0.5446667 0.6034754812500001 0.5485292078125 0.6120741703125 0.548320840625 0.617045796875 0.5440416
0 0.6564657609375 0.62503294375 0.66391321875 0.6253250625 0.6764545359375 0.6205788390625 0.680346028125 0.60970955625 0.675934434375 0.6038618625 0.6635864484375 0.6007584578125 0.6515340640625 0.6024682765625 0.6486715703125 0.6135961765625 0.647571471875 0.6204280875 0.6564657609375 0.62503294375
0 0.825190384375 0.6476927734375 0.8398919687499999 0.6561266375 0.852311053125 0.6521395156249999 0.8539000812499999 0.6422712015625 0.8497329499999999 0.6349053046875 0.8415009625 0.6328363687499999 0.833564571875 0.6355806546875 0.830895409375 0.638858928125 0.825190384375 0.6476927734375
0 0.9555576625000001 0.6891458796875 0.9692502109374999 0.683899171875 0.9802224625000001 0.675599309375 0.9601825515625 0.6737219890625 0.9451654046875 0.6738968546875 0.9366889484375001 0.6733461203125 0.9220896359375 0.677575109375 0.903078725 0.67595640625 0.9117285484375 0.682079465625 0.9303727593750001 0.6859754718750001 0.9398782140625 0.6867848249999999 0.9555576625000001 0.6891458796875
0 0.6816531125 0.7079759734375 0.6846690093750001 0.7158423515625 0.6972614593750001 0.71742755625 0.7061046140625 0.7157009859375 0.70835594375 0.7083685921875 0.7043110484375 0.7002435968749999 0.697719221875 0.6946377703125 0.6934809937499999 0.694362403125 0.6882137687500001 0.69382841875 0.684271140625 0.6983662765625 0.6816531125 0.7079759734375
0 0.70836715 0.7415439265625 0.721306334375 0.75427378125 0.7311784890624999 0.752805828125 0.737963646875 0.7505620265624999 0.743668671875 0.741728178125 0.733083084375 0.7343287843749999 0.71855486875 0.73146724375 0.715763471875 0.7355046171875 0.70836715 0.7415439265625
0 0.799725984375 0.8324297218750001 0.7947743234375 0.8232870078125 0.784484334375 0.8207008359374999 0.7669913562499999 0.8163043453124998 0.7647400265625001 0.823636740625 0.7641288609375 0.8274322453125 0.765820159375 0.830226784375 0.774592215625 0.8355907421875 0.7914228953125 0.8374513125 0.799725984375 0.8324297218750001
0 0.7848846515625001 0.9179495359375001 0.7764281609375 0.9039768468750001 0.7716498640625 0.9004064578125 0.7590574140624999 0.8988212546875 0.751365490625 0.9000473390625 0.7480340296875 0.900789690625 0.7479629296875 0.9078802171875001 0.7497053609375 0.91700618125 0.7570817203125 0.9243888265625 0.7673717078125 0.9269749984375 0.7776105609374999 0.92322974375 0.7848846515625001 0.9179495359375001
0 0.861519490625 0.9340508 0.8370679875 0.9263257859374999 0.8233954015625 0.9181505375000001 0.810925184375 0.915806234375 0.8022042625000001 0.9167737015625 0.8020820296875 0.9175328031250001 0.8046089953125 0.9284355874999999 0.8173748125 0.9355931140625 0.8272469671875001 0.9341251640625 0.834032125 0.9318813609374998 0.8630885562499999 0.9376044374999999 0.861519490625 0.9340508
1 0.5390625 1 0.6386204875 1 0.647745871875 0.9916881906250001 0.646023403125 0.969140271875 0.6539086578125 0.9600645578125 0.6718394359375 0.9550932187499999 0.6807536875 0.946276121875 0.6914814734375 0.9394944625000001 0.7026981890624999 0.9296763984374999 0.7184487374999999 0.9249469250000001 0.723735928125 0.9120589562500001 0.7186620328125001 0.9036753421875 0.70347151875 0.8982778843749999 0.70148461875 0.8906701218749999 0.6998644203125 0.88078505625 0.7119879015625 0.8719847093749999 0.7122523328125 0.8570445546875 0.7051915375 0.8410531796875 0.7095719640625 0.8271474921875 0.7134123234375 0.8099467812500001 0.7149502171875 0.793747040625 0.7251379375 0.7836703593750001 0.7236399703125 0.7730261921875 0.7195439390625 0.7585697703125 0.7143478125 0.7509452578125 0.6970992984375 0.7450305640625 0.6909964046875 0.7363883328125 0.6842823453125 0.731541609375 0.6867781421875 0.7226910140625 0.6761925515625 0.7152916171875 0.67778158125 0.7054233015625 0.6764058484375 0.694020034375 0.674663415625 0.6848940703124999 0.678850509375 0.6788380125 0.6809284703125 0.6659332921875001 0.676150178125 0.662362903125 0.65907503125 0.662020534375 0.6470737812499999 0.6700617796875 0.6390351234375 0.6601432140625001 0.63753715625 0.649499046875 0.637190421875 0.638354396875 0.6453712765625 0.63409190625 0.64835600625 0.62220490625 0.6355901859374999 0.615047378125 0.6355390515625 0.6087159515625 0.6366391484375 0.601884040625 0.6239955640625 0.5939674109374999 0.6261246593750001 0.58739411875 0.6308717859375 0.5712111265625001 0.645837796875 0.564704834375 0.6547009171875 0.5495563109375 0.6632173015625 0.5232631375000001 0.6388992359375 0.5479543578125 0.6206528953125 0.5615344265625 0.6010308203125 0.5637112296875 0.5920853968750001 0.5527749453124999 0.5800529765625 0.541062809375 0.5639045625 0.52831620625 0.549569678125 0.5176050390625 0.5390625 0.5088805578125 0.5390625 1