0 0.31875 0.2878230234375 0.310380775 0.29219974375 0.30894724375 0.301498825 0.31211783125000003 0.312164228125 0.31875 0.3132241078125 0.31875 0.2878230234375
0 0.1850050859375 0.33773982812500003 0.1744559375 0.3317803125 0.1749247578125 0.3474786359375 0.1772432046875 0.359128821875 0.1853812828125 0.3659641078125 0.19370460625000002 0.3477474828125 0.1850050859375 0.33773982812500003
1 0.31875 0 0 0 0 0.2535234234375 0.0005367734374999999 0.2538234296875 0.015419295312500001 0.2538197484375 0.027745396875 0.2567704125 0.04161048125 0.2713167546875 0.0535532625 0.2909505234375 0.05536299375 0.309875721875 0.041583409375000005 0.32771080937499997 0.049576140625 0.33662466874999997 0.07218064375 0.3382053296875 0.07519305468750001 0.3175285921875 0.07501493125 0.297673115625 0.0792556796875 0.304235875 0.093484134375 0.3135857796875 0.104925321875 0.2955871765625 0.1097474625 0.2938356359375 0.1254821234375 0.292847171875 0.1410714375 0.293937284375 0.1551018171875 0.2949183828125 0.17777899531250002 0.2954597546875 0.1884207671875 0.288893315625 0.21195008437500001 0.2884499078125 0.22675993125 0.2894855125 0.2430033109375 0.281222034375 0.2518481796875 0.289151115625 0.2663146046875 0.283896490625 0.3015088359375 0.340664715625 0.2770290515625 0.2762907609375 0.28630996406250003 0.277984115625 0.28712932812499997 0.255065284375 0.298603290625 0.2590007296875 0.305275059375 0.2532010484375 0.31272629375 0.2474558734375 0.31384918125 0.2538006109375 0.31875 0.2555533828125 0.31875 0
0 0.6146026156250001 0.559375 0.6145521984375 0.5493849828124999 0.608534496875 0.5458310765625 0.6022260968750001 0.5464343203124999 0.6010832609375 0.55157625 0.599940425 0.5567181828125001 0.5990753156249999 0.559375 0.6146026156250001 0.559375
0 0.606917134375 0.45694658437499996 0.6069370843749999 0.44545991406249996 0.5978741921875 0.44064869843750004 0.593924140625 0.429928790625 0.5878864874999999 0.43786155156250006 0.5802371796875001 0.4352379203125 0.5760691031249999 0.427635875 0.5863076078125 0.44923920781250004 0.5857988890625 0.4565142203125 0.5897489421875 0.46723412968750005 0.5972529015625 0.47193633437500004 0.6088850390625 0.507213921875 0.6041954171875 0.473466171875 0.606917134375 0.45694658437499996
0 0.609527696875 0.34120413125 0.6059011156249999 0.3482611203125 0.6060991875 0.35662992656250003 0.6097784953125001 0.3600203171875 0.613675821875 0.36029284375000004 0.6167936859375001 0.36051086718750003 0.624026896875 0.3578835546875 0.6248263140625 0.346451390625 0.6227786125 0.3421307265625 0.6150566296875001 0.3405463828125 0.609527696875 0.34120413125
0 0.640932884375 0.1721236171875 0.6398826718749999 0.16473959375 0.633448871875 0.15593474375 0.6250200984375001 0.15325660937500002 0.61920046875 0.15807150625 0.616914796875 0.168355371875 0.6164060796874999 0.175630384375 0.6198673625 0.18213863749999998 0.6219877374999999 0.185420015625 0.624253459375 0.1866228203125 0.633679721875 0.1862376 0.638865234375 0.17928961875 0.640932884375 0.1721236171875
0 0.54789148125 0.24812270937499997 0.549106990625 0.241941490625 0.5472046390624999 0.2355422484375 0.5443774734375 0.23116707500000003 0.5349512109375001 0.23155229687499998 0.5313973046875 0.23757 0.5286955375 0.24260292031250003 0.5274800265625 0.2487841390625 0.5270439828125 0.2550198640625 0.5291643578125 0.25830124374999996 0.5369590140625 0.2588463 0.543558109375 0.25408590625 0.54789148125 0.24812270937499997
0 0.41567872499999997 0.31302771875 0.416583590625 0.3224903171875 0.423308084375 0.3271380171875 0.4270073390625 0.319041740625 0.429438359375 0.3066793015625 0.42860617031250003 0.29617741406250003 0.4208115125 0.2956323578125 0.41640546718750004 0.30263484375 0.41567872499999997 0.31302771875
0 0.77668671875 0.0677801890625 0.7810728171875 0.072264371875 0.7858222859375 0.07155211875 0.7878172593749999 0.0654254046875 0.787764534375 0.0549780234375 0.784375925 0.0474304828125 0.7816214328125 0.042016025 0.7794283859375 0.0397739328125 0.773265334375 0.0382986 0.7715610546875 0.0402681640625 0.7694934046874999 0.047434165625000003 0.7689120125 0.0557484640625 0.7708870390625 0.0611084203125 0.77668671875 0.0677801890625
0 0.8051395281249999 0 0.805283271875 0.006073321875 0.8085265343749999 0.0156994390625 0.8156870734375001 0.0141114140625 0.8195844000000001 0.014383942187500002 0.8227022640625 0.0146019625 0.8236270765625001 0.01257789375 0.826110821875 0.010662834375 0.8274716796875001 0.002403040625 0.8271928031249999 0 0.8051395281249999 0
0 1 0.084762525 0.9980549578125 0.08325976562500001 0.9928893953125 0.078721075 0.9899895546875002 0.075385190625 0.9818514765625 0.0685499046875 0.9742748437500002 0.0648869875 0.963653021875 0.05996675781250001 0.9570539265625001 0.064727153125 0.9619287937500001 0.07342299062499999 0.9647559593749999 0.0777981640625 0.97381885 0.0826093796875 0.9836612078125 0.0874751015625 0.9952078421875001 0.090371259375 1 0.086406446875 1 0.084762525
0 0.6736775609375 0.129505465625 0.6752364937499999 0.1296144765625 0.6840286359375 0.12709617499999998 0.687800565625 0.11796061093750002 0.68441195625 0.11041306875000001 0.676346553125 0.1025384953125 0.6701108296875 0.1021024515625 0.6630756890624999 0.1130985703125 0.66468734375 0.12365496093749999 0.6736775609375 0.129505465625
0 0.1862932125 0.5713948078125 0.18061892968749999 0.5741311312499999 0.1742905828125 0.58622104375 0.1852558265625 0.5974315015625 0.19828871875 0.6014759578125 0.20367230468750003 0.6028967859375001 0.21975038750000003 0.60819855 0.2500041984375 0.61240284375 0.245783396875 0.594353415625 0.2258079875 0.5887791234375 0.21630905312499998 0.59020363125 0.20548915625 0.576914596875 0.1862932125 0.5713948078125
0 0.01037765625 0.6228001265625001 0.015179848437499999 0.632535253125 0.0217589953125 0.639261528125 0.028846859375 0.638712790625 0.031839321875 0.62952271875 0.027182478125 0.6177090187500001 0.020894028125 0.60682559375 0.011467765625 0.6072108140625 0.0077685109375000005 0.6153070921875 0.01037765625 0.6228001265625001
0 0.5216059265625 0.8766913125 0.5191022328124999 0.8900930375 0.5210772593749999 0.8954529921875001 0.524683890625 0.8998826687499999 0.5311903625 0.9076482328125 0.5433910656250001 0.901190803125 0.5453333171875 0.8846167078124999 0.543358290625 0.8792567531250001 0.5278416515625001 0.8771273562499999 0.5216059265625 0.8766913125
0 0.45770257187499996 0.9056425734375001 0.45441941249999995 0.91898979375 0.45971037500000006 0.9329365765625 0.4645125671875 0.9426717015625 0.472941340625 0.9453498390625 0.48467322343749997 0.923194084375 0.48503659374999997 0.9179976484375001 0.48464044843750004 0.9012600374999999 0.4682716703125 0.9001154203125001 0.45770257187499996 0.9056425734375001
0 0.7251091375 0.60998628125 0.713417153125 0.6091686968750001 0.704823084375 0.6200558046875 0.7093345796875 0.6339480796875 0.7106028156249999 0.6382142421875 0.71817945 0.6418771609375 0.727678384375 0.640452653125 0.7286958218749999 0.6259026265625 0.7251091375 0.60998628125