0 0.16696218125 0.030422565625 0.15849715312499998 0.0331117046875 0.15744669375 0.035169578125 0.154979515625 0.048553017187500006 0.166571753125 0.05256287187499999 0.176343815625 0.05051954374999999 0.180802221875 0.0449917390625 0.18176715625 0.0420326390625 0.1810829609375 0.034822815624999996 0.1806553390625 0.030316673437500004 0.1694051953125 0.0299117328125 0.16696218125 0.030422565625
0 0.25433950312500003 0 0.25388443125000004 0.0012178828125 0.2678955203125 0.0175895125 0.27899877812499996 0.0033193890625 0.282258871875 0 0.25433950312500003 0
0 0.395519840625 0.0497265171875 0.3779055890625 0.047894971875 0.3777959 0.05986635312500001 0.37822352187499997 0.06437249218749999 0.3810941609375 0.0683678015625 0.387201696875 0.06709072187500001 0.39785316718749997 0.0611870671875 0.39776764375 0.060285837499999995 0.395519840625 0.0497265171875
0 0.67240824375 0 0.6712998109375 0.00217144375 0.67442701875 0.0088704390625 0.6905631921875 0.0082537140625 0.6990282203125 0.005564575 0.69832814375 0 0.67240824375 0
0 0.574279715625 0 0.5770113203125 0.006262176562500001 0.5888601328124999 0.0129757140625 0.5963602265625 0.013245675000000002 0.5955049828125001 0.00423339375 0.595162884375 0.0006284828125 0.5946419484375001 0 0.574279715625 0
1 0.7020082640624999 0.3796875 0.712715571875 0.14979728750000001 0.706639896875 0.08577387343750001 0.7055894406250001 0.0878317453125 0.6908699890625 0.0771228984375 0.6743917203125 0.0741347078125 0.65958674375 0.06252463593749999 0.6410317234375 0.0507795828125 0.6255183875 0.0448322921875 0.610945821875 0.0487985109375 0.60560800625 0.058186642187500005 0.5831077203125 0.05737676093750001 0.5680461734375 0.043063003125 0.569829159375 0.0224697375 0.56479624375 0.0088163359375 0.5497960546875 0.0082764140625 0.5229228906250001 0.013895565625 0.5179271703125 0.0268886109375 0.5259404109375 0.032565937499999996 0.540855075 0.0322046328125 0.53262245625 0.0504700640625 0.5185630359375 0.0598436515625 0.5168042171875 0.06756430937499999 0.4942184078125 0.06585319843750001 0.481514353125 0.050127381250000005 0.456913153125 0.053433242187499994 0.4521740046875 0.069129971875 0.42478769375000003 0.069341753125 0.40768658750000003 0.072917575 0.4001623296875 0.085520225 0.370308834375 0.099115446875 0.3386351640625 0.1066574875 0.30784090000000003 0.11033920312500001 0.2921937125 0.1292359015625 0.266456528125 0.133698409375 0.250723815625 0.1516938796875 0.2198198625 0.167346975 0.20408714843750003 0.1853424484375 0.18312630624999998 0.2007546703125 0.15500746875 0.21950184374999998 0.1371980015625 0.228740453125 0.12575264531250002 0.239405665625 0.1045593953125 0.2392415953125 0.0874582890625 0.24281741874999999 0.07052823281250001 0.2481956984375 0.0446813609375 0.264629584375 0.0403698375 0.284832453125 0.047332620312500004 0.292567653125 0.038415801562500004 0.3036232625 0.0136435546875 0.30512666875 0 0.31610570625 0 0.3177534640625 0.00260165625 0.333170628125 0.019422025000000002 0.33976373125000003 0.0325165078125 0.33334924374999997 0.0231479078125 0.35277131875 0.0371831609375 0.35627034062499996 0.035851964062500005 0.3684971390625 0.021450446875 0.37426581406250004 0.0168699609375 0.3796875 0.7020082640624999 0.3796875
0 0.094502809375 0.0676324109375 0.0952725296875 0.0757434625 0.0941979046875 0.09067394375 0.0984610984375 0.09621629375 0.11487800781249999 0.085430646875 0.11907984375 0.0771991578125 0.1177114515625 0.0627795078125 0.109869259375 0.058904635937500005 0.0965182 0.0626154390625 0.094502809375 0.0676324109375
0 0.8027879140625 0.0678643734375 0.8119665140624999 0.075320071875 0.826066278125 0.067684359375 0.8313509218749999 0.0564231671875 0.827145640625 0.045583821875 0.8189120859375001 0.04808669375 0.8016974765624999 0.056373717187500005 0.8027879140625 0.0678643734375
0 0.8938548468749999 0 0.8927643828124999 0.0006132328125 0.892889234375 0.0130870390625 0.9030334203124999 0.019559590625 0.9134889296875001 0.0181545984375 0.9169877937500001 0.0103917890625 0.9183373984375001 0.0022971437500000002 0.917180875 0 0.8938548468749999 0
0 0.8878226781249999 0.0266463625 0.8855074875 0.035724154687499995 0.8950701078125001 0.0360683546875 0.904798659375 0.027002925 0.9060755703125001 0.018142234375 0.8982987281250001 0.014299653125 0.8900651734375 0.016802525 0.8895357609375001 0.0223819359375 0.8878226781249999 0.0266463625
0 0.9195321468750001 0.037203324999999995 0.9184622515624999 0.01477095 0.905255375 0.020657470312500002 0.905234834375 0.0315991875 0.9068546812499999 0.037510434375 0.9158151953125 0.0426680015625 0.9195321468750001 0.037203324999999995
1 0.71875 0.3796875 1 0.3796875 1 0.1183896578125 0.9992222578125001 0.118195765625 0.9823395125 0.10766353125000001 0.96929856875 0.10414042187500001 0.9573164468750001 0.0894584921875 0.9398315953124999 0.083739621875 0.9292306937499999 0.08361252500000001 0.90870369375 0.07931100937499999 0.89016001875 0.0847509625 0.8789570093750001 0.08943723125 0.8693738515625 0.10003474999999999 0.8557513421875 0.090383290625 0.8422536828125 0.09320563750000001 0.835006253125 0.08378364375 0.811873278125 0.085495746875 0.7807248343750001 0.09200885156250001 0.7559720140625 0.08780970625 0.74380341875 0.093479125 0.74718850625 0.10683370781249998 0.7356947140625 0.10845580156250001 0.7215633343750001 0.0934420359375 0.71875 0.0933873140625 0.71875 0.3796875
0 0.061462578125 0.579888478125 0.05062305 0.58840496875 0.050239029687500006 0.5955164671875 0.06031051875 0.6012229734375 0.07470106875 0.5966514359375 0.0764868484375 0.5931530546875 0.0776910609375 0.5835263203125 0.073029065625 0.5790324265625 0.061462578125 0.579888478125
0 0.012448484375 0.7440424343750001 0.0244511453125 0.747782646875 0.039516496875 0.7391637859375 0.0386441484375 0.7299712609375 0.027243590625 0.7214176812499999 0.0051283593750000005 0.7338543984375001 0.012448484375 0.7440424343750001
0 0.1593612796875 0.518012009375 0.1710936984375 0.5077463265625 0.1696397828125 0.49242545 0.1611154421875 0.49186414687499996 0.1445756375 0.496103846875 0.141294859375 0.5061647875 0.1420945140625 0.5145912703125 0.1593612796875 0.518012009375
1 0.3199666015625 0.3796875 0.3160358515625 0.383689740625 0.328381453125 0.40220189062499995 0.33183923593750003 0.4163225171875 0.3181234890625 0.41684673125 0.3058822015625 0.4217501046875 0.2738408671875 0.430012403125 0.24303536406249998 0.45129744531250005 0.2200999359375 0.466249396875 0.20252184843749998 0.47070619999999996 0.2127276578125 0.4443535984375 0.199977496875 0.44389466562499996 0.1932183953125 0.45077669687500005 0.1629833828125 0.4445988953125 0.13991203125 0.41348584375 0.14984920625 0.451251459375 0.1545633578125 0.4674531125 0.1696808625 0.470542015625 0.1710620828125 0.48509684843750006 0.188599090625 0.5025234796875 0.18054254218750002 0.52920791875 0.16893497500000001 0.5519474046875 0.1586770109375 0.5665922453125 0.14394352500000002 0.5563918453125 0.133051840625 0.5532005734375 0.11175680156250001 0.56312205625 0.104084271875 0.5826949953125 0.114083065625 0.587635459375 0.1130242453125 0.5987942796875 0.10508147187500001 0.6043613265625 0.11283777187499999 0.6191456265624999 0.09170866562499999 0.6196574781249999 0.1012507453125 0.630943396875 0.08241628749999999 0.633319171875 0.0483189328125 0.6310739578125 0.07787914375 0.6412990828125 0.0799351671875 0.6518065953125 0.0800394765625 0.6752221171875 0.07659276875 0.6946926875 0.071432978125 0.718427684375 0.07419541874999999 0.7475373515625 0.0744451203125 0.7724849609375 0.076698690625 0.7962323203125 0.06919209375 0.80639563125 0.0505551828125 0.8220112562499999 0.06804003593749999 0.8277301250000001 0.07031414531249999 0.84053576875 0.0581660921875 0.83526346875 0.036652965625 0.84288681875 0.0333516484375 0.8638894765625 0.0617487265625 0.8618579000000001 0.079108728125 0.8551029640625 0.08843271875 0.8640907500000001 0.11282206406249999 0.864459675 0.1152415640625 0.87879740625 0.115221025 0.8897391234375001 0.1234135 0.9091196859374999 0.1373994890625 0.9226013640625 0.15426169375 0.9440753187500001 0.18966757343750001 0.960109321875 0.1997390625 0.965815828125 0.2190413125 0.99068579375 0.2535182546875 1 0.3239465515625 1 0.71875 0.9174470234375001 0.71875 0.3796875 0.42976823125 0.3796875 0.429167446875 0.3819088921875 0.4251964046875 0.3796875 0.3199666015625 0.3796875
1 0.71875 0.3796875 0.71875 0.9544669359375 0.9830754468749999 0.8996951484375 1 0.5363182203125 1 0.42476555156250007 0.9952455140625001 0.3796875 0.71875 0.3796875