0 0.216012884375 0.41642045000000005 0.2139766375 0.39739824218750003 0.20085606406249998 0.3919370796875 0.1948314859375 0.40018590937500004 0.1939199515625 0.415570240625 0.19740718125 0.42345085937500004 0.20589338906250002 0.42704488281249997 0.216012884375 0.41642045000000005
0 0.16699442343749998 0.3361153453125 0.163917628125 0.34800205 0.168005071875 0.3590997875 0.1749870046875 0.3613876828125 0.18155102812499999 0.35738159375 0.18209795 0.348150996875 0.17867148906250002 0.33924475625 0.16699442343749998 0.3361153453125
0 0.0427546953125 0.2039772046875 0.033607501562499996 0.1981916859375 0.0202438515625 0.1968330109375 0.01572355 0.20638796875 0.024202284375 0.22345533281250002 0.0365403359375 0.2287762421875 0.0447909421875 0.22299941250000002 0.0427546953125 0.2039772046875
0 0.09624210625 0 0.0775941671875 0.0163934578125 0.10468607968750002 0.0129570703125 0.11648468593750001 0.0140352390625 0.1171456703125 0.0162267359375 0.13177799375000002 0.009520684375000001 0.13412686406250002 0 0.09624210625 0
1 0.459375 0.45 0.459375 0 0.1601242890625 0 0.1526097265625 0.004962278125 0.1596449546875 0.019697890625 0.1512728109375 0.0275259625 0.1411533140625 0.0381503953125 0.13777267499999998 0.0551652140625 0.14046990625 0.07637891875 0.160215271875 0.0768083703125 0.157009465625 0.10421966093749999 0.1509774140625 0.12594183125 0.15356058125 0.13573344062499998 0.1381532109375 0.1288258984375 0.1354335546875 0.1480322140625 0.10418595312500001 0.1548698234375 0.10916998281250001 0.1775299078125 0.11108469375 0.198603359375 0.129386553125 0.1967010625 0.1385412203125 0.18901324218749999 0.1525050859375 0.193589034375 0.1248054828125 0.20728164062499999 0.0975845578125 0.226242609375 0.081926634375 0.236910896875 0.0441150078125 0.2477545953125 0.05085386562500001 0.25414498124999996 0.072346584375 0.2517780703125 0.054994604687500004 0.277690434375 0.059385893749999995 0.2836600625 0.0845630984375 0.2591502234375 0.10401209375 0.2512344453125 0.11244500937499999 0.2423807515625 0.1340059703125 0.2255148796875 0.15520231874999998 0.21480273906249997 0.1664007078125 0.21266379062500002 0.1724785796875 0.2168626765625 0.16452434375 0.230984734375 0.1605434890625 0.24478243125 0.1667961921875 0.25937779375000003 0.16659893750000002 0.2894013390625 0.1795222546875 0.324886046875 0.1910628359375 0.35701338437499996 0.170345165625 0.372993884375 0.13614978125 0.37619361875 0.1194054921875 0.39184976250000003 0.13553461718749998 0.3999231796875 0.15328955625000001 0.40725147812499995 0.1704517546875 0.3978893203125 0.1913442578125 0.392305290625 0.21013226875000002 0.3821980171875 0.2253040390625 0.37973470625 0.23293948125 0.3976874390625 0.2476251015625 0.4034291078125 0.254721096875 0.41713909843749997 0.2427327109375 0.4326111359375 0.2466016984375 0.45 0.459375 0.45
0 0.5517573359375 0.034428507812499995 0.5444107890625001 0.03829434375 0.5332123984375 0.04043329375 0.5339341515625 0.0415991703125 0.55367204375 0.055501959375 0.573531475 0.06735350625 0.5755219031250001 0.06045465625 0.5673395390625 0.05173252187500001 0.5630697890625 0.043711651562499995 0.5517573359375 0.034428507812499995
1 1 0.45 1 0.087250565625 0.632311321875 0.022953475 0.6253219156250001 0.034138918750000004 0.6225489640624999 0.040897515625000005 0.6078633468750001 0.0351558484375 0.602317446875 0.0486730421875 0.5993014203125 0.0595341265625 0.58972136875 0.0744013 0.58911368125 0.084657521875 0.592600909375 0.092538140625 0.593793865625 0.11244571562500001 0.5788044015625 0.1118321609375 0.569588965625 0.1205456 0.5390098234375 0.11610136874999999 0.5270214359375001 0.13157340625 0.523397721875 0.1526907125 0.523511784375 0.16411280781249998 0.5368146656249999 0.1664971046875 0.5391622328125 0.1669178625 0.5315651359375 0.1883595265625 0.5422166046875 0.195451175 0.533776215625 0.21777820781249999 0.5376813546875 0.23195281250000002 0.550923465625 0.235362728125 0.5580802312500001 0.2480470984375 0.5452560281250001 0.25093116718749997 0.530555459375 0.2721361765625 0.5366866265625 0.28878278281249997 0.553119596875 0.291728090625 0.551547078125 0.304920925 0.5434180078125 0.30864650625 0.5470193015625 0.32794922031249996 0.5319391718750001 0.382254646875 0.5328890515625 0.4062647109375 0.5522015609375 0.4273468578125 0.5527711046875 0.45 1 0.45
0 0.527349653125 0.29954746718749997 0.52175045625 0.3006169453125 0.5184380609375 0.3031328015625 0.5171086171875 0.31222314687499997 0.5243261515625 0.3238818921875 0.53462048125 0.3236539359375 0.5413668109375 0.3165709796875 0.540705828125 0.3143794828125 0.5357750921875 0.304167115625 0.5351141078125 0.30197561875 0.532827309375 0.3005292375 0.527349653125 0.29954746718749997
0 0 0.49185360625 0.009114889062500001 0.49656539375 0.021999860937499997 0.49265570312499996 0.0174085046875 0.47056678593749995 0.0029911953125 0.46644544843749997 0 0.470423709375 0 0.49185360625
0 0.03445945 0.49592536875000004 0.03729316875 0.48814115156250004 0.037779320312499996 0.4799361734375 0.035614059375 0.47643854843749994 0.021346351562499997 0.4769908671875 0.0174870328125 0.48873732031249995 0.023200290625 0.49908994218749997 0.03445945 0.49592536875000004
1 0.459375 1 0.459375 0.45 0.061183653125 0.45 0.05994797187499999 0.45281407968750004 0.046280478125 0.4565835171875 0.046273003125 0.4700568578125 0.036320865625 0.5045511031250001 0.0394434796875 0.5185854546875001 0.035462625 0.5323831515624999 0.013187384375 0.534609809375 0.012754526562499998 0.5552625046874999 0.00930564375 0.5867762828125 0.0189922828125 0.5968045453124999 0.010551893750000001 0.619131578125 0.022046653125 0.6253378578125 0.029803634375 0.6412393453125 0.014989003125 0.6510222625 0.0126872578125 0.6765225625 0.0219485125 0.6937301796875 0.007491021874999999 0.7108327015625 0.004657303125 0.718616921875 0 0.7244893171875 0 0.7489492984374999 0.0145113 0.75251499375 0.0186595140625 0.762587109375 0.0413526640625 0.7666544375 0.045014725 0.7849315296875 0.035791814062499996 0.8071183109375 0.04885161875 0.8136050953125 0.049018978125 0.8374749078124999 0.063750415625 0.8691376328124999 0.06686555625 0.8966453234374999 0.0789072375 0.8936210031249999 0.0848102765625 0.887423415625 0.10177521875 0.908084803125 0.0989340265625 0.9293423624999999 0.11061109218750001 0.932471775 0.111203834375 0.9491622343749999 0.0994585234375 0.9605317828125 0.102938278125 0.981885740625 0.11798850937500001 0.9814736749999999 0.1249779171875 0.97028823125 0.141889565625 0.9785019 0.1379691296875 1 0.459375 1
0 0.9254577562499999 0.8586889687500001 0.922023821875 0.8632560671875 0.9228596390625 0.8758440390625001 0.9272509281249999 0.8818136640625 0.9342936296875 0.8830759374999999 0.9400143625 0.8799552203125 0.9432659906249998 0.878464984375 0.9443523562500001 0.8734771296874999 0.9418299578125 0.8626598968749999 0.9380388843749999 0.8599073890625 0.9254577562499999 0.8586889687500001
0 0.7630707125 0.58289380625 0.7672796953125001 0.5919403 0.768723203125 0.59427205 0.7787136859375 0.5991722 0.783773434375 0.593859984375 0.7855207859375 0.5910636234375 0.7851636484375 0.583744015625 0.7800506046875 0.5766085140625 0.7745729484374999 0.5756267453125 0.7672871703125 0.5784669593749999 0.7630707125 0.58289380625
0 0.730028965625 0.459845625 0.7228039578125001 0.4616602171875 0.7146141203124999 0.4664114234375 0.7140671984375 0.475642021875 0.71827618125 0.4846885140625 0.7260406359375 0.48711666249999996 0.7276664515625 0.4863715453125 0.7326046609375 0.483110571875 0.7383253921875 0.4799898546875 0.7389938515625 0.4687080109375 0.7361068375 0.4640445125 0.730028965625 0.459845625
0 0.8071340687500002 0.479884371875 0.8077417593749999 0.46962815156250004 0.8064197906249999 0.4652451578125 0.7988984109375 0.4587145203125 0.7902906656249999 0.45717174062500004 0.783848178125 0.45912658593750005 0.7812575359375 0.46280831562499997 0.7757724046875 0.4752998875 0.77992061875 0.4853720015625 0.784433446875 0.489290384375 0.7937629453125 0.4919990375 0.7968930359374999 0.49256004999999997 0.8000231250000001 0.4931210609375 0.8051436421875 0.486783221875 0.8071340687500002 0.479884371875
0 0.5495711109375 0.5290802390625 0.557214028125 0.5335596328125 0.5789498234375 0.527090234375 0.5977303609375 0.5304563 0.60231143125 0.5198757203125 0.6002069406249999 0.5153524734375 0.5797398203124999 0.5137571484375 0.5584294078125 0.5130471921875001 0.5421104999999999 0.52152398125 0.5495711109375 0.5290802390625
0 1 0.8841770578125001 0.9991289250000002 0.883294815625 0.9913036999999999 0.8818922890625001 0.9897919515625 0.8940595015625 0.9915925968749999 0.9037108593750001 0.9906810625 0.9190951890625 0.9782672937499999 0.9417465828125 0.9806073859375001 0.95564068125 0.989587221875 0.9375563875000001 1 0.925715509375 1 0.8841770578125001