0 0.0185319015625 0.1779721921875 0.0330649375 0.184781940625 0.043631096875 0.1841332578125 0.0485419890625 0.1798267453125 0.0412436703125 0.167335503125 0.0375173640625 0.1646375234375 0.026424721875 0.1683993125 0.0235744140625 0.1728874015625 0.0185319015625 0.1779721921875
0 0.15571001874999998 0.0407736265625 0.1534951421875 0.047687334375 0.165200540625 0.052668165625 0.17679699375 0.052110271875 0.18120407656249998 0.0445998625 0.177763684375 0.0340283234375 0.17313870625 0.030461278125 0.1636028375 0.0312007484375 0.16011709999999998 0.0332632171875 0.15571001874999998 0.0407736265625
0 0.3890625 0.10796499687500001 0.3782486546875 0.0975074171875 0.36676115 0.1036040390625 0.3745632765625 0.11929917500000001 0.372216778125 0.126991159375 0.386858759375 0.13933963437500002 0.3890625 0.1388473375 0.3890625 0.10796499687500001
0 0.448416315625 0.081315684375 0.44754031874999994 0.0741296171875 0.44188504999999995 0.070471784375 0.4284912546875 0.06929155000000001 0.4243474140625 0.07524540625000001 0.4218692953125 0.0837156671875 0.4213428125 0.086828775 0.423643965625 0.0917708 0.4326533515625 0.0941444390625 0.44411818125 0.094364821875 0.44683686875 0.0906550109375 0.448416315625 0.081315684375
0 0.445884015625 0.17666744843749999 0.441018471875 0.16833995468750002 0.4339380484375 0.1669261671875 0.4179571859375 0.1686774671875 0.40892512812500004 0.17262083125 0.408244353125 0.182829221875 0.41067712500000003 0.18699296875 0.41839297656249996 0.190832375 0.4285642765625 0.192518525 0.438231765625 0.191000778125 0.44533485937500006 0.1860975625 0.445884015625 0.17666744843749999
1 1 0.41875 1 0 0.566755128125 0 0.564761865625 0.005471415625 0.5527705515625 0.0083641421875 0.5491305203125 0.01752189375 0.5602004890625001 0.02007710625 0.564825465625 0.0236441515625 0.5622157265625 0.0328926890625 0.5425312328125 0.025629004687500002 0.5256290265625 0.0328282453125 0.5231282359375 0.047615509375 0.5214171656250001 0.057733112499999996 0.5292419671874999 0.0671112453125 0.5352920984375 0.0684342453125 0.5341075125 0.075438740625 0.5281663296875 0.0796544671875 0.5125803296875 0.0790709359375 0.5004800671874999 0.076424934375 0.5120085 0.0948180515625 0.5118088609375 0.11454734062500001 0.5126621859375 0.1280504140625 0.5092627234375 0.1419686140625 0.498192753125 0.1394134 0.49595520156250006 0.15264411093750002 0.477650515625 0.155770390625 0.4720588484375 0.1702852953125 0.4811545078125 0.18451466562500002 0.4858884328125 0.1936204359375 0.492133784375 0.2123378953125 0.49232900781249994 0.229732353125 0.498751328125 0.2350375265625 0.499604653125 0.24854059843749998 0.511419 0.25906015781249997 0.5198792296875 0.270863909375 0.5278129781249999 0.28578077031250004 0.52724115 0.3015278875 0.5330916390625 0.3225801765625 0.5403672859374999 0.34138842343750003 0.5459772078125 0.3576802625 0.5594572765625 0.370716228125 0.5772128078125001 0.37702006093749996 0.5889182078124999 0.3820008921875 0.590298015625 0.39239085625 0.5834354890625 0.4020545234375 0.59165515 0.409097825 0.5984496578125 0.41838517187499996 0.599798815625 0.41875 1 0.41875
0 0.46734818125000005 0.33416425156249996 0.4856075203125 0.34367198125 0.50314515625 0.338898359375 0.5074206171875 0.3321662265625 0.5045067078125001 0.3184815796875 0.49473027187500007 0.3144606 0.47861778906249997 0.3169901765625 0.47215012500000003 0.3243190109375 0.46734818125000005 0.33416425156249996
0 0.0357908984375 0.41875 0.033533464062500004 0.42313257968749995 0.03776358125 0.42903445468749996 0.05332690624999999 0.435934990625 0.07292512500000001 0.43134294375 0.07579810625 0.4205378515625 0.07538698125 0.41875 0.0357908984375 0.41875
0 0.1474329859375 0.45449580625 0.1405704578125 0.46415947187500006 0.1405477859375 0.47047647656249997 0.152648046875 0.4731224765625 0.16786185781250001 0.46972383593749995 0.1731676109375 0.463082490625 0.168805875 0.45795889218749997 0.157363715625 0.4514215046875 0.1474329859375 0.45449580625
1 0.3890625 0.540038190625 0.3828798625 0.5400126765625 0.36369917812499997 0.5359528875 0.3610485109375 0.5207116875000001 0.35434469375 0.48615632499999994 0.33441963124999996 0.47413219062500006 0.303161359375 0.46110939687499997 0.2827507421875 0.47668810937500006 0.2912109734375 0.4884918625 0.2757112484375 0.4997640609375 0.25328539375000003 0.5025271921875001 0.24035447968749998 0.48006111406249996 0.21845510781250002 0.4797111375 0.214660784375 0.49596416874999993 0.1816914421875 0.493058978125 0.16869251093749998 0.4895439125 0.1486994296875 0.496470790625 0.1215169765625 0.496445153125 0.1035844796875 0.50355360625 0.0775003390625 0.48466774375000005 0.0701793484375 0.47849350625 0.05509715625 0.48111387031249997 0.052224178125 0.49191896249999995 0.024910103125 0.49267160312499997 0.016822062500000002 0.48485002499999996 0.007898953125 0.49433211562499996 0 0.5166717171874999 0 1 0.3759117109375 1 0.3890625 0.9202408296875 0.3890625 0.540038190625
0 0.4533745171875 0.620073903125 0.44929869843750003 0.6070767453125 0.44364342812499996 0.6034189140625 0.43244183906250006 0.6016419765625 0.4244400703125 0.6056761296875 0.4236276734375 0.6166627953124999 0.4389277609375 0.6251198859375 0.4533745171875 0.620073903125
0 0.4905651390625 0.703128465625 0.47579153593749995 0.6915582671875 0.4521401703125 0.6768361515625 0.42577011562500006 0.6658238484375 0.43642254999999996 0.6770308984375 0.45735523125000005 0.6954628234375 0.48278126875 0.7182400703124999 0.48727462343749994 0.7225853921875001 0.497840784375 0.7219367109375 0.4992886125 0.7133756625000001 0.4905651390625 0.703128465625
0 0.3890625 0.805556153125 0.41494571249999995 0.8102070703124999 0.43322772656249997 0.8133977953125001 0.44741124687500006 0.809908365625 0.43921425625 0.7965480609375 0.41845412499999995 0.801827596875 0.3890625 0.8035129125000001 0.3890625 0.805556153125
0 0.5068999328125 0.67455259375 0.5091148109375 0.6676388875 0.504884696875 0.6617370109375 0.4899341265625 0.6635790984375 0.4841245640625 0.6670165484374999 0.48717009375 0.67992291875 0.49824006406250004 0.68247813125 0.5068999328125 0.67455259375
0 0.60947508125 0.630669665625 0.6231321171875 0.6302933453125 0.6287011093749999 0.622095446875 0.6296224546875 0.61664750625 0.621666034375 0.6080476499999999 0.6113631171874999 0.607139778125 0.5996123703125 0.6147929546875 0.5989315937499999 0.6250013437499999 0.60947508125 0.630669665625
0 0.64497230625 0.575346840625 0.6520754 0.570443625 0.642825446875 0.5633095359375 0.6366663671875 0.5564478078125 0.6252015375 0.556227425 0.6231182796875 0.5623628546875 0.62541943125 0.5673048796875 0.6354364374999999 0.5760863109375001 0.64497230625 0.575346840625
0 0.636466728125 0.576177096875 0.6260321890625 0.5760475015625 0.62590056875 0.5768257796875 0.6298674421875 0.584284209375 0.638019084375 0.6102785234375 0.6431478703125 0.6170494640624999 0.6544810828125 0.6180481234374999 0.6682697390625 0.6168935265625001 0.6725678734375 0.6038443890625 0.6674390859375 0.59707345 0.6581891343749999 0.5899393609375 0.647777265625 0.5834927609375 0.636466728125 0.576177096875
0 0.6325269453125 0.525277915625 0.63230905 0.5142004609375 0.620735271875 0.5084413515625 0.60736415 0.5009441140625001 0.59947133125 0.51051699375 0.606397459375 0.5190260625 0.6207988734375001 0.5266140874999999 0.6325269453125 0.525277915625
0 0.6906773375 0.5833236515625 0.6782048875 0.576695478125 0.6698309328125001 0.5767474578125 0.6609078187499999 0.58622955 0.6642392640624999 0.5912623609375001 0.6740157 0.5952833421875 0.6835515671875 0.594543871875 0.6906773375 0.5833236515625
0 0.8097686640624999 0.46032882031250005 0.8225270281250001 0.4590834359375 0.82899469375 0.4517546015625 0.827351646875 0.442921190625 0.8157778671875 0.43716208125 0.8059787578125001 0.4394581046875 0.7990072828125 0.44358304375 0.8020754828125 0.450172409375 0.8097686640624999 0.46032882031250005
0 0.8356940921875001 0.5234337109375 0.8268390015625 0.513964790625 0.8165360796875 0.51305691875 0.8076356421875002 0.51622200625 0.810308984375 0.525146203125 0.8203259890624999 0.533927634375 0.8330843531250001 0.5326822484375 0.8356940921875001 0.5234337109375
0 0.8109853421875 0.5520615609374999 0.8187238671875001 0.5495839625000001 0.8250599125000001 0.5430334046875 0.8251915343749999 0.542255128125 0.8192956953125 0.533836846875 0.8045220953125 0.5222666484375 0.797287378125 0.5279481421875 0.7984266171875001 0.53357765625 0.7989077531250001 0.54309855625 0.8109853421875 0.5520615609374999
1 1 1 1 0.582145028125 0.980806540625 0.5804537390625 0.958689275 0.5690263078125 0.9457992875000001 0.57104996875 0.9454907 0.58524053125 0.934289109375 0.5834635953125 0.9249528828125001 0.564473775 0.8962590031250001 0.5548364515624999 0.885801790625 0.561023859375 0.8724306671875001 0.5535266218749999 0.865241296875 0.5465741078125 0.84025105 0.5459517671875 0.8376413093749999 0.5552003062499999 0.8288498203125 0.5639041203125 0.8089020843749999 0.5581969906250001 0.8071910156250001 0.5683145921875 0.811135215625 0.5820900265625 0.797060646875 0.5911181828125 0.785486865625 0.5853590734375 0.777902634375 0.580741390625 0.7682124734375 0.5885761406250001 0.7519910421875 0.5855669906250001 0.7267148828125001 0.5928182093750001 0.7058231296875 0.5988760234375 0.6902144578125 0.6046094953125 0.679888865625 0.610018628125 0.677542365625 0.6177106109375 0.6639942781249999 0.6236256578124999 0.6458212125 0.6259736609375001 0.6476821562499999 0.6458845249999999 0.6382325609375 0.658479725 0.621988459375 0.6617875796874999 0.6256920921875 0.6708025640624999 0.609207421875 0.6693499671875001 0.6020407249999999 0.6560804484375 0.5940616296875 0.653797596875 0.5790021140625 0.6501009578125 0.5672513671875 0.6577541328125001 0.5507440234375001 0.6626185421875 0.55017219375 0.6783656578125 0.56343436875 0.68032416875 0.5676644828125 0.6862260453125 0.5635206421875 0.6921799 0.55229638125 0.6967199671875 0.54839310625 0.7074342734375 0.53756370625 0.709639509375 0.5217371390625 0.7042955281250001 0.5404776140625 0.72332415625 0.5186645171875 0.734829909375 0.506146721875 0.7408357437499999 0.490932909375 0.744234384375 0.4861082921875 0.7603966296875 0.48500998281249996 0.7792568546875 0.47928669375000005 0.7945500359375 0.46996872031250003 0.8063669578124999 0.4617899875 0.8238133953125001 0.4640684640625 0.8350724249999999 0.46970106093749997 0.8450472609374999 0.4661926515625 0.8534267343749999 0.4436351765625 0.8569681421875 0.4483464265625 0.8723909171875001 0.45992020624999996 0.8781500265624999 0.46325165 0.8831828390624998 0.46193544375 0.890965609375 0.45033899218749995 0.8915235046875001 0.4396185375 0.8992674671875001 0.44972181562499997 0.9199046296875 0.4521545890625 0.9240683765625001 0.4326653171875 0.9341991499999999 0.422317053125 0.9459252859374999 0.44947683125 0.9522679265625001 0.46968780624999995 0.956418503125 0.47635069531249996 0.966484125 0.4812162390625 0.9748116203125001 0.4792192578125 0.99280278125 0.4842599109375 1 1 1