0 0.112372175 0.4890625 0.11438707343750001 0.478708678125 0.1170776125 0.466113565625 0.12311395624999999 0.4597067109375 0.10982258125 0.4600163859375 0.10544010625 0.44654169687499995 0.098566484375 0.428947575 0.091529871875 0.4291115203125 0.09474909375 0.45410136874999996 0.094967515625 0.4603624921875 0.0893125796875 0.45527240156250004 0.0920585546875 0.46669648124999996 0.0946225125 0.4729029578125 0.10213236875000001 0.48630478125 0.10312148125000001 0.4890625 0.112372175 0.4890625
0 0.12103729375000001 0.35531820625 0.1123641859375 0.35343154375 0.109455225 0.35976553125 0.10896460781249999 0.3681319125 0.1116377765625 0.3774689515625 0.114837965625 0.379483128125 0.118783596875 0.38043556875 0.12414730468749999 0.37717749375 0.126238015625 0.3698182 0.1274376734375 0.359346559375 0.12103729375000001 0.35531820625
0 0.0142851640625 0.27843338125 0.0161036796875 0.28570159375 0.0221036203125 0.27825121875000003 0.026794693749999998 0.278141921875 0.0306311140625 0.2759638 0.032867440625 0.27277858906249997 0.035030959375 0.2675063390625 0.034848940625000005 0.2622887328125 0.03072129375 0.25611869062500003 0.0274847 0.2530609921875 0.020448090625000002 0.2532249390625 0.014266132812499999 0.255457709375 0.012811651562500002 0.2586247046875 0.0116119953125 0.2690963421875 0.0142851640625 0.27843338125
0 0.12006678906249998 0.170487525 0.10912095 0.170742553125 0.1013753015625 0.17301175468750002 0.09999362656250001 0.1782657921875 0.100321259375 0.187657478125 0.1108492875 0.1978558734375 0.11941318593750001 0.1966119765625 0.124594875 0.188136296875 0.1225215359375 0.1735634390625 0.12006678906249998 0.170487525
0 0.059103525000000004 0.23979188125 0.059594143749999995 0.2314255 0.056957378125 0.22313198281250002 0.046720578125 0.22128175 0.04281135 0.22137283124999999 0.0405022171875 0.222471 0.0393025625 0.232942640625 0.0394481765625 0.2371167234375 0.042012134374999996 0.2433231984375 0.0484125125 0.24735155312499998 0.054521664062499996 0.243031740625 0.059103525000000004 0.23979188125
0 0.1628846171875 0.119360209375 0.15861135312500002 0.1090160828125 0.1492292046875 0.10923467656250001 0.1439383046875 0.1145797953125 0.1387566140625 0.12305547343750001 0.14224803125000002 0.1334178171875 0.151630178125 0.133199221875 0.159448634375 0.133017059375 0.1631030375 0.125621334375 0.1628846171875 0.119360209375
0 0.2545045015625 0.0764951796875 0.2575954796875 0.07537879374999999 0.25886794375 0.0669941953125 0.2585403125 0.057602509375 0.25504889375 0.047240165625000004 0.2518123015625 0.044182468749999995 0.24015742499999998 0.046542753125 0.2364666171875 0.052894959374999995 0.23679424999999998 0.0622866453125 0.24263120312500003 0.0725943375 0.24824973749999998 0.076640909375 0.2545045015625 0.0764951796875
0 0.2651381234375 0 0.2653204375 0.0052260953125 0.2741755625 0.0123303609375 0.283557709375 0.01211176875 0.28433955625 0.0120935515625 0.287248515625 0.0057595640625 0.2870475921875 0 0.2651381234375 0
0 0.5528632453125 0.4307407125 0.5513723625 0.4328641859375 0.5496456843749999 0.4506586859375 0.5635559203125 0.46808886406249994 0.571592796875 0.47416782656249995 0.5903206875 0.47268711718749995 0.5965564203125 0.4495657171875 0.5827918000000001 0.436309621875 0.5528632453125 0.4307407125
0 0.6372107296875 0.4037106515625 0.6354286171875 0.3974859609375 0.6249005890625 0.38728756249999996 0.6155548468750001 0.388549678125 0.6145736109375 0.4052824421875 0.6296470984375 0.411197459375 0.6372107296875 0.4037106515625
0 0.7789332359375 0.13722771250000002 0.7844061546875001 0.1371002 0.792333821875 0.1400486 0.7925696140625 0.1243775734375 0.7866962562500001 0.11302635781249999 0.7728414562499999 0.11961537343749999 0.7698596890625 0.1238623203125 0.7741693546875 0.13524996875 0.7789332359375 0.13722771250000002
0 0.8109127749999999 0.0445781609375 0.8195130765624998 0.044377784375 0.8265860906250001 0.045257359375 0.8260764406250001 0.03064806875 0.820948525 0.01823511875 0.8123118203124999 0.0173919734375 0.806421090625 0.0279729109375 0.8109127749999999 0.0445781609375
0 0.7542368265625 0.012478846875000001 0.7445270484375 0.003305753125 0.7342538453125 0.0004120015625 0.7234172171875001 0.0037975906249999997 0.7238176562499999 0.0152763171875 0.7266728421875 0.029830959375 0.73858254375 0.034775320312500003 0.7566013953125 0.0353998703125 0.7600737796875 0.022786540625 0.760037378125 0.021743018750000002 0.7542368265625 0.012478846875000001
1 0.3796875 0 0.3796875 0.3318154984375 0.38276259218750003 0.3323557234375 0.3878714765625 0.321793003125 0.39363562343749997 0.3300136546875 0.40439944375000003 0.3245410265625 0.42298172031250003 0.31888623437499997 0.42483663906249997 0.32719796875 0.4339101875 0.34056335937500004 0.45331071093749997 0.335933871875 0.46816577812500004 0.33558776562500003 0.469819646875 0.3157062234375 0.4822927734375 0.3143712453125 0.48676542500000003 0.3080008234375 0.4958927484375 0.30047758281250003 0.5052020875000001 0.29817195 0.50418445 0.313861190625 0.51423923125 0.3104938203125 0.5198387328124999 0.2915647171875 0.5246754203125 0.29562950312499997 0.5274577984375 0.3080971015625 0.5340037921875 0.316299540625 0.5528044890625 0.316905871875 0.554968009375 0.31163362031249997 0.5565854734375 0.2907085578125 0.5585669765625 0.2802187015625 0.561257515625 0.26762358750000004 0.559856809375 0.24990195312500002 0.5696203625 0.2381864140625 0.5760935500000001 0.244301809375 0.5715116874999999 0.24754166875 0.572766778125 0.26108922031250004 0.582367346875 0.2671317515625 0.5979678546875 0.2657239078125 0.601185415625 0.24580593281250002 0.5915120390624999 0.23767636093750003 0.5983666328125 0.2322948125 0.5976021578124999 0.2103808765625 0.585364825 0.19604483125 0.6024562171875 0.19251351249999998 0.603073415625 0.165345540625 0.6196915625 0.1482484546875 0.6311089859375001 0.116651375 0.6461808125 0.07765856875 0.6526539984374999 0.0837739625 0.6763815609374999 0.068599971875 0.6888910906250001 0.0683085140625 0.6938907625 0.05461523124999999 0.6791986828125001 0.037203268750000004 0.672888484375 0.013329804687499999 0.709853646875 0.0187347703125 0.7110169 0.0072196109375 0.680270096875 0.0006253953125 0.679923540625 0 0.3796875 0
0 0.6404059375 0.271001359375 0.634751 0.26591126875 0.624477796875 0.2630175171875 0.6131869562500001 0.2758130078125 0.6145876609375 0.29353464375 0.622478925 0.29543952500000004 0.6364793375 0.293024590625 0.64002453125 0.282498303125 0.6404059375 0.271001359375
0 0.3219266015625 0.9635504874999998 0.3124714515625 0.9563987656249999 0.3016049421875 0.9615666218750001 0.29839677343750004 0.97515673125 0.3043439609375 0.9873048609375001 0.320729378125 0.9820084203124999 0.3219266015625 0.9635504874999998
0 0.297543184375 1 0.29912484375 0.9960271453124999 0.28971252187499996 0.9901030953125 0.276835065625 0.9904031265625001 0.2750222453125 1 0.297543184375 1
1 0.3796875 0.4890625 0 0.4890625 0 0.9698348765624999 0.0361200671875 0.9775814875 0.053105073437500004 0.9894724499999998 0.06536250625 0.9977875484375 0.067898009375 1 0.1864495390625 1 0.18774117031249998 0.9961649250000001 0.21362456875000002 0.999247878125 0.2139927734375 1 0.2319616421875 1 0.23105828750000001 0.9976130234374999 0.24100497812500002 0.992466596875 0.2511646140625 1 0.2592755203125 1 0.263957609375 0.9907031578125001 0.2549083453125 0.9687979484374999 0.26889736875 0.9475846421874999 0.286459571875 0.9496327984375 0.3020108265625 0.9468131328125 0.3172622890625 0.9353997671875 0.336470428125 0.905464175 0.36782990781249997 0.9071908718749999 0.371786584375 0.888668646875 0.3796875 0.8884845640625001 0.3796875 0.4890625
0 0.8168560625 0.8757661156250001 0.8212021328125001 0.8881972843749999 0.8260024171874999 0.8912185484374999 0.8338936796875001 0.8931234281249999 0.8353481609374999 0.889956434375 0.8388205453124999 0.8773431046875 0.8306380546875001 0.8670900593749999 0.8226011781250001 0.861011096875 0.8180193140625001 0.8642509562499999 0.8168560625 0.8757661156250001
0 0.7588282015625 0.6703330640624999 0.7723744 0.677328034375 0.78630200625 0.672826059375 0.7874288546875 0.6602673796875 0.784537265625 0.644669215625 0.7695001828125 0.6397977203125 0.7557181890625 0.6484737765624999 0.7588282015625 0.6703330640624999
0 0.7419692796875 0.5683777078125 0.7555882859375 0.5774597187499999 0.768661240625 0.5708889218750001 0.7807703296875 0.5591187328125 0.7805155046875 0.551814090625 0.7715147640625 0.5405357390625001 0.7495866859375 0.5400022718749999 0.73885926875 0.546518421875 0.7419692796875 0.5683777078125
0 0.7986394812500001 0.9367639375 0.8088762812500001 0.93861416875 0.8052028468749999 0.923034221875 0.79538385625 0.9107305671875 0.7829281031249999 0.890133396875 0.7728005140625 0.8914137265625002 0.7724919140625 0.9049977124999999 0.7870383796875 0.9182355921875001 0.7986394812500001 0.9367639375
1 0.3796875 0.4890625 0.3796875 1 0.6745958765625 1 0.67316444375 0.9960832906250001 0.6856549421875 0.972816159375 0.697181575 0.9443496421875001 0.7009989640625001 0.9191958484375 0.7032526609375 0.8940784859375001 0.7066522390625 0.879378115625 0.699887825 0.8649145546874999 0.7061425890624999 0.864768825 0.7412354624999999 0.8837942078125 0.73790703125 0.8556737968749999 0.737360978125 0.8400209859375 0.74987050625 0.8397295265625001 0.7552879906250001 0.8155828218749999 0.7400324859375 0.8044502 0.7301042843750001 0.789015984375 0.7327220171875 0.774333828125 0.711830609375 0.781086790625 0.7175393203125 0.76528825 0.71841134375 0.745424921875 0.7208834640624999 0.7265686859375 0.7362655499999999 0.7188997171875 0.7292827140625 0.6981750328125 0.7379003875000001 0.6760425031249999 0.718772059375 0.666044484375 0.7190442546875 0.6514169765625 0.718316184375 0.6305465640625 0.69826039375 0.616392678125 0.68207743125 0.601104190625 0.6950775765625 0.5924463484375 0.6947309125000001 0.560078990625 0.7210588375 0.5521549968749999 0.6870026359375 0.5404160421875 0.6863837765625 0.522676190625 0.6632006046875001 0.50859516875 0.6551314625 0.4890625 0.3796875 0.4890625