1 0 0.36875 0.41875 0.36875 0.41875 0 0.05823764687500001 0 0.056556003125 0.001704084375 0.0366953203125 0.0128242328125 0.024761203125 0.0347416546875 0.0077521734375 0.05345124062499999 0 0.062128520312500005 0 0.36875
0 1 0.32106999375 0.9945948125000001 0.3231348734375 0.9894410453125001 0.329454925 0.9860177718750001 0.3388849515625 0.987967165625 0.3461658296875 0.999150296875 0.3502093328125 1 0.350199459375 1 0.32106999375
1 0.41875 0 0.41875 0.36875 0.9488635750000001 0.36875 0.9506491328125 0.35181625156249996 0.9631796859375001 0.351670653125 0.9680598296875 0.340136975 0.972830521875 0.32651784687499996 0.96070005625 0.31935526875 0.957748603125 0.30791258906249996 0.9488772359375 0.288191809375 0.967601328125 0.30153793906250004 0.9762160812499999 0.301437840625 0.9766161671875 0.2941296640625 0.98586691875 0.2762850328125 0.9809660734375001 0.257561478125 0.9804735499999999 0.24817695 0.9979219578125 0.2521476546875 0.9993411125 0.234394025 0.9947686171874999 0.22192681875 0.9866633984375 0.2168041921875 0.9768276859375 0.2085715890625 0.9729118875000001 0.2086170890625 0.9857878 0.2001205875 0.992853246875 0.185431434375 0.9883901999999999 0.17504968125 0.9783185765625 0.1772534296875 0.9747311296875001 0.18355528125 0.9687187765624999 0.15858447343749998 0.9741084531249999 0.14182806875 0.9735064796875001 0.13035809062499998 0.9822476953125001 0.11773618749999999 0.9894225921875 0.105132484375 0.9985091671875 0.0841596796875 0.9921514531250001 0.067539775 0.9778356828125 0.063532671875 0.9686736812500001 0.05320551875 0.9688001406249999 0.0406837140625 0.9528633281250001 0.035652084375 0.9843331796874999 0.00815903125 0.9907687890624999 0 0.9637361453125 0 0.9440466843750001 0.016974028125000002 0.9401481484375 0 0.41875 0
0 0.38595555 0.4045455265625 0.385134678125 0.3889046453125 0.3904149078125 0.37006279062499997 0.3782127046875 0.3764647421875 0.3747894296875 0.38589476875 0.36974511250000003 0.394300271875 0.3655386796875 0.4037393984375 0.36670491250000004 0.41102937500000003 0.3765953515625 0.42030470312499996 0.38595555 0.4045455265625
0 0.39554203125 0.48268622499999997 0.3920263203125 0.4754235484375 0.388072809375 0.45981906875 0.381698084375 0.457806415625 0.3740853875 0.4620683171875 0.3750157125 0.47979464531250005 0.3821018609375 0.4953627265625 0.39554203125 0.48268622499999997
0 0.3784463671875 0.5600935953125 0.38755364375 0.569378025 0.398244253125 0.5640369984375 0.39977285937499996 0.5483688203125 0.3932886828125 0.54427071875 0.38097703125 0.5485872171875 0.38086758125000003 0.5465017671875 0.3784463671875 0.5600935953125
0 0.3251064640625 0.633748659375 0.328622178125 0.6410113375 0.339641134375 0.6419266640625001 0.349274959375 0.6313811125 0.347435015625 0.6261856859374999 0.343974028125 0.619965734375 0.3397298828125 0.61375488125 0.332517271875 0.6107086046875001 0.32730878125 0.61598593125 0.32528765000000004 0.6222695828125 0.3251064640625 0.633748659375
0 0.19008800625 0.5695857484375 0.1851531390625 0.580076703125 0.1865382703125 0.5915375796875 0.1924034609375 0.598772959375 0.201801375 0.598663759375 0.2024920953125 0.5819619546875 0.19008800625 0.5695857484375
0 0.0819609640625 0.6146632984375 0.0697927828125 0.5918507421875 0.072597071875 0.585557990625 0.0602136828125 0.60343901875 0.057009309375 0.6170399484375 0.055590153125 0.6347935765624999 0.0634764734375 0.6357453046874999 0.0788113140625 0.6293069546875 0.0819609640625 0.6146632984375
0 0.41875 0.745713209375 0.4180191890625 0.7317883765625 0.40253718593750004 0.7204912953125 0.3913370421875 0.731055046875 0.3898084359375 0.746723225 0.40182945312499996 0.751800353125 0.41875 0.7474523984375001 0.41875 0.745713209375
1 0 1 0.41875 1 0.41875 0.7516639093749999 0.41222942656250006 0.75585295625 0.396949309375 0.76333403125 0.38223345468750003 0.7666351062500001 0.36988408906250003 0.7553016250000001 0.35188843125 0.7409036703125 0.360684371875 0.7293244921875 0.35975405 0.7115981609375 0.3589879015625 0.6970000078125 0.3496069984375 0.682501953125 0.3344363328125 0.6920684781249999 0.31542160625000004 0.688115975 0.3003226765625 0.684117971875 0.305948265625 0.6569252156250001 0.2946386734375 0.665403515625 0.28658817812500004 0.6613236140625001 0.3049255046875 0.6225061796875 0.3265219296875 0.5711305421875 0.29117399375 0.614319075 0.273236753125 0.6458283328125 0.25471455 0.65126035625 0.2460073578125 0.63466775 0.22905147343749999 0.640081575 0.2090346859375 0.6319672687500001 0.18442839375 0.625993015625 0.1755400140625 0.6208794875000001 0.16383033593750002 0.636665965625 0.14230195625 0.6296125859374999 0.1341420125 0.6234472328124999 0.12110192500000001 0.628815559375 0.102432559375 0.616512153125 0.08820922812500001 0.6291977546874999 0.0739311703125 0.64084063125 0.0531689390625 0.64838540625 0.0444277234375 0.661007309375 0.0290928828125 0.667445659375 0.0150507375 0.66865218125 0.007602215625 0.6760422578125 0 0.67691388125 0 1
0 0.79609445 0.6252007296875 0.7947224109375 0.6166242875 0.7928153015625 0.6154189609375 0.7797230578125001 0.6118886359375 0.7738529468750001 0.623004196875 0.7743680046874999 0.632818084375 0.7792323546875 0.6376714953125 0.7820608296875 0.6388661156250001 0.789431740625 0.63878046875 0.7940385640625001 0.6387269390625001 0.796223215625 0.6276542015625 0.79609445 0.6252007296875
0 0.8117863375000001 0.7133972281250001 0.7930815140625 0.72588940625 0.8057030703125001 0.7380175890625 0.8106318 0.7440977375 0.8224163875 0.740278353125 0.8259086968750001 0.736555325 0.8269788390624999 0.7218130859375 0.8193503968750001 0.7169917890624999 0.8117863375000001 0.7133972281250001
0 0.74055243125 0.8492481406250001 0.7451792656249999 0.83200960625 0.7331371499999999 0.830922046875 0.7285303296875 0.8309755765624999 0.7240522734375 0.833482578125 0.724374184375 0.8396162546875001 0.7286390796875001 0.850614053125 0.7295604453125 0.850603346875 0.74055243125 0.8492481406250001
1 0.41875 1 0.7576835296875 1 0.7565262015625001 0.9779483265625 0.744226559375 0.9719538249999999 0.7372419390625 0.979399884375 0.73525043125 0.9941528296875 0.718150821875 0.9845316499999999 0.7109286875 0.9698857609375 0.703429009375 0.9675179374999999 0.7087196765625 0.945361753125 0.7265675203124999 0.9341070171875 0.7271226046875 0.90955089375 0.71205886875 0.9035885046875001 0.7161706453125 0.8765360874999999 0.7152692937499999 0.8593617890624999 0.7037622484374999 0.8509031078125 0.69478178125 0.8203203625000001 0.69218648125 0.7884359421875 0.69334101875 0.75773543125 0.676776478125 0.74074313125 0.676345815625 0.7149709765625 0.6607026390625 0.6979679703125 0.6498150609375 0.6661799015625001 0.6341718843749999 0.64917689375 0.6219566359375 0.6272241218750001 0.6075123671875 0.597932346875 0.6010184484375001 0.5795955453125 0.5920823484375 0.5674245421874999 0.595594671875 0.5465165046875 0.5946933234375 0.5293422046874999 0.5919492421875 0.51218931875 0.5794764671875 0.4853296046875 0.559805909375 0.47942074687499997 0.5509141796875 0.4856614828125 0.54118548125 0.47595465312499996 0.54358329375 0.45137711875 0.5345184296875 0.43675264375000006 0.5170768953125 0.4381827875 0.5077788562500001 0.4542481171875 0.5121725171875 0.4676993828125 0.4940871609375 0.45686217500000004 0.48834581562499996 0.47043120624999996 0.47623931875 0.46811690937500006 0.47270263906250004 0.4534282 0.45416660625 0.4340038375 0.4375176703125 0.43296980781250005 0.43659630624999995 0.4329805125 0.42613939062500006 0.426964596875 0.41875 0.4359038828125 0.41875 1
0 0.7700543984375 0.55062679375 0.761762121875 0.5507231453125 0.74689153125 0.548440965625 0.7406351296875 0.5521961140625 0.7489073921875 0.5692847671875001 0.7565358343749999 0.5741060640625 0.771277659375 0.5739347718750001 0.7764195515625 0.5665101234375001 0.7747899828125 0.553026734375 0.7700543984375 0.55062679375