0 0.34401507656249997 0.41922976093750003 0.3544565625 0.41885684375 0.35760998437499997 0.41695757968749997 0.35972746875 0.41439619062500005 0.361908790625 0.4063949203125 0.35675645 0.40075293125 0.35154938750000003 0.3997737 0.3431889015625 0.400693734375 0.3378815171875 0.4082628921875 0.3377720734375 0.41758840781249995 0.34401507656249997 0.41922976093750003
0 0.32622325937499996 0.60124813125 0.32826778125 0.6049037546875 0.3397543265625 0.604415834375 0.3491781125 0.60182654375 0.3523680171875 0.596818771875 0.3524044984375 0.5937102671875001 0.3514597609375 0.5852768828125 0.348397540625 0.5794048843749999 0.334811753125 0.5808999406249999 0.3285049078125 0.5846984703125 0.32633270468750003 0.5919226171874999 0.32622325937499996 0.60124813125
0 0.255573321875 0.48484321562500005 0.250375378125 0.48308685625000003 0.23254550468750002 0.4904818140625 0.229355603125 0.495489584375 0.229255278125 0.5040379734375 0.23543444062500002 0.5111192109375 0.2458394453125 0.5138548000000001 0.2552449921875 0.5128197625 0.261542715625 0.5097983578124999 0.2657776796875 0.5046755828125 0.2659053640625 0.49379581406249995 0.255573321875 0.48484321562500005
0 0.1516509546875 0.44660755625000004 0.15569439375 0.457804434375 0.16191915625 0.461000040625 0.169261940625 0.45786363124999996 0.17976726875 0.4520508296875 0.18093089375 0.44183318437499997 0.17368843125 0.4364212046875 0.1674271890625 0.436334103125 0.16115682343749999 0.43702412968750004 0.153823159375 0.4393834109375 0.1516509546875 0.44660755625000004
0 0.094481134375 0.2487785765625 0.08605680624999999 0.2551384953125 0.08388460156250001 0.26236264062500003 0.0859200015625 0.266795390625 0.09425312500000001 0.2682067359375 0.10267745312500001 0.2618468171875 0.1027960171875 0.251744175 0.094481134375 0.2487785765625
0 0.0316991828125 0.17341844687500002 0.030508200000000003 0.185967471875 0.03039875625 0.1952929890625 0.030344034375000002 0.199955746875 0.045011364062499996 0.19523718125 0.0503278703125 0.1868908953125 0.05461755625 0.1771053640625 0.054708759375000006 0.1693341015625 0.0495290578125 0.166023490625 0.0380425109375 0.1665114109375 0.0316991828125 0.17341844687500002
0 1 0.3613972765625 0.9941156249999998 0.36266834531250003 0.9939879406250001 0.37354811250000003 0.994969159375 0.37887299375 1 0.381004821875 1 0.3613972765625
0 0.7576384921875 0.23579543125 0.762936759375 0.2290034 0.7599839828125 0.2138058859375 0.756867040625 0.21259664531250003 0.7484974359375001 0.21429380625 0.7379738671875 0.22166085937500002 0.7388456421875 0.2363112546875 0.7471696453125001 0.23849972656250001 0.7576384921875 0.23579543125
0 0.7253898140625 0 0.7206440328125 0.008581950000000001 0.7183897484375 0.02280023125 0.7214337265624999 0.0302264828125 0.7340200546875 0.0249608 0.741435803125 0.0156073796875 0.7468252718749999 0.001044084375 0.7468375249999999 0 0.7253898140625 0
0 0.6560798562500001 0.174015975 0.6362054640625 0.17775530781249999 0.629789175 0.19087935625000002 0.6370042765624999 0.198622715625 0.6463824609375 0.19991905625 0.6579419718749999 0.1932141234375 0.661113634375 0.18976060625 0.6601415359375 0.1836586 0.6560798562500001 0.174015975
0 0.6519961640625 0.25518212500000004 0.6551951890625001 0.249397228125 0.65115175 0.23820035156250002 0.6386931062500001 0.2325862640625 0.626061175 0.2417375796875 0.621744128125 0.253854490625 0.6279141687500001 0.2617128546875 0.6362472921875 0.2631242 0.64568931875 0.25898065625 0.6519961640625 0.25518212500000004
0 0.5596066234375 0.3088120515625 0.5534183421875 0.302507940625 0.5367156125 0.30279375625 0.5303722859375 0.3097007921875 0.5302263609375 0.3221348140625 0.540585765625 0.328756034375 0.5521452734375 0.322051103125 0.5553260578125 0.317820459375 0.5596066234375 0.3088120515625
0 0.96123116875 0.65 0.9606315953125 0.644097615625 0.947091409375 0.6417070390624999 0.937292078125 0.65 0.96123116875 0.65
1 0.4 0.65 0.9251043750000001 0.65 0.922009953125 0.644467140625 0.9252910609375 0.63168810625 0.9327980109375 0.6145634234374999 0.92352926875 0.60394156875 0.934107559375 0.59191175625 0.9383972453125 0.582126225 0.9469857390625 0.56177803125 0.92619396875 0.5547526 0.9189879874999999 0.5462321140624999 0.9263307734375001 0.54309570625 0.9379632453125 0.5301737640625 0.921497640625 0.510254296875 0.911220321875 0.49663893750000004 0.923824890625 0.48981900156249997 0.9250249953124999 0.4764928515625 0.8969086812499999 0.47104957656249996 0.9293511640624998 0.4635988125 0.930669834375 0.44017001875000006 0.9150395249999999 0.43800945 0.8784076796875 0.446697359375 0.855598753125 0.433684925 0.8472382656249999 0.4346049609375 0.8473203484375 0.427610821875 0.8567714953125 0.422690153125 0.8590987453124999 0.402254859375 0.8403241343750001 0.4012164328125 0.8183140203124999 0.40907140468750003 0.8047555921875 0.4082350828125 0.7765389546874999 0.411340196875 0.7579011484375 0.3986448734375 0.7308572546875001 0.390755215625 0.7309484578125 0.382983953125 0.7070488671875 0.37397215625 0.6863483 0.3591754625 0.6770886796875001 0.3477764796875 0.6710554421875 0.3282612203125 0.6553977734374999 0.3284320328125 0.636604921875 0.32894785625 0.6155760265625 0.34212770937500003 0.5925846906250001 0.344657803125 0.578962421875 0.3492613640625 0.555952846875 0.3533457109375 0.5560349296875 0.3463515734375 0.5456208046875 0.34439311093749997 0.5205758296875 0.344044709375 0.5154234890625 0.33840271875 0.5102893890625 0.3312064765625 0.4883431140625 0.33362156718749997 0.47259424218749996 0.3415636421875 0.468277196875 0.35368055468750004 0.4588807703125 0.35393846562500003 0.4600261546875 0.345275071875 0.4549741359375 0.33108469375 0.4424516484375 0.3309104921875 0.423613196875 0.335311946875 0.418150765625 0.35609225312500004 0.40766367812500004 0.3603508015625 0.4 0.3509164890625 0.4 0.65
0 0.3422773609375 0.8103031671875 0.348532071875 0.800484009375 0.33999006875000004 0.7959455046875 0.33017566249999997 0.795199365625 0.3165869671875 0.8021732531250001 0.31779499375000003 0.8038664875 0.325000215625 0.8176829531250001 0.3422773609375 0.8103031671875
0 0.2379537 0.8062610671874999 0.249137075 0.7949864468750001 0.24309695781250001 0.7865202796874999 0.23209598593749997 0.7822523734375 0.223468146875 0.7850279984374999 0.2160268671875 0.7913253906250001 0.217138325 0.8012470203125 0.2232428203125 0.8042275921875 0.2379537 0.8062610671874999
0 0.1142650359375 0.8828753515625 0.1068559453125 0.886429946875 0.1006334234375 0.8935063046874999 0.10422530468749999 0.9013288046875001 0.11771742968750001 0.9025833140625 0.12513725 0.8981144531249999 0.127660590625 0.89235825625 0.125308925 0.8834861921874999 0.1142650359375 0.8828753515625
0 0.930304246875 0.8277981484374999 0.9264655796875001 0.8410037734374999 0.9535893156250002 0.831627328125 0.9758273109375001 0.82004928125 0.95624141875 0.8148999390625 0.930304246875 0.8277981484374999
0 0.900277184375 0.9799354296875 0.8979147843749999 0.97197763125 0.8869138171875001 0.967709725 0.8707052125000001 0.9886682062500001 0.8841007671875001 0.9981511109374999 0.8988652968749999 0.9956132546875001 0.900277184375 0.9799354296875
1 0.4 1 0.725182346875 1 0.7331211296875 0.9937647796875 0.724750803125 0.9745980156249999 0.69267694375 0.98725845625 0.675700234375 0.9690387859375 0.6808005734375 0.9529550625000001 0.6761079656250001 0.9342966671875 0.643029946875 0.927892815625 0.6332691921875 0.9225753453125 0.6458215359375 0.8992799640625 0.6618691968749999 0.892035478125 0.6670446421875 0.8695518906249999 0.6287911796875 0.8856316265625 0.6177043703124999 0.8886778484375 0.6227617890625 0.8762511921874999 0.6105957156249999 0.8666329890625001 0.5907845015625 0.8806832359375001 0.5739901953125 0.846921040625 0.5875681609375001 0.8408614171875 0.5816460671875 0.822338321875 0.5545437921875 0.8298862343750001 0.5398221828125 0.828767025 0.506744165625 0.822363171875 0.4821652328125 0.8241548890624999 0.48599317031249994 0.8118635296875001 0.5274030328125 0.736085890625 0.47890597343749997 0.7879901375 0.44787919218749994 0.8160578031250001 0.44812597656250003 0.7950296796874999 0.4236436125 0.7885929984375 0.42129194375 0.779720934375 0.4 0.776295665625 0.4 1
0 0.46901016875 0.68955280625 0.474207075 0.6652406859375 0.4681884171875 0.6549459875 0.45695139375 0.6707919390625 0.44569290937500006 0.6884664265625 0.44556415156250007 0.6994376203125 0.46901016875 0.68955280625
0 0.4503747859375 0.7080390859375 0.46506420625 0.71190109375 0.4762153921875 0.703369271875 0.480075515625 0.6883351140625 0.470282571875 0.6857604421875 0.45791263125 0.6935132984375 0.4503747859375 0.7080390859375
0 0.4277827125 0.7497879203125 0.43019875937499996 0.7531743859375 0.44614985156250003 0.754158296875 0.45368769374999995 0.739632509375 0.4537735328125 0.7323183765625 0.44771195625000004 0.72568074375 0.4428154828125 0.72439340625 0.4354063953125 0.7279479999999999 0.43285085937499995 0.736446996875 0.4277827125 0.7497879203125
0 0.81966149375 0.8390608046875 0.8158335578125001 0.8513521624999999 0.8280640109374999 0.85548476875 0.8416741640625001 0.8466823484375 0.8429894843749999 0.83923291875 0.8381359312499999 0.83428851875 0.81966149375 0.8390608046875
0 0.7334537515624999 0.9654225249999999 0.7421459703125001 0.9571613031249999 0.741034515625 0.947239671875 0.7373782562500001 0.9449027703125001 0.7275423906249999 0.9459851640625001 0.715172453125 0.95373801875 0.711355246875 0.9651151109375 0.719907978125 0.9687393500000001 0.7334537515624999 0.9654225249999999
0 0.7167452859375001 0.9243461984374999 0.7069737984375 0.9199429953125 0.6983352296875001 0.9236328859375 0.6822231921874999 0.936362971875 0.683302459375 0.9490274 0.6980562546875 0.9474038109375 0.7128851609375 0.93938035625 0.7167452859375001 0.9243461984374999