0 0.66875 0.0997757796875 0.6630249046875 0.10243602656249999 0.6524632828125 0.1248800734375 0.6650024671875 0.1210334859375 0.66875 0.11929214218749999 0.66875 0.0997757796875
0 0.66875 0.2761513890625 0.6620232890625 0.2740231453125 0.6442533734375 0.2805124015625 0.6452239421875 0.292930896875 0.6535257296875 0.3002457625 0.66875 0.29639770468750004 0.66875 0.2761513890625
0 0.55201405625 0.3575970484375 0.5394475546875 0.366123284375 0.5289451203125 0.3784280921875 0.5341166625 0.3859246640625 0.5414160109374999 0.38628062500000004 0.5591677125000001 0.38291113593750004 0.5633550281249999 0.3803290375 0.575889659375 0.377262390625 0.5874127437500001 0.3687967203125 0.5812068921875 0.3598008359375 0.5780994125000001 0.356082834375 0.559345271875 0.35249341875 0.55201405625 0.3575970484375
0 0.494917646875 0.311012065625 0.49797504375 0.3233094234375 0.5115257734374999 0.32486185624999997 0.5230352 0.3187360125 0.524119590625 0.31165597031250003 0.517918290625 0.30188014218750003 0.504344796875 0.3042274171875 0.49806609999999996 0.30771059375 0.494917646875 0.311012065625
0 0.469051275 0.6 0.469243684375 0.5994235953125 0.4640857984375 0.5895871984375 0.45577035312499997 0.5846121578125001 0.4442791375 0.5876182359375 0.443171984375 0.5985979859375 0.44390715468749997 0.6 0.469051275 0.6
0 0.252708115625 0.16991619062500002 0.2621580328125 0.159231834375 0.2559476265625 0.1510158921875 0.24866648906250002 0.1475401625 0.2361500703125 0.14748704375 0.23399039687499998 0.16008724531250001 0.24123510937499998 0.169802503125 0.252708115625 0.16991619062500002
0 0.16430017187499998 0.1267081484375 0.15808521250000002 0.11927214531250001 0.15290911875 0.11255551562499999 0.13202261875000001 0.11688665312499999 0.1319543265625 0.1285857734375 0.13920359375 0.137521090625 0.1506765984375 0.1376347796875 0.1600855375 0.1339698953125 0.16430017187499998 0.1267081484375
0 0.1545861921875 0.18262910937500001 0.1545998515625 0.1802892828125 0.148380340625 0.17363322187500002 0.129548803125 0.1833028125 0.122176609375 0.1954259140625 0.1252704296875 0.2014837390625 0.1398463625 0.2060953703125 0.153456275 0.1975085640625 0.1545861921875 0.18262910937500001
0 0.05413614375 0.236800059375 0.0500125671875 0.228462978125 0.0437793984375 0.224146740625 0.0333543609375 0.22319254375000003 0.0259958265625 0.2329758203125 0.028037126562499997 0.2406540984375 0.0332177765625 0.24659078750000002 0.0488598859375 0.2472421421875 0.05413614375 0.236800059375
1 0 0.6 0.4263328421875 0.6 0.42647735468750003 0.59956708125 0.426577515625 0.5824083703125 0.43605930156249995 0.5662644234374999 0.4319357265625 0.5579273421875001 0.43202222968750004 0.5431084546875 0.4373667796875 0.5209672515625 0.43957197968750006 0.5005676375 0.4386014125 0.48814914218750005 0.43976775156250003 0.4670301546875 0.423123203125 0.4594198953125 0.41897230937499996 0.45576246249999997 0.40645133749999995 0.4564892859375 0.4054853203125 0.4432908484375 0.41597409843750005 0.4333258671875 0.4066880828125 0.4159323296875 0.42649929843749995 0.4171213515625 0.43179376718749996 0.40355950468749996 0.4277157171875 0.3874230078125 0.4037217421875 0.38803614375 0.3912326390625 0.383303375 0.3776682515625 0.3840907671875 0.350616878125 0.3724065453125 0.3537972015625 0.36364548281250003 0.3684323171875 0.358117875 0.3727061375 0.3407168890625 0.3560251671875 0.33934616093750003 0.3278120046875 0.3480009859375 0.3090624171875 0.3436316296875 0.286130065625 0.3410644296875 0.25382064375 0.33670252343749996 0.2403427609375 0.322671028125 0.21113626562499999 0.3228070640625 0.20601025 0.307511078125 0.1842305796875 0.286164715625 0.1739011515625 0.2688317484375 0.159379853125 0.2548608203125 0.1458382328125 0.251748503125 0.1228375875 0.2608804265625 0.08938914375 0.272957859375 0.0705985796875 0.275607975 0.0654270359375 0.2681114046875 0.0487324078125 0.2690805015625 0.0299737140625 0.266271028125 0.0143816859375 0.2570403171875 0 0.2568347265625 0 0.6
0 0.3812719859375 0.3027951515625 0.37393621875 0.308678721875 0.3718038609375 0.3165992734375 0.38113085 0.3269733359375 0.396772959375 0.327624690625 0.4051840140625 0.3162209625 0.40523409531250004 0.3076416046875 0.3938111703125 0.2989485625 0.3812719859375 0.3027951515625
0 0.672764678125 0.015635596874999998 0.6768973593750001 0.0224127953125 0.6820597984375001 0.03146925 0.6935100390625 0.03548264375 0.7112890578125 0.0274335046875 0.7103230421875 0.0142350703125 0.6989092218749999 0.00398214375 0.6926532890625 0.0035656125 0.6801232109375001 0.0058523203125 0.672764678125 0.015635596874999998
1 0.66875 0.6 0.8961176656250001 0.6 0.9019768359375 0.5964441921875 0.9083238234375 0.5812618921875 0.91469813125 0.5613999453125 0.9273283703124999 0.541954528125 0.9295517828125 0.518435146875 0.9484516140625001 0.4970664359375 0.9672558375 0.49207649375000007 0.9694701437500001 0.47011699843750004 0.9821185937500001 0.4475518125 0.9822233078125 0.4296131609375 0.9781179421875 0.41815631406250003 0.9833987531249999 0.40693429062500003 0.9856130609375 0.3849747921875 0.9741537156250001 0.38252128124999996 0.9783865578125 0.37213976875 0.9888889953125 0.3598349609375 0.9890346828125001 0.33487683437500004 0.9891166343750001 0.32083788750000003 0.98607289375 0.30620070625 0.9788782609375 0.28790609218749996 0.9611493234375 0.2873758734375 0.9570803796874999 0.2696794953125 0.9706584265625 0.266552278125 0.9686307828124999 0.256534178125 0.9571532250000001 0.2572004328125 0.95720330625 0.24862107500000002 0.96763745 0.248015390625 0.9781672015625 0.23103093437500002 0.9719932203124999 0.2165754578125 0.9437800578125 0.2252302828125 0.936539896875 0.21473508125000002 0.9281743718750001 0.2183393953125 0.9073789281250001 0.207071703125 0.8927847859375 0.20557983906250002 0.89807015 0.193577875 0.9137896578125 0.18097022499999998 0.8992592546875 0.1685591796875 0.8647582890625 0.1822570640625 0.8501869109375001 0.1768654921875 0.82206480625 0.1699214875 0.7856227015625 0.15878238125 0.7689963640624999 0.14805235781249998 0.739880925 0.132589565625 0.7087469484375 0.1055487875 0.7015477625 0.0880341140625 0.6901111796875 0.0816808953125 0.66875 0.095348709375 0.66875 0.6
0 1 0.42195399218749996 0.993741840625 0.421927434375 0.9894998921875 0.43386882968749996 0.9967309468749999 0.44592391249999996 1 0.44524602343749997 1 0.42195399218749996
0 0.125058353125 0.6 0.12333071250000001 0.6070341390625 0.1327168890625 0.6072689640625 0.1452378609375 0.606542140625 0.1494251765625 0.6039600421875 0.152805165625 0.6 0.125058353125 0.6
0 0.026802259374999998 0.6 0.0221832640625 0.601990109375 0.0200281421875 0.6138103687500001 0.0241653765625 0.619807625 0.036663584375 0.6229805109375001 0.0460543125 0.62243539375 0.054433496875 0.616491253125 0.057604715625000004 0.6092900765625 0.05473951406250001 0.6 0.026802259374999998 0.6
0 0.5359081578125 0.6883410875 0.5244260484375001 0.6897872828125 0.5129029640625 0.69825295 0.5097362984375 0.7046741890625 0.5159421515625 0.713670075 0.527401496875 0.7161235859375 0.5430663703125 0.7128752328125 0.545203278125 0.704174740625 0.54212766875 0.6949971484375 0.5359081578125 0.6883410875
0 0.4661951703125 0.6588616984375 0.4619304578125 0.6747028015625001 0.46817273125 0.6774591562500001 0.47860232187499996 0.6776334109375 0.4869906109375 0.6701293890625 0.48704979843749996 0.6599901515625 0.4777045984375 0.652735853125 0.4661951703125 0.6588616984375
0 0.6354840703125 0.7839188953125 0.629346509375 0.7632238875 0.611649440625 0.7572340796875 0.606364078125 0.7692360421875 0.612560825 0.7797918125 0.6177096046874999 0.7911880921875 0.6312648859375 0.7919605828125 0.6354840703125 0.7839188953125
1 0.2952074546875 0.6 0.28490969375 0.62338408125 0.2640231921875 0.6277152171875 0.2493880765625 0.6332428265625001 0.24615767187499998 0.6505832453125 0.2263373515625 0.6509541046875 0.20651247968750003 0.6521049078125001 0.20653979687500001 0.6474252578125 0.20452125937500001 0.6358472749999999 0.17532387031250002 0.6344234281250001 0.15028192812500002 0.6358770734375 0.131427625 0.6494463703125 0.1126325078125 0.6528764296875 0.09376910000000001 0.668005609375 0.07178910625 0.6809766703125 0.0415346421875 0.6819532171875 0.030202774999999998 0.6576613453125 0.016465382812500002 0.6880865125 0.0008096140624999999 0.68977498125 0 0.6906356671875 0 1 0.6409775390625 1 0.6457414765625 0.9922769468749999 0.6197517265625 0.9774123906250001 0.6198154671875 0.9664932109375 0.6272513984375 0.9434509296875 0.6283995265625 0.92545170625 0.6285133453125 0.9059531703125 0.625483265625 0.8889761640625 0.6183432671875 0.8613222531249999 0.6174364359375 0.8379845781249999 0.621746678125 0.8143440609375 0.6009330234375 0.8061961343749999 0.5769344953125 0.8075892109374999 0.5978574156249999 0.7970185421875 0.5760367703125 0.782691653125 0.5698627875 0.768236178125 0.5802696140625 0.772310140625 0.5782783953124999 0.75605250625 0.5668372578125 0.7504792296875 0.54077921875 0.74731379375 0.5271693046875 0.7559006 0.5083741875000001 0.7593306578125001 0.5115545109374999 0.750569596875 0.5095177640624999 0.7421113781249999 0.4981449203125 0.7248389796875 0.49927939062500004 0.70917958125 0.51401466875 0.6864932609375 0.524594503125 0.6609294484375 0.5426466890625 0.606083825 0.5069475171875 0.6463602859375001 0.49962085156249997 0.650683971875 0.48698605937500006 0.6709093312500001 0.4754219984375 0.6863944734375 0.463967203125 0.6831610203125 0.4421237953125 0.6727338390625001 0.4129764859375 0.6627306359375 0.3702420265625 0.6574145328125 0.349405609375 0.6531663140624999 0.3568051203125 0.6363635624999999 0.3673621875 0.6146994578125 0.3876268515625 0.6 0.3592907140625 0.6 0.33914447187499996 0.6241342234375 0.3203857796875 0.6213247515625 0.31630773125 0.6051882546875 0.307156096875 0.6 0.2952074546875 0.6
0 0.74127791875 0.6 0.73434855625 0.6193276109375 0.726994575 0.628330946875 0.720656690625 0.6419533640624999 0.7184742546875 0.6584532703125 0.7184150687499999 0.668592509375 0.7246618953125 0.6705689234375 0.7382490453124999 0.665881825 0.740404165625 0.654061565625 0.7415841640624999 0.630602753125 0.7426640015625 0.624302653125 0.7615683843750001 0.602154 0.7539376484375 0.6 0.74127791875 0.6
0 0.7643716484375 0.8366741031250001 0.7517960421875001 0.8467602218750001 0.764253275 0.8569525796875 0.7778358734374999 0.853045421875 0.7820414 0.8473435578125 0.7810298546875 0.8419445359375001 0.775844653125 0.8367877890625 0.7643716484375 0.8366741031250001
0 0.75096743125 0.988709565625 0.7603080796875 0.9967438046874999 0.77805978125 0.9933743156249999 0.78538189375 0.9898305687500001 0.7844158765625 0.9766321328125 0.7823609171875 0.9712936796874999 0.7688101890625 0.9697412468750001 0.7552184875 0.9752082859375001 0.75096743125 0.988709565625