0 0.45008240624999996 0.4390625 0.46536435000000004 0.4332125265625 0.46792926875 0.4240791546875 0.4531636625 0.41839023593749997 0.43704532812499997 0.41688141874999995 0.42966688125 0.42277749531250003 0.43681690624999997 0.42724685625000003 0.44345257812499994 0.4390625 0.45008240624999996 0.4390625
0 0.2777598328125 0.2727690140625 0.292990996875 0.2752081328125 0.313123575 0.26974594375 0.3128424984375 0.268199609375 0.3196587921875 0.2592108671875 0.3041465546875 0.255225415625 0.304006015625 0.2544522484375 0.28260859374999997 0.2529559375 0.271400384375 0.2610268859375 0.2777598328125 0.2727690140625
0 0.23629080937500002 0.3991023890625 0.2531557765625 0.3989077390625 0.2602531484375 0.39146532968750003 0.2556241 0.3834319 0.2440821609375 0.37804474374999997 0.233805065625 0.3796160875 0.230396915625 0.384110459375 0.2275509234375 0.391697496875 0.23629080937500002 0.3991023890625
1 0 0 0 0.4390625 0.1516586890625 0.4390625 0.1508151421875 0.4344217546875 0.1638748125 0.4390625 0.1772456515625 0.4390625 0.18585386406249998 0.43542165156249996 0.198230321875 0.42796673749999997 0.21084391406249997 0.42762745625000004 0.21597375 0.4093607140625 0.2025169296875 0.40506099375 0.201392625 0.39887565937499997 0.2121792203125 0.3884852125 0.21889892031249997 0.3731540015625 0.2125394734375 0.361411871875 0.22584704375000003 0.3474573546875 0.22705052343749998 0.3250230140625 0.23264591874999999 0.30350646875 0.22983515468750002 0.288043134375 0.2320224015625 0.2710209609375 0.2320136921875 0.25353989062500004 0.2280786234375 0.231891221875 0.2232124421875 0.21674215624999998 0.2184428546875 0.207935559375 0.22048956406250003 0.19014021875 0.22081458125000003 0.18611724999999998 0.2359052078125 0.1877832015625 0.24912489375 0.1849672875 0.2573905125 0.178140909375 0.25467634375000003 0.16902004531249998 0.25103106406250003 0.16639878125000002 0.24700811250000002 0.155888715625 0.2521906015625 0.14953374218749999 0.2502670109375 0.13314010625 0.23886560937499998 0.1285261171875 0.22102558437500003 0.140789671875 0.2149998640625 0.1425056453125 0.19827543593750002 0.14347346249999998 0.1838348484375 0.1337615765625 0.1726618703125 0.11878215 0.1664429609375 0.10781318749999999 0.1672774796875 0.094971115625 0.1589592078125 0.0898857234375 0.155401809375 0.0761258578125 0.1418044515625 0.07105297031249999 0.13292402812499998 0.062874909375 0.131334165625 0.059939378125 0.12086387812499999 0.0488257859375 0.10950642031249999 0.038642495312500004 0.0932914890625 0.030791209375 0.079228575 0.0289681234375 0.0702515546875 0.014447596875 0.057356885937500005 0.013240542187500001 0.0644543671875 0 0.040010471874999995 0 0.0333858375 0.00339653125 0.029545234375 0 0 0
0 0.9480185390625 0.22031466875 0.9399813421874998 0.2167756078125 0.9325589531249999 0.228240984375 0.9218162984374999 0.23306213125 0.9453217921875 0.24615594375 0.9498455343749999 0.230365834375 0.9480185390625 0.22031466875
0 0.9194358625 0.23739936875 0.9185573999999999 0.255810740625 0.9495905890625 0.28126271406250003 0.9461650203125 0.25079494375 0.9336393140624999 0.2399956203125 0.9194358625 0.23739936875
0 0.9217549343750001 0.203669290625 0.9185752125000001 0.19779822656249998 0.9057771390625 0.20293364062500002 0.9044244109375 0.2071137421875 0.9068135609375 0.22025757656249997 0.914288603125 0.22070396875 0.9218075890625 0.2155810609375 0.9217549343750001 0.203669290625
0 0.6089448390625 0.22606828750000002 0.6197401453125 0.23315891249999998 0.6279618203125 0.2319018375 0.6401977406249999 0.2236737546875 0.6479012078124999 0.21375471093749998 0.6390207828125 0.2055766515625 0.6312646640625 0.2035839265625 0.6274788453125 0.2001894953125 0.6214970671875 0.1963361671875 0.6126692953124999 0.20006987812500002 0.6052908484375 0.205965953125 0.6116502968749999 0.21770808281249998 0.6089448390625 0.22606828750000002
1 1 0 0.51875 0 0.51875 0.136339340625 0.53551229375 0.1474999765625 0.5375324781249999 0.17023608125 0.552052240625 0.15132829375 0.5670023265624999 0.1522210796875 0.5753645421875 0.1517371703125 0.588874015625 0.1679486609375 0.605879521875 0.1685271765625 0.6111059546875 0.1566029015625 0.6312385328125 0.1511407125 0.6092876687500001 0.16403280468749998 0.6225600078125 0.17312866093749998 0.6390033609375 0.170614509375 0.65376896875 0.176303428125 0.6746042359375 0.1747070734375 0.70619086875 0.1857706421875 0.7351072750000001 0.1821440453125 0.7403337062500001 0.1702197703125 0.7495830921875 0.16880556093750002 0.7562675624999999 0.17652472187499998 0.7696277859375 0.174481975 0.7686879609374999 0.16350050625 0.7697596125 0.1577740703125 0.7956894859375 0.16096134374999999 0.8178335406249999 0.16075418749999998 0.824368759375 0.1502191109375 0.8376411000000001 0.159314965625 0.846706003125 0.1626968921875 0.854795853125 0.17814772031249998 0.8750250265625 0.17902800000000002 0.8834751265625 0.1674054875 0.892952934375 0.1556258421875 0.9047232984375 0.1506475609375 0.9137794937500001 0.1365484140625 0.89550914375 0.1290113984375 0.89601864375 0.1201922953125 0.9068139484375 0.1272829203125 0.9205518453125 0.13312897343750002 0.9351856234374999 0.1555257984375 0.9484579640625 0.164621653125 0.9579357734375 0.15284200625 0.9632588015625 0.1472602 0.9542378390625 0.13830897343749998 0.9289492921875 0.109594690625 0.9462798187499999 0.106150240625 0.964638053125 0.10254865312500001 0.9878977015625001 0.09104575937500001 0.995039015625 0.0780340484375 1 0.079667903125 1 0
0 0.45109537343749995 0.5147114421875 0.4321749875 0.5152203609375 0.43077831718750004 0.524969765625 0.4377438609375 0.5342352609375001 0.4507790671875 0.53621548125 0.4518067765625 0.5360583453125 0.45908862812500006 0.5238198015625 0.45109537343749995 0.5147114421875
0 0.3269784765625 0.8197643171875001 0.332819715625 0.822844478125 0.3341285015625 0.8242336781249999 0.3384677640625 0.813239703125 0.33136168125 0.8032010421875 0.3278569390625 0.8013529453124999 0.321128528125 0.799203084375 0.31729876562500003 0.8013779546875 0.312116275 0.8077329296875 0.31501492343750004 0.8120576609375 0.323333196875 0.8171430531249999 0.3269784765625 0.8197643171875001
0 0.2493820484375 0.8228874312500001 0.2448935390625 0.8156271687500001 0.235082 0.8139487109375001 0.22377719218749997 0.815677190625 0.22570078593749998 0.832070825 0.23518730625 0.8377722515624999 0.2451833265625 0.834654571875 0.24816985625000001 0.8278407 0.2493820484375 0.8228874312500001
0 0.2168730140625 0.8358045359374999 0.21509867031250002 0.8376651374999999 0.21692566562499999 0.8477163046874999 0.22066754375 0.8566800359375 0.227395953125 0.8588298968749999 0.2407561765625 0.8567871499999999 0.2436021734375 0.8492001109375 0.2395792203125 0.8386900453124999 0.242100196875 0.8351259750000001 0.23849885624999997 0.8269354109375 0.22975897031249998 0.8195305171874999 0.21789201249999998 0.8181663296874999 0.21597713281250003 0.819253765625 0.21532709374999998 0.8272997015625 0.2168730140625 0.8358045359374999
1 0 0.4390625 0 0.78112613125 0.0083010109375 0.7866399390625001 0.034740384375 0.7810081109375 0.034591134375 0.762753871875 0.0595459515625 0.77801005 0.070148065625 0.7724157390624999 0.06350754374999999 0.759127275 0.076911709375 0.7515152265625 0.1082612046875 0.7554631609375 0.12358025624999999 0.7467636750000001 0.1311958375 0.747983234375 0.1407789515625 0.7600271281250001 0.1490006296875 0.7587700515625 0.159330378125 0.7691104765625 0.178997396875 0.766898090625 0.18814147812499998 0.741660340625 0.22715049999999998 0.7412585328125 0.2334046421875 0.7291771234375 0.22807290156249999 0.7172778609374999 0.22769523125000002 0.7093890578125001 0.23404597031250002 0.703650115625 0.2853261421875 0.6719698546874999 0.3130216484375 0.6558154546875 0.304703375 0.6507300625 0.3118446890625 0.6377183515625 0.304501475 0.6205640546875 0.3180461796875 0.613725171875 0.3304313484375 0.623751328125 0.3484119109375 0.6122609406249999 0.342570671875 0.6091807796875 0.34481057187499997 0.604070375 0.3596640625 0.5986206921875 0.380877003125 0.6049131375 0.39558995625 0.5986902875 0.3959589171875 0.58909801875 0.38395142187500003 0.5869606625 0.373674325 0.5885320078125 0.36189525312500004 0.5760292171875 0.356800646875 0.5712455890625 0.360955428125 0.5650477484375 0.3835650390625 0.561590790625 0.395941496875 0.5541358765625001 0.396591534375 0.546089940625 0.4148092296875 0.5417151859375 0.41311406249999993 0.5149561140625 0.3944747515625 0.51701136875 0.3911544890625 0.5103671375000001 0.3928322359375 0.5021640656249999 0.4032938125 0.49579658593750003 0.402731659375 0.4927039203125 0.41987770312499995 0.4940556015625 0.431226453125 0.48675782187500005 0.4304271671875 0.4765495203125 0.42416431250000003 0.4711498578125 0.4343887546875 0.45766674375000005 0.42303129687499996 0.447483453125 0.42045766875 0.439135753125 0.42047137812499996 0.4390625 0 0.4390625
0 1 0.8126443546875001 0.9904572625 0.8141034171874999 0.9806017796875001 0.8179942609375 0.98037335625 0.8283596984375 0.9889727046874999 0.8349914234375 1 0.8326425093750001 1 0.8126443546875001
0 0.9250349984374999 0.8725802671875 0.9083545125000001 0.8679787828125001 0.8967246875000001 0.8737302296875 0.8951874765625 0.8827064671875 0.90729156875 0.8911862906250001 0.9137389031250001 0.8917898171874998 0.9213984265625002 0.887440075 0.9224700796875 0.8817136390625 0.9250349984374999 0.8725802671875
0 0.8725956781249999 0.8281509109374999 0.8991755890625001 0.8232922484374999 0.9057108078125001 0.8127571703124999 0.9066419218749999 0.8062575671874999 0.9005196062499999 0.8016310734375001 0.8830924859374999 0.7987330578125 0.86571801875 0.8077468124999999 0.86665784375 0.81872828125 0.8725956781249999 0.8281509109374999
0 0.7856885 0.80329539375 0.7890000500000001 0.7924585546875 0.7868480359375 0.7864303546875 0.7742344453125 0.7867696359374999 0.7606897390625 0.7936085171875 0.7578437453125 0.8011955546875 0.7638255218750001 0.8050488843749999 0.777141803125 0.8085754375 0.7856885 0.80329539375
1 1 0.4390625 0.51875 0.4390625 0.51875 0.7798022281250001 0.5285417796874999 0.7774508546875 0.5484898765625 0.7767847999999999 0.55629865 0.7906892953125 0.5746743046875 0.82204985 0.5980832 0.8288011953125001 0.6327969046875 0.8338240609375 0.647176128125 0.8141431062500001 0.634931496875 0.8048901171875 0.6460431124999999 0.790476703125 0.6667817859375 0.7825378796875 0.68701966875 0.8008992296875 0.70832049375 0.7960530734375 0.7063969015625 0.7796594359375 0.739283609375 0.7746311359375 0.753065446875 0.7749078875000001 0.7700183 0.7635746328125 0.7963171359375 0.7571696359375 0.81121456875 0.7461506531250001 0.8429417390625 0.7579873890625001 0.8521471828125 0.7621424796875 0.8658324265624999 0.7560767640625 0.8648925999999999 0.745095296875 0.8910508984375 0.7379171343750001 0.9015651281249999 0.743461425 0.9069320984375 0.732310315625 0.9068707359375001 0.702917475 0.9292519218749999 0.709825953125 0.9491825984375 0.67419775625 0.975903046875 0.6701122625 0.990563346875 0.6519776421875 0.9839228234374999 0.638689178125 0.9899485437500001 0.6369732046875 1 0.6358648859375 1 0.4390625