0 0.0808549796875 0.246531653125 0.0766903828125 0.25312075625 0.0818563109375 0.2684124078125 0.0851413390625 0.2702544453125 0.09336983125000001 0.265448321875 0.0931314453125 0.2529197234375 0.0879495890625 0.247039284375 0.0808549796875 0.246531653125
0 0.0265667484375 0.3687957125 0.0370152296875 0.3815957203125 0.0473100953125 0.382906259375 0.05337151875 0.3803555578125 0.052099946875000004 0.3647686296875 0.043293976562499996 0.352889640625 0.0369782390625 0.35232295625 0.0323050140625 0.3526772875 0.027107231250000002 0.3562080609375 0.0265667484375 0.3687957125
0 0.10510016250000001 0.39002563125 0.11669845625 0.3881006734375 0.12225124999999999 0.3793152015625 0.12070943593750001 0.3700221015625 0.1169157796875 0.3619452953125 0.11078550937500001 0.35404565312499997 0.10377567031249998 0.35457715156249997 0.0991024453125 0.3549314828125 0.0922621484375 0.3575412390625 0.09267007968749999 0.3721480921875 0.094635753125 0.3866368359375 0.10510016250000001 0.39002563125
0 0.72810714375 0 0.7258961921875 0.006965340624999999 0.730041384375 0.023871967187500003 0.7375526609375 0.036833175 0.746896571875 0.0496554265625 0.75068031875 0.039528009375 0.7499821984375 0.030970481249999997 0.742589390625 0.0081597640625 0.736493090625 0.0012416 0.7355480828125 0 0.72810714375 0
0 0.8873363265624998 0.07590902031249999 0.8896488843749999 0.0929546 0.902577078125 0.0932044296875 0.9120581968749999 0.08510515937499999 0.9095274390625001 0.076686584375 0.9001647890625 0.0749363453125 0.8914192640625 0.06944911718749999 0.8873363265624998 0.07590902031249999
0 0.7436797875 0.145844471875 0.7512098 0.147733665625 0.76232409375 0.13705043125 0.7591949484375 0.12129683437500001 0.7520638625 0.12429765468750001 0.7466656796875 0.1259370203125 0.7431001359375 0.127437434375 0.7384000734375 0.13763432656250002 0.7436797875 0.145844471875
0 0.9515282046875001 0.16206675937499998 0.9531801156250002 0.14841078593749998 0.9523822656250001 0.1386307515625 0.9446527906250001 0.1342965484375 0.9352714031249999 0.1436183234375 0.9451139718749999 0.16255309843750002 0.9515282046875001 0.16206675937499998
0 0.840266796875 0.27874859375 0.8463008390625 0.262300225 0.8420559140625 0.2441710921875 0.8328927281249999 0.24486586093749999 0.82687741875 0.2502422171875 0.8245086515625001 0.266412675 0.8293894390624998 0.2697328046875 0.840266796875 0.27874859375
0 0.77630520625 0.2971289953125 0.7714056828125 0.3048808828125 0.77220353125 0.314660915625 0.782881428125 0.32123169375 0.7936777875 0.3179529640625 0.79582835625 0.31040950624999997 0.7907668453125 0.29357235625 0.78323683125 0.2916831640625 0.77630520625 0.2971289953125
0 0.5593866843749999 0.40706114062500004 0.553807778125 0.395183484375 0.5409793140625 0.396156159375 0.5299834890625 0.39698988125 0.530463409375 0.41417441562499996 0.5520373953125001 0.41868897031249996 0.5593866843749999 0.40706114062500004
0 0.7391036328125 0.38359416562500004 0.7276091499999999 0.378315365625 0.71872641875 0.3937496609375 0.7234887359375 0.40691930000000004 0.74069933125 0.40315423125 0.7391036328125 0.38359416562500004
0 0.8739650828125001 0.2171503671875 0.862052940625 0.2180535671875 0.8562370953125 0.225874928125 0.8601828265624999 0.240336546875 0.870062871875 0.23712729375000002 0.882193215625 0.22759708750000002 0.8739650828125001 0.2171503671875
0 0.2432980890625 0.5045938 0.23561007968749997 0.4968122703125 0.23154618125 0.4950292890625 0.22531521250000003 0.49550173124999997 0.21544420625 0.4993868375 0.21671577812499998 0.5149737640625001 0.2245733328125 0.5248335515625 0.236256396875 0.523947721875 0.24206350781250002 0.5182796375 0.2432980890625 0.5045938
0 0.1860058625 0.5612155953125 0.1816717234375 0.5657264421875 0.17940395468749998 0.5763539484375 0.1817246421875 0.5855879953125 0.18604285468749998 0.5904883609375 0.1985047890625 0.5895434749999999 0.2026693859375 0.582954371875 0.20320986875 0.5703667203125 0.19785847031249998 0.5624080250000001 0.1961311859375 0.5604478765625001 0.1860058625 0.5612155953125
0 0.27876600156250003 0.45903676562499995 0.282119875 0.471329140625 0.2845412578125 0.47219110156250005 0.29510636562500003 0.46720781406249995 0.2982377765625 0.45756038125 0.293580478125 0.44850350156249996 0.28579176875 0.44909405468749997 0.2798998875 0.453723009375 0.27876600156250003 0.45903676562499995
0 0.31875 0.41875 0.30145950625 0.41875 0.303128325 0.4310506703125 0.3049403828125 0.4340499453125 0.30948419843749997 0.43969760156250004 0.31875 0.436162453125 0.31875 0.41875
0 0.0876718625 0.633495925 0.0878254796875 0.6449853921875001 0.0928377921875 0.6487875750000001 0.0984594328125 0.6504524453125 0.1041658421875 0.6531564421875 0.11257980625 0.641017365625 0.10697409375 0.6299412828125 0.100404040625 0.6262572125 0.0902787171875 0.62702493125 0.0876718625 0.633495925
0 0.085901934375 0.7078646015625 0.07841532031250001 0.683338903125 0.0638710875 0.687578340625 0.058487835937499996 0.6984420703125 0.067632890625 0.7144775703125 0.0799941265625 0.7219047703125 0.0859707796875 0.7183149421875 0.085901934375 0.7078646015625
0 0.124002390625 0.8963125109375 0.12139553593750001 0.9027835046875001 0.121210065625 0.9101164609375001 0.1299312640625 0.9209563203125001 0.1406499859375 0.9274625000000001 0.149148721875 0.91636255 0.14648895 0.9029719890625 0.1380220671875 0.895249515625 0.13075791406249998 0.8926636296874999 0.124002390625 0.8963125109375
1 0.31875 1 0.31875 0.4497317734375 0.3125276953125 0.45020355937499995 0.3105830859375 0.474398790625 0.29769729375 0.4701480328125 0.2918901828125 0.47581611874999996 0.281563465625 0.4933280046875 0.28405369375 0.5046403078124999 0.2870525515625 0.52218738125 0.26913852031249996 0.5235456546874999 0.248448090625 0.5292966625 0.235207284375 0.5303006031249999 0.21417776875 0.531895096875 0.201291975 0.527644340625 0.180024071875 0.5167102375 0.15796137187499998 0.5152464015625 0.16183979843750002 0.5243623359375 0.1786887921875 0.53876815625 0.1940648140625 0.554331215625 0.2074592359375 0.5648167468749999 0.20085732968749997 0.5799550984375 0.1932063078125 0.60144633125 0.1839816203125 0.6324668890625 0.185745896875 0.6636998000000001 0.187965884375 0.6813059265625 0.1834622 0.6837385171875 0.177755790625 0.68103451875 0.16729138125 0.677645725 0.1635665703125 0.6800192578124999 0.14927665 0.68737608125 0.129990346875 0.6815195078125 0.1299744203125 0.69093071875 0.141371315625 0.705749928125 0.15173502656249999 0.71751080625 0.1549193546875 0.7277249250000001 0.170242459375 0.7234264343750001 0.1656221515625 0.7436423171875 0.15854346875 0.733723475 0.1419328640625 0.7318462515624999 0.1357178234375 0.7229074828125001 0.1260322859375 0.71945963125 0.1047484546875 0.717936740625 0.0880371515625 0.724431603125 0.086887340625 0.739156565625 0.1218358359375 0.7448711593749999 0.143358053125 0.7589226484375 0.154076778125 0.765428828125 0.1560583765625 0.7705063593749999 0.1556874375 0.785172271875 0.1589565375 0.7964255171875 0.16959048906250002 0.8018925703124999 0.1759591453125 0.8223208062499999 0.1778400484375 0.8357704234375 0.1728965796875 0.8424185812499999 0.16415945625 0.8409899328125 0.1637037453125 0.8546167125 0.1652296328125 0.8733210265625001 0.1696007640625 0.8980829453125001 0.17564626249999998 0.9049434578125 0.178136490625 0.916255759375 0.187790175 0.9385260343749999 0.19557888437499998 0.9379354796874999 0.1944290734375 0.9526604453124999 0.20780756875 0.9725571859375 0.20701277187499997 0.982027453125 0.2058629609375 0.9967524187500001 0.20627245468750002 1 0.31875 1
0 0.4889584671875 0.6333280046875001 0.48124772812500005 0.6179217890625 0.4656703078125 0.6191028968750001 0.463937403125 0.62046435625 0.4641181296875 0.633981378125 0.4741788984375 0.6442891484375 0.48782394687499997 0.6420244875 0.4889584671875 0.6333280046875001
0 0.47430945625 0.747604784375 0.4760610984375 0.7351713109375 0.47496405468749997 0.7217237671875 0.459904028125 0.7179453796875 0.45022344687500004 0.72359964375 0.45151995468749995 0.7394921968749999 0.4526357359375 0.741867728125 0.46158072499999997 0.7497999640625 0.47430945625 0.747604784375
0 0.5524643140625 0.8240933640625 0.5430829265625 0.8334151390625 0.54662973125 0.842986740625 0.5499770749999999 0.850113334375 0.558323675 0.8507105484374999 0.5689205765625001 0.8449868078125 0.5717880015625 0.8349288687499999 0.5643764578124999 0.8231901656249999 0.55969513125 0.8223150453125001 0.5524643140625 0.8240933640625
1 0.77134074375 0.41875 0.7680373703125001 0.4264278109375 0.761087009375 0.44294565625000004 0.755788559375 0.4458075234375 0.7365646031249999 0.43619452656249996 0.7271832140625001 0.4455163015625 0.7180575015625 0.4240670390625 0.7002485203125 0.420497084375 0.6943952015624999 0.45046247343749996 0.6847956125 0.4684112546875 0.6641192078125 0.47489923906250003 0.6536842937499999 0.505212015625 0.6501810078125001 0.5300789578125 0.6516395015625001 0.570560546875 0.6398706078125 0.607124796875 0.6324028515625 0.6286021359375 0.62206766875 0.660137415625 0.6097003890625 0.6893666390625001 0.59655399375 0.69774381875 0.5890862375 0.7192211578125 0.5984114140625 0.743115425 0.5883131703125001 0.75495168125 0.59152330625 0.7829998 0.5934182 0.8062273812499999 0.593181265625 0.8259263984375 0.5868480265625 0.83870725625 0.580196859375 0.8588926140625001 0.5825094140625 0.8759381953125001 0.5886867078125 0.8951508765625 0.5848032328125 0.9040557890625 0.5755215781249999 0.9146000671875001 0.5857630703125001 0.9384248578125 0.5951257203125 0.9401750984374999 0.6020198718750001 0.9568732953125 0.589789796875 0.9651809937500001 0.582639971875 0.9792538328125 0.5613839140625 0.9673347765625 0.548536715625 0.97937946875 0.5519105718749999 1 1 1 1 0.4427561421875 0.9950287531249999 0.43996858124999993 0.9778556328124999 0.42158962187500004 0.97026445 0.41875 0.77134074375 0.41875