0 0.6931570265625 0.276870315625 0.6894719609375 0.28146838125 0.68700293125 0.2874190484375 0.6914673390625 0.298405771875 0.6979472828125 0.299592425 0.7101815734375 0.29580667968749996 0.7066611078125 0.2838629078125 0.6931570265625 0.276870315625
0 0.6664142296875 0.11265599062500001 0.6683390640625 0.1020860390625 0.6647816453125001 0.098798128125 0.6538910437500001 0.0960504921875 0.6453955687499999 0.10466391093750001 0.647699996875 0.11525508437500001 0.6523827546875001 0.119125709375 0.6664142296875 0.11265599062500001
0 0.650501578125 0.0314016828125 0.6653862968750001 0.0232050359375 0.6662764921875 0.0128222484375 0.66019629375 0.0060592609375 0.64215390625 0.0053916625 0.633839828125 0.01554484375 0.6308803546874999 0.0263019609375 0.6397923765625 0.030193809375000002 0.64739765625 0.031963178125000005 0.650501578125 0.0314016828125
0 0.3388060125 0.5249635015624999 0.341872984375 0.533057865625 0.3422525796875 0.554218990625 0.36265314531250004 0.574903503125 0.37579442812499997 0.578816571875 0.3696604859375 0.56262784375 0.3680279015625 0.5487699796875 0.3802084421875 0.5355584953125 0.3753812359375 0.5214922453125 0.3638187890625 0.5220113 0.3575571984375 0.51370855 0.3484637765625 0.5082769390624999 0.33829876875 0.511688353125 0.3388060125 0.5249635015624999
0 0.44470217031250003 0.508952178125 0.3975319453125 0.440428921875 0.388310878125 0.4428832890625 0.387420684375 0.45326607812499997 0.44470217031250003 0.508952178125
0 0.6007716578125 0.2102361109375 0.5929849765624999 0.20692698125 0.5837639078125 0.2093813484375 0.5774284125 0.2183903171875 0.583417909375 0.2243834234375 0.5846339484375 0.22573602187500003 0.5900792499999999 0.2271098390625 0.6001535609374999 0.22292854218749997 0.6019507453124999 0.22024456718750002 0.6033851328125001 0.21448106875 0.6007716578125 0.2102361109375
0 0.054575396875 0.5071870484375001 0.0428315515625 0.5061663421875 0.0328479390625 0.51111751875 0.031322853125 0.5161111359375 0.034480525 0.5249753828125 0.036294506250000004 0.5403730078125 0.047766253125000005 0.5390840734375 0.058475459375000004 0.540291946875 0.0674244296875 0.535527934375 0.069802759375 0.5288073875 0.0684422734375 0.51725916875 0.05682607656250001 0.50835248125 0.054575396875 0.5071870484375001
1 0 0 0 0.48061750312499996 0.0048790421875 0.48000777812499995 0.016985684374999997 0.48410801093750006 0.0314706546875 0.4814876984375 0.0575718203125 0.487774071875 0.0614382859375 0.48471576718750004 0.087539453125 0.49100214218750005 0.10117118437499999 0.49010875781249996 0.1164724453125 0.4944173765625 0.1510321375 0.5007461906249999 0.1648452640625 0.5013925703125001 0.175319321875 0.491634940625 0.19448705156249999 0.49288525468750005 0.2031101765625 0.47638585781250004 0.21817629218749998 0.46972897187499996 0.2392319046875 0.4690651953125 0.2590177296875 0.45762307812499997 0.27306600312499996 0.46923495937500004 0.283012665625 0.4729396421875 0.29629839375 0.48704833281250004 0.31851629843749996 0.478311409375 0.32245666562499997 0.4579413859375 0.3363067421875 0.4499319046875 0.35912258750000003 0.4552400109375 0.37391660625 0.4462734828125 0.3798893046875 0.4341849890625 0.3684914578125 0.41816220625 0.3639900984375 0.41583134218750006 0.36317380625 0.408902409375 0.37811227187499996 0.410131503125 0.40891634843749997 0.3935510453125 0.4220945828125 0.388808253125 0.4242008140625 0.3797780625 0.4520454171875 0.373954721875 0.45932485312500004 0.36398870625 0.450231434375 0.3585570953125 0.45066813124999994 0.344324903125 0.44711071406249997 0.3410369921875 0.46450141250000004 0.3182338203125 0.47751504375 0.3300328671875 0.49586648125000005 0.32435425 0.48915139375 0.31220209374999996 0.49171112031249997 0.307021309375 0.5114599937500001 0.304235053125 0.5361267734374999 0.31628492656249996 0.5447498984375 0.2997855296875 0.5373092140625 0.2814743234375 0.520573565625 0.28292920312500003 0.5068880874999999 0.274396846875 0.5040932109375 0.268612128125 0.5454788453125 0.26112552031249997 0.543265115625 0.25130422812500003 0.552432434375 0.2394241203125 0.5564635 0.2198239765625 0.5447196562500001 0.21880326874999997 0.5192332296875 0.2446435234375 0.5115372484375 0.2421042734375 0.5242989359375 0.22485621562500002 0.5382397125 0.21761661562499998 0.5417433828125 0.21147878593749997 0.5501481578125 0.2020954875 0.5507662546875001 0.18940305468750002 0.5718756140625 0.19816501875 0.5856887421875 0.1988113953125 0.598903925 0.18541274531250002 0.5851647 0.167454646875 0.5704076312499999 0.16776531562500002 0.5656341734375 0.1631248078125 0.5918629906249999 0.16152520312500002 0.590683903125 0.15151674531249998 0.5758730843750001 0.14240167343750001 0.575328890625 0.1377823875 0.5745495484375 0.1221975953125 0.586095196875 0.103596940625 0.5769480296875 0.0887395890625 0.5863336968749999 0.0697433828125 0.58038115 0.05509441875 0.580236703125 0.0448987953125 0.5878251890625 0.028586564062499997 0.583995671875 0.022989009375 0.5743211078125 0.021593971875 0.57542965 0.0040950859375 0.568861334375 0 0 0
0 1 0.3949743421875 0.9704226703125001 0.3938334015625 0.975781621875 0.4076647015625 0.9761649671875 0.4214710359375 0.9885506234375001 0.4210805796875 0.998908884375 0.403481009375 1 0.40174045156249993 1 0.3949743421875
0 1 0.28437465624999997 0.9984267250000001 0.2833123171875 0.9833932125 0.2823316796875 0.9755128703124999 0.2893074953125 0.9766866234375 0.29927066562500004 0.9925737765625 0.307497246875 0.996225446875 0.3068366640625 1 0.3061538515625 1 0.28437465624999997
0 0.8955238234375 0.2223734078125 0.8813874203125 0.21845534687499998 0.86466639375 0.22425529531250002 0.8606076625 0.24256537968749997 0.8663301984375 0.24893054375 0.8788225578125001 0.2494458296875 0.8933225468749999 0.245897753125 0.9016297078125 0.24254490781250002 0.8955238234375 0.2223734078125
0 0.7823046046875 0 0.783535190625 0.010445590624999999 0.79534385 0.015709784375 0.8157165531249999 0.009249253124999999 0.8157560359374999 0 0.7823046046875 0
0 0.8718788500000001 0.296029165625 0.8669467187500001 0.285820834375 0.8523400265625 0.2884631671875 0.83826685625 0.2956342109375 0.8384802656250001 0.2974456984375 0.8442028046875001 0.3038108625 0.851035859375 0.309050090625 0.8575488 0.3115720875 0.8649588515625 0.3111566671875 0.871515265625 0.30349529999999997 0.8718788500000001 0.296029165625
0 0.4168126046875 0.9157281765625 0.40570365468749997 0.9200966375 0.40612019843749997 0.932601903125 0.41414202656250004 0.9468765390625 0.43398159999999997 0.9448601625 0.44166078124999997 0.9293178125000001 0.43387410156249995 0.9260086812499999 0.4168126046875 0.9157281765625
0 0.3077150890625 0.7789923328125 0.3190961375 0.7769335156249999 0.3246690890625 0.7704213546875 0.3235806984375 0.7611827796874999 0.3210579203125 0.7577077046875 0.3164658640625 0.7546069578125 0.30697269843749997 0.7547516812499999 0.2967707375 0.7668189546875 0.2977684265625 0.77528765 0.3077150890625 0.7789923328125
0 0.4129797078125 0.71277278125 0.42071263906249995 0.7066561703125 0.419714946875 0.6981874765625 0.41399755000000005 0.6945040140625001 0.4035604421875 0.695605784375 0.40081931718749997 0.6992468046875 0.4010544625 0.710212309375 0.40254259843750007 0.7138745515625 0.4129797078125 0.71277278125
0 0.284939546875 0.72020930625 0.3022193921875 0.7233737140625001 0.309770925 0.7157173421875 0.309807875 0.7070614828124999 0.3089008859375 0.69936266875 0.30169535000000003 0.6920169656249999 0.29171173906250003 0.69696814375 0.282853465625 0.7025020359375 0.284939546875 0.72020930625
0 0.195963790625 0.6914864515625 0.2064009 0.6903846812500001 0.2151684703125 0.68408090625 0.21660285781250002 0.6783174078124999 0.2202879265625 0.6737193390625 0.212410546875 0.6696403265625 0.21055961562499997 0.6628985609375 0.2023194375 0.655740021875 0.1965650890625 0.66071241875 0.1938407609375 0.6824350406249999 0.195963790625 0.6914864515625
0 0.0926643125 0.6936611312500001 0.1019760796875 0.6919766453125 0.114882215625 0.6849242109375 0.11735124374999999 0.67897354375 0.1165349515625 0.6720446140625 0.1120335921875 0.6697137484375 0.096967475 0.6763706328125 0.08406133906249999 0.68342306875 0.0836615921875 0.6889994015625 0.0926643125 0.6936611312500001
1 1 0.65 0.7390625 0.65 0.7390625 0.9943887968749999 0.7432653515625 0.99362850625 0.7490197000000001 0.988656109375 0.75383010625 0.9846407578124999 0.7755575640625 0.9807102890625 0.787973253125 0.9784643078125 0.7887357984375 0.9759674984375 0.8124418375 0.97089281875 0.8266547109375001 0.9659628609375 0.824078184375 0.9530620437499999 0.836040378125 0.9469666546875001 0.847256828125 0.9614496765625 0.8633575859375 0.9546056281249999 0.8688398359375 0.9473235859375 0.8827806125000001 0.940083984375 0.895740496875 0.9424572906249999 0.90176694375 0.9397945359375001 0.9273776625 0.9508873640625 0.94244378125 0.9442304796875 0.9550778203125001 0.9348684 0.9645541859375001 0.9166420765625001 0.9601804749999999 0.9064252343750001 0.9731235640625 0.8907169390625 0.9845046109375 0.8886581218749999 0.9805306484375 0.87286494375 0.9989358328125 0.8766120687499999 1 0.8772755343749999 1 0.65