0 0.4899278359375 0.253939259375 0.487975990625 0.26328425625 0.5009589875 0.27095666406249996 0.5184223968749999 0.267153884375 0.518658946875 0.2560453296875 0.5187772234375 0.2504910546875 0.509062165625 0.24712451093749999 0.49616792343749994 0.2490031578125 0.4899278359375 0.253939259375
0 0.4052279078125 0.2255069625 0.40993021250000006 0.2379094140625 0.416466090625 0.24652114531249997 0.4325395125 0.239397309375 0.4331457484375 0.231506784375 0.43358933281249995 0.22439500781250002 0.4286060984375 0.218325584375 0.413996559375 0.218440671875 0.4052279078125 0.2255069625
0 0.2735057296875 0.2925183671875 0.26559472500000003 0.3004664375 0.2646188015625 0.30513893593749997 0.26906969687500004 0.30876908125 0.283353925 0.3102114921875 0.2945328703125 0.3065692875 0.2924035078125 0.296812175 0.2906882125 0.295048615625 0.28097315312500004 0.29168207343749997 0.2735057296875 0.2925183671875
0 0.8396324640625 0.022520956249999998 0.85268935625 0.019863559375 0.8567261875 0.0155001484375 0.8603933296875 0.0079187109375 0.85765773125 0.006052125 0.8462273781249999 0.0009220234375000001 0.83439781875 0.0076792265625 0.8266494671875 0.014848546874999998 0.82873445 0.019830134375 0.8396324640625 0.022520956249999998
0 0.8945809812500001 0.04874415 0.8987360843750001 0.0388264625 0.8827809390624999 0.040396020312499996 0.8685854671875 0.048504665625 0.8457396171875 0.058125325000000005 0.8446454187500001 0.0683520984375 0.8577466906250001 0.07047023125 0.8739383890625 0.057792117187500006 0.8945809812500001 0.04874415
1 1 0.1125607578125 0.9617881828125 0.1509516078125 0.9448571125 0.1571936640625 0.92779290625 0.1491091390625 0.9186545687500001 0.15295740156249998 0.924377175 0.1654628828125 0.937848134375 0.1707990421875 0.940628109375 0.17744115625 0.9231647015625001 0.1812439359375 0.9034831734375001 0.1657385453125 0.8785374812500001 0.1504967578125 0.8550261562499999 0.1433515546875 0.831189521875 0.13776385156249998 0.8177185640625 0.1324276921875 0.802133103125 0.1372152796875 0.8034343343750001 0.13098528125 0.8299768453125 0.098677853125 0.8019407296875001 0.09823230937500001 0.7866361984375 0.09668686875 0.7892386609375001 0.084226875 0.767072946875 0.075627203125 0.7527591984375 0.08929012343750001 0.7355028203125 0.0970896796875 0.7218692078125 0.09253226875000001 0.7235993640625 0.11417668750000001 0.709596065625 0.10640125 0.709375 0.10636048125 0.709375 0.409375 1 0.409375 1 0.25543107656249997 0.98532943125 0.25272558125 0.9736625234374999 0.258704034375 0.95835799375 0.2571585953125 0.9467206062500001 0.2480317171875 0.9338115078125 0.2300295046875 0.9373455140625 0.20812148281249998 0.9492933484374999 0.1958100015625 0.9635627171875001 0.17737155468750002 0.9801241 0.16791146875000001 0.98439748125 0.15243950312500001 1 0.11447922656250001 1 0.1125607578125
0 0.9687973640624999 0.1922132828125 0.9593780953125 0.20239457343749997 0.9543209640625001 0.206654953125 0.9567756328125 0.2148545671875 0.973795459375 0.21816356718750002 0.9852997109375 0.21296386250000002 0.988064828125 0.1997251171875 0.979000384375 0.193243575 0.9687973640624999 0.1922132828125
0 0.6522539968750001 0.5117274625 0.6330309125 0.50899115625 0.6290828390625001 0.5229056203125 0.636964325 0.53006288125 0.649045296875 0.532077984375 0.6600615859375 0.5292145296874999 0.664423725 0.5232936203125 0.6522539968750001 0.5117274625
0 0.5500611390625 0.502203278125 0.5391187453125 0.49473692812500003 0.5234889078125 0.49474898750000007 0.519333803125 0.504666675 0.525707025 0.51405715625 0.53795065 0.5152935078125 0.5441907359375 0.51035740625 0.5500611390625 0.502203278125
0 0.4313958578125 0.5665572859375001 0.44412744374999996 0.5654573890625001 0.45252641093749996 0.55517306875 0.4469664546875 0.5418888390625 0.43660078281250003 0.5416372953125 0.4281574375 0.5471460875 0.42314468281249995 0.5561819953125 0.4237214015625 0.5633968015625 0.4313958578125 0.5665572859375001
0 0.44732188749999996 0.6898271625 0.44386177812499994 0.701405378125 0.45341418281249996 0.7055506703125 0.4699016703125 0.7064203906250001 0.48152419531249996 0.695666409375 0.4622567328125 0.688154575 0.44732188749999996 0.6898271625
1 0 0.409375 0 0.982271021875 0.1713979671875 0.9983233281250001 0.1852681296875 0.9917721828125 0.2060289953125 0.9771699375 0.21504906093749998 0.9788759515625 0.2322315421875 0.9814062 0.24443078906250001 0.9778670234375 0.23993551562499998 0.9694613515625001 0.25404223125000003 0.9518016515625 0.272111878125 0.9401083484375 0.294425384375 0.9280484109374999 0.31110504375 0.9130340484375001 0.32321553281250004 0.8999438171874999 0.333610728125 0.8850900296875001 0.34788009531249997 0.86665158125 0.354475009375 0.8450526468749999 0.36528426718749996 0.8381924140624999 0.3879230828125 0.824574978125 0.4081664703125 0.8274143140625 0.426369253125 0.8300475921875 0.4363208625 0.82230558125 0.4361877265625 0.8079789984375001 0.41949320781250005 0.8031125015624999 0.3988062375 0.807384940625 0.4028430671875 0.8030215312500001 0.410428765625 0.7966309593750001 0.4159294796875 0.7852588015624999 0.405963009375 0.773119953125 0.4023549046875 0.7504907281250001 0.4040553390625 0.7323734265625 0.40470595468750004 0.7292584265625 0.4095855734375 0.7058959359375001 0.412468965625 0.6871029156249999 0.42101572656249997 0.6561589859375 0.41492343125 0.6404354765625 0.417969478125 0.6208637046875 0.40535616875 0.616409325 0.475682909375 0.5789811031250001 0.3994709046875 0.6046825953124999 0.410723746875 0.5907105859375 0.405296928125 0.5917529390625 0.39015505156249997 0.5894287484375 0.39243220624999997 0.5785262515625 0.3879813125 0.5748961078125 0.3910717359375 0.5600998625 0.4009345890625 0.5428067953125 0.38876486250000003 0.5312406390625 0.36970443125 0.52772558125 0.3580375234375 0.533704034375 0.34273299375 0.5321585953125 0.33109560625 0.5230317171875 0.3181865078125 0.5050295046875 0.3217205140625 0.4831214828125 0.3336683484375 0.47081000156249997 0.3479377171875 0.45237155468749995 0.3644991 0.44291146875000004 0.36877248125 0.427439503125 0.37619739375 0.409375 0.3626624859375 0.409375 0.34616318281249997 0.4259516078125 0.3292321125 0.43219366406250004 0.31216790625 0.4241091390625 0.30302956875 0.4279574015625 0.308752175 0.4404628828125 0.322223134375 0.44579904218750005 0.325003109375 0.45244115625000003 0.3075397015625 0.4562439359375 0.2878581734375 0.4407385453125 0.26291248125 0.4254967578125 0.23940115624999997 0.4183515546875 0.21556452187500003 0.41276385156249995 0.20700947812499998 0.409375 0.19575431875 0.409375 0.186508103125 0.41221527968749994 0.18710133906249998 0.409375 0 0.409375
0 0.3531723640625 0.4672132828125 0.3437530953125 0.4773945734375 0.3386959640625 0.48165495312499995 0.3411506328125 0.48985456718750003 0.358170459375 0.4931635671875 0.3696747109375 0.4879638625 0.372439828125 0.4747251171875 0.363375384375 0.46824357499999997 0.3531723640625 0.4672132828125
0 0.7208676875 0.8524935609375 0.719403803125 0.8595023078124999 0.728098559375 0.862765821875 0.7355659828125 0.861929528125 0.7484158421875 0.8552753531249999 0.7528962546875 0.8438001671875 0.7487706703125 0.8386125218749999 0.7365270453125 0.83737616875 0.7243278 0.8409153453125 0.7208676875 0.8524935609375
0 0.9054831171875 0.8464854859375001 0.9026292453125 0.8501731734375 0.896433534375 0.859884803125 0.9107621421874998 0.8661027421874999 0.9234493515625001 0.8602273171875 0.925563853125 0.850103571875 0.9217635718749999 0.8433584265625 0.9136011546875 0.8425341921874999 0.9054831171875 0.8464854859375001
0 1 0.871756396875 0.992223653125 0.8751238390625 0.9732076 0.8763843093750001 0.9815770484375002 0.881205321875 1 0.8822749953125001 1 0.871756396875
0 0.756386290625 0.926850721875 0.7521868046875 0.9319928812499999 0.7490520015625 0.9420135984375001 0.7516693265625001 0.9494344625 0.7642382578125 0.9491133156250001 0.77321394375 0.9460438015625 0.7758607859375 0.9383593343750001 0.772223159375 0.9308354390625 0.765894315625 0.9262204859375001 0.761650453125 0.9265871171875 0.756386290625 0.926850721875
0 0.784895709375 0.9599462078125001 0.7818791828125 0.9644126484375001 0.7741308296875 0.9715819671875 0.7864632109375 0.982369375 0.7964591999999999 0.9794028906250001 0.8033942812499999 0.9761273187499999 0.809589990625 0.966415690625 0.7993425921874999 0.9606098687500001 0.784895709375 0.9599462078125001