0 0.4890625 0.47701527187500004 0.47319611562499997 0.487480321875 0.4769481953125 0.495543840625 0.485065671875 0.499975325 0.48714614999999994 0.5001085671875 0.4890625 0.48039063125 0.4890625 0.47701527187500004
0 0.393343028125 0.477672290625 0.376331215625 0.4836236890625 0.4062937125 0.4894542125 0.4245502015625 0.47967091718750005 0.41496556093750003 0.4634106375 0.393343028125 0.477672290625
0 0.2899913703125 0.4780941546875 0.28507638750000003 0.4723031234375 0.278753178125 0.47346280625 0.2690639265625 0.4791008453125 0.2705719796875 0.4901499375 0.27868945625 0.494581421875 0.29141765 0.4907026515625 0.2899913703125 0.4780941546875
0 0.02188478125 0.0376873 0.035998367187500005 0.04719673125 0.047768096875 0.0416919328125 0.056457995312499995 0.0352075671875 0.04750471875 0.0268109453125 0.036430076562500004 0.0190607828125 0.0237018828125 0.022939553125 0.020294953125 0.028197614062499998 0.02188478125 0.0376873
0 0.0560937140625 0.181478478125 0.0474038140625 0.18796284375 0.04171196875 0.1969861828125 0.0421388953125 0.20874835625000002 0.055416679687500005 0.21429265000000003 0.0629436765625 0.210080775 0.0682494828125 0.1885155578125 0.0560937140625 0.181478478125
0 0.9619161125 0.11952001718750001 0.944395596875 0.115268646875 0.9371548125 0.114022596875 0.9315856281249999 0.120706825 0.9370093140625 0.136700621875 0.9547751546875001 0.13627376875 0.9611392515624999 0.134334384375 0.9677486734375 0.1277167765625 0.9619161125 0.11952001718750001
0 0.9754509625000001 0.27774186562500003 0.9799570703124999 0.2913299296875 0.9890738984375 0.29660773906250004 0.9952744453125 0.29778716875 0.990259634375 0.2739963359375 0.9754509625000001 0.27774186562500003
0 0.787195303125 0.2054464453125 0.793822778125 0.21838804843749998 0.7989013109374999 0.22106026406249998 0.8133011078125 0.22511177187500003 0.8238261609374999 0.22343886875000002 0.8303129203124999 0.2191603734375 0.8306400203125 0.2129227453125 0.82984510625 0.208177903125 0.821096265625 0.19588276093749998 0.808736059375 0.1927441984375 0.8012090609375001 0.196956075 0.7927235984375001 0.1995419203125 0.787195303125 0.2054464453125
0 0.7793098828125 0.13687940625 0.780063909375 0.142403953125 0.7871411453125 0.146768815625 0.80299005625 0.1430899078125 0.8031127187500001 0.1407507984375 0.8043982843749999 0.1361391984375 0.799565075 0.1287887609375 0.7945274296875 0.12533684218750002 0.7798823078125 0.12596355625 0.7793098828125 0.13687940625
0 0.7736434984375 0.44396911250000004 0.7737252734375 0.44240970468749996 0.7751743875 0.434679290625 0.775378825 0.43078077343750004 0.7704638421875 0.42498974375 0.7527797765625 0.4238571890625 0.7458023687499999 0.43749212656249997 0.7485959859375 0.44392961875000003 0.7608335296875 0.44940729062500007 0.77023656875 0.449227175 0.7736434984375 0.44396911250000004
0 0.73516945 0.40306302812499994 0.72185078125 0.3982984390625 0.7110395140625 0.40542926562500003 0.7083048375000001 0.41777128125 0.716381425 0.42298247031249997 0.731108321875 0.4207963484375 0.735719040625 0.41248609218750004 0.73516945 0.40306302812499994
1 0.4890625 0.509375 0.6472127953125 0.509375 0.65801864375 0.48104814375 0.6678714453125 0.47229128749999993 0.6814173875 0.452818446875 0.6911294734375 0.4268414921875 0.7025131640625 0.40879481718750005 0.6968850421875 0.3966995390625 0.700659959375 0.38442414375 0.7088002687499999 0.3685167140625 0.700051428125 0.3562215734375 0.7110262453124999 0.3459719328125 0.7156778515625 0.33688197343750004 0.72502195 0.3179223515625 0.70470781875 0.307233490625 0.6979167937499999 0.2974107015625 0.7053211296875 0.29553793906250003 0.717377071875 0.2845752140625 0.7018780953125 0.2616775796875 0.6922525671875001 0.2461970046875 0.7050216484374999 0.24153852968749998 0.7067569734375001 0.228350190625 0.6791202796875 0.21797468750000001 0.7115721296874999 0.21614141718750002 0.7138389921874999 0.19281693125 0.6984398437499999 0.1879191 0.66178615 0.1902655890625 0.6397186390625 0.173205859375 0.6313967265625 0.17267289218749998 0.6317647125 0.1656555609375 0.6413313015625001 0.16235663125 0.64447485625 0.14221757968749998 0.6259141015624999 0.1378995890625 0.60378286875 0.141958475 0.590382421875 0.13875329375 0.562295965625 0.1369545296875 0.544348525 0.1209409859375 0.5178747328125 0.108292990625 0.5182836078124999 0.10049595625 0.49497141874999995 0.08726812187500001 0.4890625 0.08178054375 0.4890625 0.509375
0 0.4890625 0.6865093484375 0.48527022343750004 0.684170475 0.47902878906249996 0.6837707484375001 0.468421959375 0.68700305625 0.4679313109375 0.6963595015624999 0.4728462953125 0.7021505296875 0.4808819953125 0.708141421875 0.4890625 0.7062425328125 0.4890625 0.6865093484375
0 0.4342082453125 0.5831100015625 0.42484609375 0.5825104140625 0.4142801515625 0.5849630171875 0.410995884375 0.5878819703125 0.4124630515625 0.5997107640625 0.41850005 0.6040090078125 0.42786220156250004 0.604608596875 0.43855080312499994 0.59981688125 0.442997971875 0.5946254390625001 0.44332507187500003 0.5883878109375 0.4424483828125 0.5852023749999999 0.4342082453125 0.5831100015625
0 0.3640263578125 0.5481047218749999 0.3598245140625 0.548617940625 0.35437799375 0.5529630578125 0.355009359375 0.5608267140625001 0.3577212015625 0.5688236124999999 0.3639217484375 0.5700030421875 0.3732839015625 0.570602628125 0.38101533593750003 0.5624922359375 0.38150598593749996 0.55313579375 0.3815468734375 0.5523560890625 0.3754689875 0.5488375515625 0.3640263578125 0.5481047218749999
0 0.140756209375 0.586221228125 0.1403882234375 0.5932385609375 0.14426296562500002 0.59896296875 0.1534206796875 0.603461075 0.1629054953125 0.601721553125 0.172799184375 0.59218499375 0.169047103125 0.584121475 0.16604904843749999 0.5815825015625 0.153566178125 0.58078305 0.145121603125 0.5825891953125 0.140756209375 0.586221228125
0 0.068184796875 0.5768795453125 0.0632289265625 0.5718682187499999 0.0529083109375 0.5696426015625 0.04226059375 0.5736546140625001 0.0376089890625 0.5827445734375 0.037159226562499995 0.5913213125000001 0.0398710703125 0.5993182109374999 0.053353289062499996 0.6009639859375 0.062838103125 0.5992244624999999 0.07240469375 0.5959255328124999 0.0726909046875 0.590467609375 0.07293622968749999 0.5857893875 0.068184796875 0.5768795453125
0 0.30747589531249997 0.6313207703125 0.3175102984375 0.6390043109375 0.33111518125 0.6383109765625 0.3367252515625 0.63084704375 0.3351763109375 0.62057765625 0.3270588359375 0.616146171875 0.31261815 0.61287436875 0.3079665453125 0.621964328125 0.30747589531249997 0.6313207703125
1 0 1 0.4890625 1 0.4890625 0.7157931421875 0.48271714687499995 0.7129528859375001 0.4736820953125 0.7061156687500001 0.46377035468749994 0.6960930171874999 0.44588185156250004 0.6988589796875 0.43297205625 0.686297353125 0.421692975 0.682445709375 0.40113351875000003 0.6764350703125 0.3844079171875 0.67692854375 0.36988545781250004 0.6752161484375 0.37873890781249997 0.66561296875 0.3822685 0.6580157953125 0.37955665625 0.650018896875 0.37592723906250003 0.6396162671875001 0.38386311093750003 0.62760735625 0.3844355359375 0.61669150625 0.3688319484375 0.61569219375 0.359142696875 0.621330234375 0.351206825 0.6333391453124999 0.3436389390625 0.6383307234375 0.335784840625 0.6487802265625 0.31426691875 0.641143559375 0.29815463124999997 0.629941478125 0.2971143921875 0.6298748578125 0.28767046406249996 0.630834678125 0.2834686203125 0.631347896875 0.26853728593750004 0.6374325359374999 0.266047934375 0.6450963296875 0.25244305 0.6457896640625 0.2387563921875 0.6480424078125 0.2223987796875 0.64151855 0.22284854062499998 0.632941809375 0.2157304171875 0.62935665 0.1970061125 0.628157471875 0.174161740625 0.625912109375 0.1636366875 0.6275850109375 0.15082671875 0.6330231890625 0.137303609375 0.63215711875 0.1213320359375 0.6381751359375001 0.1155175296875 0.649537584375 0.0978334640625 0.648405028125 0.0915511421875 0.6487850078124999 0.0829021296875 0.6544896687499999 0.060016868749999994 0.6530240078125 0.044535945312500005 0.649685584375 0.0469663578125 0.6232422843750001 0.0386853328125 0.6219296140624999 0.030667684374999997 0.63549793125 0.022486485937500002 0.6521850640625 0.0031079828125 0.6634611453125 0 0.6662234203125 0 1
0 0.9140395328124999 0.6147873234375 0.9303971453125002 0.6213111828125 0.9420033265625001 0.6189252 0.9576477999999999 0.6191448078125 0.9623402921875 0.6092751453125 0.9512656500000001 0.601524984375 0.9401501203125001 0.5945545265625001 0.93150110625 0.6002591875000001 0.9142439703124999 0.61088880625 0.9140395328124999 0.6147873234375
0 0.885444375 0.6027857921875001 0.8816105171874999 0.5962816796875 0.8765728718750001 0.5928297609375 0.86612959375 0.59294325625 0.8603968609375 0.602746296875 0.8640671687499999 0.6123692234375 0.8777947125000001 0.6093367781250001 0.885444375 0.6027857921875001
0 0.8109284171875 0.6504290890625001 0.80485053125 0.64691055 0.7903280718750001 0.6451981531250001 0.78679848125 0.6527953265625 0.78630783125 0.66215176875 0.806908175 0.6673827046875 0.8177194406249999 0.6602518765625 0.8109284171875 0.6504290890625001
0 0.8284526359375001 0.7939340375 0.83316318125 0.8036235843749999 0.84448315 0.806695525 0.8538861890625 0.806515409375 0.8607409359375 0.7952195828124999 0.8507883062499999 0.785976634375 0.8456279999999999 0.7848638250000001 0.8329406921875 0.7879628921874999 0.8284526359375001 0.7939340375
0 0.6863317796875 0.5782990265625 0.6786821187500001 0.5848500125 0.6753160765625 0.5893283703125001 0.6811077484375 0.5983048359375001 0.6915101406249999 0.59897104375 0.704360996875 0.5927531640625 0.7090126031249999 0.583663203125 0.7011404515624999 0.5745534984375 0.6928594265625 0.5732408265625 0.6863317796875 0.5782990265625
0 0.626715834375 0.540841140625 0.6314263796875 0.5505306875 0.6385853921875 0.5533361453125 0.6500689093750001 0.5532892703125001 0.6523129359375 0.5503036984375 0.64980553125 0.5384082828125 0.6458899 0.533463578125 0.6364459734375 0.5344233953125 0.626715834375 0.540841140625
1 0.4890625 0.509375 0.4890625 1 0.7292611156250001 1 0.7509423281250001 0.9782919390625 0.7499249234375001 0.9578864046875001 0.7569432203125 0.9434717625000001 0.7656331203125 0.9369873984375001 0.790803296875 0.9346877812500001 0.8340255234375 0.9265033890625001 0.8084693078124999 0.9162611265624999 0.7901129906250001 0.90804461875 0.7997024171875 0.8844067750000001 0.78183675 0.866833825 0.7863656921875 0.8600829765625001 0.7997889734375001 0.8429492453125 0.7896727953125 0.8368251125 0.7913263453124999 0.8251961796874999 0.801547134375 0.8094219921875 0.790799590625 0.7954342015625 0.791658228125 0.7790604265625 0.7928030765624999 0.7572287281250001 0.7917447859375001 0.737602896875 0.7777538625 0.7257543562500001 0.7648849546875001 0.7124130265625 0.7488953281249999 0.6988718359374999 0.77688195625 0.682670796875 0.741145840625 0.68742301875 0.7396377859375 0.6763739265625001 0.7338461125 0.6673974625 0.7258921875000001 0.6598471640625 0.7334191875 0.6556352875 0.74743294375 0.6471449171875 0.7418457078125 0.634269934375 0.7298943765624999 0.6233343375 0.7121285374999999 0.6237611890625 0.6944444734375 0.622628634375 0.6834287703124999 0.6336579796875 0.677677984375 0.6239018109375 0.669887609375 0.6132326984375001 0.6518992796875 0.59799885625 0.656632659375 0.5873494906250001 0.6732993203125 0.5680765125 0.6865999390625 0.5532818921875 0.697066053125 0.532829484375 0.697471621875 0.509375 0.6914089718750001 0.509375 0.661207275 0.5399208171875001 0.64857890625 0.5617993890624999 0.6375632046875 0.5728287328125 0.6206968890625 0.5561021078125 0.5963444625000001 0.5428076515625 0.57278695 0.5342580390625 0.5592638421875 0.5333919671875 0.546149609375 0.5247288609375 0.526753053125 0.5164457312499999 0.5228145859375 0.5318399406250001 0.509332365625 0.530194165625 0.514188409375 0.5172056875 0.5167319734375 0.509375 0.4890625 0.509375