1 0 0.4390625 0.309375 0.4390625 0.309375 0 0 0 0 0.4390625
0 0.482360815625 0.25819161875 0.48405499531250007 0.2648617859375 0.4907272984375 0.2681519140625 0.503125946875 0.264784225 0.506482659375 0.2554992453125 0.504113025 0.2528720828125 0.48815992656249996 0.252299028125 0.482360815625 0.25819161875
0 0.49681263906249995 0.0311979609375 0.49139791875 0.029986640624999998 0.48158720156249996 0.038277171875 0.4872929859375 0.042549398437500004 0.49179339375 0.05643808593750001 0.5011263953125 0.0654162828125 0.5019268203125 0.073833775 0.5149075984375 0.076587896875 0.5198129546875 0.07244263281249999 0.5078192578125 0.0577763671875 0.5007309171875 0.0389648375 0.49681263906249995 0.0311979609375
0 0.5793353734375 0.1856679953125 0.5809567859375 0.1915729359375 0.594155859375 0.1966227390625 0.6097451265625 0.19336966093750002 0.61124156875 0.18681410468749998 0.6082170390625 0.177299903125 0.5938331515625 0.17093651875 0.58150726875 0.175069434375 0.5788987765625 0.1810766359375 0.5793353734375 0.1856679953125
0 0.628037825 0.2519853203125 0.6279856171875 0.24029004999999998 0.6228825203125 0.23120959375 0.6082597734374999 0.23348057187500001 0.5937825562500001 0.2372820046875 0.59235888125 0.2446027875 0.5927954765625 0.249194146875 0.5934503703124999 0.2560811859375 0.6022740109375 0.259702796875 0.61087935 0.2610287265625 0.6203056765625 0.2598421078125 0.628037825 0.2519853203125
1 1 0.4390625 1 0.2733368140625 0.9933898625000002 0.270955896875 0.971180496875 0.28261411718749996 0.9449800875000001 0.2857402359375 0.935865384375 0.27905771874999996 0.9390765640625001 0.2682422859375 0.9274261375 0.2683321984375 0.9208266 0.265807296875 0.9182592281249999 0.24995441093749998 0.9226552250000001 0.24045256093749998 0.9065565953124999 0.23834905156250003 0.8891276171874999 0.2334015109375 0.8800129140624999 0.22671899375 0.8544673984374999 0.23673215 0.8598821187500001 0.2379434703125 0.8384937390625 0.24708914062499998 0.8440334343749999 0.26076095625 0.8527637453124999 0.2745473828125 0.8169598312499999 0.25470435625 0.8017343921875 0.2617835671875 0.79117545625 0.2733518765625 0.79746336875 0.2837459140625 0.7886919359375 0.2918195734375 0.7715745828125 0.2790028953125 0.74945854375 0.2804962984375 0.7420174609375 0.29141399218749997 0.7446053906250001 0.296336834375 0.721065678125 0.30515102031249997 0.7065156953124999 0.30818722656249997 0.7003321953125 0.32118372812499996 0.6812090359375 0.30956601875 0.659456828125 0.31488555625000003 0.630284096875 0.3201927421875 0.6064533187500001 0.325946021875 0.5815626984375 0.3428462171875 0.5827997203124999 0.35585506875 0.5676992546875 0.375394775 0.5585639921875 0.37964230312499997 0.54399345 0.393608553125 0.5195599843750001 0.4041700625 0.517679153125 0.4178295296875 0.498442109375 0.42730668281249995 0.480317115625 0.4373321875 0.47787596718750003 0.4390625 1 0.4390625
0 0.7181590375 0.2870277 0.725891184375 0.2791709109375 0.7235421109375 0.26561370625 0.7138974859375 0.26450464687499997 0.7014988390625 0.2678723375 0.701623809375 0.2803328328125 0.7181590375 0.2870277
0 0 0.8595839703125 0.005166765625 0.8634526046875 0.0156323765625 0.8620491125 0.025588624999999997 0.8552890328124999 0.0245699015625 0.8445758624999999 0.0201217 0.84238244375 0.0097288546875 0.8445511625 0.0046779640625 0.847165975 0.0008846546875 0.8518595953125001 0 0.8564086468750001 0 0.8595839703125
0 0.0877036140625 0.6948295718749999 0.09911518281250001 0.7033740234375 0.10177588125 0.7090620921874999 0.11054731250000001 0.7009884328125 0.11888214999999999 0.688323415625 0.11037013437500001 0.676832665625 0.0995201328125 0.6853400703125001 0.095654059375 0.6892684640625 0.0877036140625 0.6948295718749999
0 0.1262710265625 0.66571045 0.11759292031249999 0.6636192937500001 0.098854153125 0.644897675 0.091704134375 0.658876275 0.10430052031249999 0.668734309375 0.11319692343750001 0.6731211453125 0.11643975 0.684931025 0.124972325 0.68549173125 0.137370971875 0.682124040625 0.13642501406250002 0.6721760953125 0.13175851249999998 0.6676869984375 0.1262710265625 0.66571045
0 0 0.5043633109375 0.0093996984375 0.5067019187499999 0.0187532578125 0.5047500703125001 0.0247706671875 0.5011531609375 0.0227854234375 0.4914220875 0.0185760796875 0.48059430625 0.005324799999999999 0.4638492328125 0 0.4597676875 0 0.5043633109375
0 0 0.710227209375 0.00516354375 0.7073710921874999 0.0071171390625 0.6944768515625 0.010255553125 0.6828961921875 0 0.6770538875 0 0.710227209375
0 0.15202536718749998 0.7024783734375 0.13860799375 0.6951328921875 0.1342119984375 0.70463474375 0.13738205781249999 0.7156793968749999 0.14180969999999998 0.728802859375 0.1504150390625 0.730128790625 0.1548110375 0.7206269375 0.15202536718749998 0.7024783734375
0 0.055746825 0.76002895 0.0601428203125 0.7505270984375001 0.055258021874999994 0.7437423203125 0.049770534374999995 0.7417657734375 0.045831696875 0.744928940625 0.043587034375 0.7547622734375 0.044023632812500005 0.7593536328124999 0.05062316875 0.761878534375 0.055746825 0.76002895
1 0 1 0.309375 1 0.309375 0.7342617953125 0.2774371328125 0.7395214546875 0.2679174796875 0.7508728921875 0.25143445937500003 0.7558732953125 0.2263461 0.75954776875 0.1805131703125 0.7456995921875 0.16461227812499998 0.7568218078125 0.15611135 0.7788864156249999 0.129089953125 0.7845250859374999 0.0823838328125 0.7614941906249999 0.07567040781249999 0.7800641484374999 0.10502031875 0.7989127296875 0.108408675 0.8122530625 0.0836113796875 0.8189884421875 0.021358721875 0.8553912953125 0 0.8988272671875001 0 1
1 0.6285866453125 0.4390625 0.618831828125 0.44144805624999994 0.589659096875 0.4467552421875 0.5658283187500001 0.452508521875 0.5409376984375001 0.4694087171875 0.5421747203124999 0.48241756875 0.5270742546875 0.501957275 0.5179389921875 0.5062048031249999 0.50336845 0.520171053125 0.47893498437500004 0.5307325625 0.477054153125 0.5443920296875 0.457817109375 0.5538691828125 0.43969211562500005 0.5638946875 0.4287693484375 0.571636865625 0.40648721875 0.5825298578125 0.39735195624999997 0.5867773859375001 0.384755571875 0.5769193515625 0.368709146875 0.586511115625 0.36467698125000003 0.599839096875 0.37350061874999996 0.603460709375 0.3779282609375 0.616584171875 0.367587621875 0.630448159375 0.3518322625 0.6431008281249999 0.3294979265625 0.6422985515625 0.309375 0.6475824375 0.309375 0.6809301624999999 0.3232733046875 0.6771551390624999 0.309375 0.6869517281249999 0.309375 0.6947088328125 0.312475509375 0.6973578140625 0.3182335 0.7133253093749999 0.309375 0.7193400375 0.309375 0.753324815625 0.3116244890625 0.7552858078125 0.309375 0.758436503125 0.309375 0.8281297359375 0.310441284375 0.8320129828124999 0.3124992921875 0.8425092828124999 0.31552382031250004 0.8520234828125 0.3163970140625 0.8612062015624999 0.3147139203125 0.8880913906250001 0.33686160468750004 0.9092233000000001 0.3574606421875 0.9252154953125 0.3675418625 0.9309159140624998 0.376656565625 0.93759843125 0.3854802046875 0.9412200421874999 0.3792239375 0.9534513171875 0.39032388125 0.96986490625 0.39610243125 0.9749023578125 0.4060175609375 0.9900023671875001 0.41392922812500005 1 0.7749159109375 1 0.9735549890625 0.9582303765625 1 0.5455616937500001 1 0.48895169687499995 0.9949162375 0.4390625 0.66383875625 0.4390625 0.6597071953125 0.44774622812500003 0.645413471875 0.4390625 0.6285866453125 0.4390625