0 0.288837853125 0.03503385625 0.3079086109375 0.0286281578125 0.3130359828125 0.014307220312499999 0.3044333640625 0.0133958 0.30340389375 0.0135707609375 0.29328265 0.0097528375 0.2822030671875 0.013218126562499998 0.2789412109375 0.0193105265625 0.2844753984375 0.0341929640625 0.288837853125 0.03503385625
0 0.06021967499999999 0.2265796109375 0.042892145312500005 0.22398640468750003 0.0294578890625 0.23259876875000002 0.03092535625 0.24184315937499998 0.036928725 0.24636092187499997 0.049771509375 0.24734286874999997 0.059699334375 0.2432821734375 0.0598727796875 0.237714653125 0.06021967499999999 0.2265796109375
0 0.95044676875 0.3838673359375 0.9528214171875 0.39216639999999997 0.970811546875 0.3922735484375 0.9818911281249999 0.388808259375 0.985571009375 0.3786890703125 0.96091490625 0.37655021718750004 0.95044676875 0.3838673359375
0 0.8649296984374999 0.39128074218750003 0.8688229703125 0.4024863109375 0.8820326234374999 0.4057793546875 0.8968632171875001 0.39930313125 0.8946620156249999 0.38543654374999997 0.8766718828125001 0.385329396875 0.8649296984374999 0.39128074218750003
0 0.782939034375 0.407588621875 0.7930091203125 0.41774443124999994 0.8053627500000001 0.4156449140625 0.8071771109375 0.4137542640625 0.8104901218750001 0.4013239765625 0.7943143515625 0.39932617656249997 0.782939034375 0.407588621875
0 0.7284707234375001 0.35750940937500003 0.71513878125 0.3534460015625 0.7027851515625001 0.35554551874999996 0.6957722875 0.3646488546875 0.701969075 0.3770452359375 0.7127529234375001 0.37837710156250004 0.7223138796875 0.372005309375 0.7236390859374999 0.36703319375 0.7284707234375001 0.35750940937500003
0 0.75055244375 0.21688780468750002 0.7393305984375 0.20613659062499998 0.7169268546875001 0.21152643593749998 0.7117283515625 0.21873912187500003 0.7259874453125 0.23530334531250002 0.7364044265625 0.23432411250000001 0.7432438453125 0.23078829843749998 0.7471683 0.22220984062500002 0.75055244375 0.21688780468750002
0 0.631871621875 0.44829457812499995 0.631729359375 0.43407807187499997 0.6185197062500001 0.430785028125 0.606410653125 0.43442527656249996 0.603026509375 0.4397473109375 0.6044939765625 0.4489917015625 0.6097124562499999 0.4552251546875 0.6202517249999999 0.45501628906249997 0.631871621875 0.44829457812499995
0 0.5747384390625 0.4890625 0.575413053125 0.4855800078125 0.5704391546875 0.48088728593749996 0.556933765625 0.48239139687500004 0.5512461078124999 0.48652262031250004 0.5519023765625001 0.4890625 0.5747384390625 0.4890625
1 0.409375 0 0.409375 0.4890625 0.540807725 0.4890625 0.556444609375 0.47930993437499997 0.5707860484375 0.4697522453125 0.5853621390625 0.4890625 0.6301249953125 0.4890625 0.6302906265624999 0.48495612499999996 0.6104150046875001 0.47963137656250004 0.59826600625 0.45637934687500004 0.579052984375 0.448568540625 0.59190698125 0.41632032187499995 0.6011522312500001 0.4012995453125 0.6072579140625 0.39314153281249997 0.6265932234375 0.4017227046875 0.6502710125 0.39769863125 0.6679454359375001 0.38915679375 0.6533706328125 0.3639435859375 0.6569793796875001 0.34671614375000004 0.6528926875 0.3276319578125 0.6798011468749999 0.33729950937500003 0.6748784062500001 0.3262689 0.6556653875 0.31845809375 0.6625048031249999 0.314922278125 0.7051710109375 0.3306144171875 0.773349340625 0.353837971875 0.7130910546875 0.3205657546875 0.7050799046874999 0.31006002499999996 0.6777534218750001 0.3044192625 0.6795989640625001 0.2827445859375 0.6913411500000001 0.2767932390625 0.6862961203125 0.264992265625 0.69002715625 0.2485351890625 0.6942273765625 0.2217134359375 0.696877784375 0.21176920781250003 0.699579353125 0.1954870921875 0.6887755312499999 0.18070908593749999 0.6813558546875 0.160609046875 0.68091785625 0.151189696875 0.6907034171875 0.132912496875 0.683844028125 0.123002171875 0.6697783546875 0.11431656875 0.669166909375 0.11046473906250001 0.6853426796875001 0.11246253749999999 0.702721365625 0.10871785625 0.726990628125 0.095099471875 0.7140767109375 0.087009271875 0.6758640640625 0.09271241875 0.6604220265625 0.0953368140625 0.643319103125 0.0808382015625 0.6348899296875 0.0743592625 0.6288665874999999 0.056395359374999995 0.6215180421875 0.043403573437499995 0.618776528125 0.032793409375 0.5998592421875 0.02018545 0.583612340625 0.0110793984375 0.5712911046875 0 0.409375 0
0 0.40436250625000003 1 0.40813049375 0.9917635640625001 0.3956476703125 0.9836466375 0.381689465625 0.989741909375 0.37620924218749996 0.9943963374999999 0.3764137890625 1 0.40436250625000003 1
0 0.25690821875 0.9402106281249999 0.26460667031249996 0.9416945578125 0.2752191921875 0.9380294156249999 0.276202778125 0.92855461875 0.27291728437499996 0.9235284140625 0.265074965625 0.9211381718750001 0.25218403125 0.92612129375 0.2498454328125 0.9348956156250001 0.25690821875 0.9402106281249999
0 0.08353461718750001 0.9920140484375001 0.0885832328125 0.9846406828125 0.0735944453125 0.9685727765625 0.055139606249999994 0.9698476781250001 0.056002821875 0.9752855546875001 0.0600076625 0.9848433265625001 0.065859309375 0.9903641734375 0.07049981562499999 0.996090859375 0.079121665625 0.9955563265624999 0.08353461718750001 0.9920140484375001
1 0.409375 0.4890625 0 0.4890625 0 0.9084218609375 0.0045256484375 0.9095730875000001 0.0338440640625 0.929720996875 0.042897521875 0.9319054031250001 0.0485216171875 0.9281572890625001 0.0796031515625 0.9359056265625 0.0857660328125 0.959058090625 0.093200240625 0.9745483796875 0.1057432515625 0.97520896875 0.13780837343750002 0.973482509375 0.125649975 0.943902884375 0.12322769687499999 0.9443145546875 0.11815558125 0.9358689312500001 0.13788175 0.926931859375 0.1516960828125 0.9199302765624999 0.172104909375 0.9388000921875002 0.19197494531249998 0.930769334375 0.1934503265625 0.9165571374999999 0.21360810156249999 0.9103390015624999 0.226522534375 0.9211748671875 0.24895872031250002 0.9136387499999999 0.2532879890625 0.9017338234375 0.2699562125 0.89703950625 0.30144585625000003 0.8916877953124999 0.32102815625000003 0.8818444109375001 0.34049008125 0.8869137031250001 0.351942321875 0.87286745 0.376944659375 0.8658259765625 0.3879652921875 0.8490607859375 0.409375 0.838209603125 0.409375 0.4890625
0 0.769392765625 0.7061280468750001 0.7802477453125001 0.714568165625 0.7904201453125 0.7120482015625 0.793019396875 0.7084418593749999 0.79265253125 0.7061307609374999 0.7893707046875 0.698777021875 0.7805235078124999 0.6963248703125 0.7704733921875 0.6996152 0.769392765625 0.7061280468750001
0 0.7370261484375 0.5288733703124999 0.7490640703125 0.51812486875 0.7491152265625 0.51178698125 0.7434787249999999 0.5095803171875 0.734509240625 0.5063578 0.714949325 0.5096820359375 0.7102399765625 0.519976184375 0.7196986187500001 0.5262801640625 0.7370261484375 0.5288733703124999
0 0.6467261515625 0.61937914375 0.640009021875 0.6236853265625 0.6373586140625 0.6336295562500001 0.6455432078125 0.6385677640624999 0.6511797093749999 0.6407744281250001 0.6602003546875 0.637659059375 0.663584496875 0.632337025 0.662483896875 0.6254037312499999 0.659691225 0.62113145625 0.6467261515625 0.61937914375
0 0.620855921875 0.6562129375 0.61607544375 0.6593988328125 0.61075465 0.6658411531249999 0.6209981859375 0.6704294421875 0.6284490453125 0.6707454562499999 0.6345035718750001 0.66892533125 0.6383768703125 0.6666847609375 0.64060925625 0.660767321875 0.631272903125 0.6552337046875 0.620855921875 0.6562129375
0 0.602598790625 0.7210253890625 0.5929667015625 0.7202889296875 0.580735359375 0.7231588109375 0.5841394765625 0.7312829171875 0.5852400765625 0.738216209375 0.5972468140625 0.747251734375 0.6043308109375001 0.74525665 0.607837240625 0.7407049812500001 0.6099984953125 0.7276792890625 0.602598790625 0.7210253890625
0 0.5439989421875 0.784782653125 0.535834321875 0.7932905828125 0.5411750859375 0.8002944031249999 0.5493596828125 0.8052326109375001 0.557595434375 0.8038329328125 0.5627939375000001 0.796620246875 0.5608373156249999 0.78429439375 0.550838359375 0.7812468359375 0.5439989421875 0.784782653125
0 0.528349825 0.8926650640624999 0.5176371109375 0.8984414515625 0.5166787703125 0.9057246656250001 0.5242007656250001 0.9131489296874999 0.5325076484375 0.9188575046875 0.5471647953125001 0.9179487999999999 0.5493971796875 0.9120313609374999 0.543934125 0.9042571734374999 0.528349825 0.8926650640624999
0 0.4564691953125 0.9460210328125 0.4581612671875 0.9433600156249999 0.4586304484375 0.9329953390625001 0.45226021406249994 0.9261664781250001 0.44002887343749997 0.9290363625000001 0.437256175 0.9382102265625001 0.44193433750000005 0.9477001031250001 0.451270690625 0.95323371875 0.45551085625 0.9533042437500001 0.4564691953125 0.9460210328125
0 0.409375 0.9371110281250001 0.40963395468749997 0.9373666187499999 0.4150970078125 0.9451408046874998 0.4199997765625 0.9427252734374999 0.42301705156249997 0.935092140625 0.42596319843749997 0.9203507578125001 0.4203778546875 0.91180620625 0.409375 0.90894026875 0.409375 0.9371110281250001
1 0.409375 0.4890625 0.409375 0.83704591875 0.41354088593749994 0.8354355531250001 0.42800461093750003 0.8266482281249999 0.437810146875 0.82181716875 0.45531112343749996 0.8188428515625 0.47408614531249993 0.8172343078125 0.495093553125 0.8097083234374999 0.5124011078125 0.7988553890625 0.524734765625 0.7833097328124999 0.5309627359375 0.7759220859375 0.5447638609375 0.7696208203125 0.5701536968750001 0.77638186875 0.5866651484375 0.8004747921875 0.6154591015624999 0.8153599437500001 0.6010577453125 0.784579215625 0.5858914703125 0.7689603171874999 0.5704606421875 0.7383545484375 0.568626309375 0.7267990609374999 0.581989434375 0.7110784453125 0.589298034375 0.697177953125 0.5798393921875 0.6908739718750001 0.5740094703125 0.6807886890625 0.5786476875 0.6633862875000001 0.5987678890625 0.6702517671875 0.608869159375 0.6606235515625001 0.61387424375 0.6455322484374999 0.6259121625 0.6347837468749999 0.6347393875 0.6237897578125 0.6267993703125001 0.6203922828125 0.632415896875 0.6091528078125 0.653790171875 0.6039379203124999 0.655584559375 0.58860113125 0.6638714703125 0.580863565625 0.6764497046875 0.566858640625 0.6597136484374999 0.5546711265625001 0.6562384 0.53943876875 0.6542106453125001 0.5200046609375 0.6563519265625001 0.4935328296875 0.6558269390625 0.4890625 0.409375 0.4890625