0 0 0.2920296109375 0.01575650625 0.2883538109375 0.0226711796875 0.279682234375 0.0145949625 0.27348116562499997 0.0049753765625 0.2708485390625 0 0.27242180781249997 0 0.2920296109375
0 0.8910460046875001 0.3215086859375 0.8869740499999998 0.3321672234375 0.8864285796875 0.33840325625 0.8941279390624999 0.34609751875 0.9063083578125 0.33845621875 0.9042137359375001 0.326509134375 0.8910460046875001 0.3215086859375
0 0.86241690625 0.5052330921875 0.85979318125 0.5112994453125 0.8590431593750001 0.5198739921875 0.8565558015625001 0.524381334375 0.8675770937500001 0.5299916062500001 0.8783092828125 0.526942490625 0.88716776875 0.5213851796875 0.8881223421875 0.5104721203125 0.8851413296875 0.508658590625 0.8716326796875 0.5075556640625 0.86241690625 0.5052330921875
0 0.8507083578125 0.603196096875 0.8419862390624999 0.6071943984375 0.8413725859374999 0.6142099375 0.844710884375 0.6239033484375 0.853858475 0.6270054265625 0.8611323640624999 0.6275993093750001 0.8675716781249999 0.6257698406250001 0.8720009203124999 0.622991184375 0.8744200937500001 0.6192633453124999 0.8747610140625 0.615365825 0.8725300234375 0.6049777484375001 0.8635869828124999 0.599537159375 0.8507083578125 0.603196096875
0 0.644543765625 0.13651784375 0.65348680625 0.141958434375 0.6617998203125001 0.14263715625 0.66636543125 0.13829949375 0.6666381671875 0.135181478125 0.66670635 0.1344019734375 0.6660081421874999 0.1304196125 0.6642026234375 0.12713191562499998 0.6583769671875 0.1219458453125 0.6455665234375 0.12482528125 0.644050109375 0.1301969703125 0.644543765625 0.13651784375
0 0.6039714187499999 0.049987737500000004 0.6057769359374999 0.053275435937500004 0.6172073328125001 0.054208679687500004 0.6223184140625 0.043634984375000005 0.6241075640625 0.035145279687499996 0.6248575875 0.026570732812499998 0.6200028718749999 0.022249009375 0.6137681109375 0.021739965625 0.6105825453125 0.02226495 0.6048414390625 0.028076779687499998 0.5984703109374999 0.0291267453125 0.60277955625 0.0396845015625 0.6039714187499999 0.049987737500000004
0 0.5363572765625 0.093141728125 0.5380264296874999 0.0979884328125 0.5378900609375 0.0995474421875 0.54073470625 0.1029199796875 0.5488431703125001 0.105937215625 0.554038803125 0.10636141875 0.5617217953125 0.10227827812500001 0.5633745765625 0.09534757968749999 0.5570552640624999 0.08384063750000001 0.565335540625 0.06096455625 0.5435466124999999 0.0827377109375 0.5363572765625 0.093141728125
0 0.55245420625 0.1125126125 0.5372082234375 0.107342484375 0.528486103125 0.11134078437499999 0.5217740546874999 0.11628827187499999 0.5236641265624999 0.1305738671875 0.5339872124999999 0.1322017765625 0.5520614703125 0.128967040625 0.557802578125 0.12315520937499999 0.5600853828125001 0.12098637812499999 0.5615336125 0.11639419375 0.55245420625 0.1125126125
1 0.25 0.65 0.774402571875 0.65 0.7753266734375 0.6394353296874999 0.7911699421875 0.6258125171875 0.79483279375 0.6198310046875 0.80222668125 0.6070884765625 0.8125333968749999 0.596938984375 0.8144425453124999 0.575112865625 0.7970501234375 0.5705525609375 0.7976637796875 0.5635370234375 0.7902371546875 0.5527247453124999 0.7913280968749999 0.540252678125 0.7923508546875 0.528560115625 0.8067977093749998 0.5069725796875 0.7871224812500001 0.5045811062500001 0.7794913046875 0.49610734062499995 0.78432965 0.48865166093749995 0.7898498359375 0.4734009390625 0.793239953125 0.47053744374999995 0.791554434375 0.453913334375 0.7735319875 0.44459116249999997 0.7740092734374999 0.43913463437500005 0.77683755 0.43072977031250004 0.779035803125 0.4175630390625 0.7863096921875 0.418156921875 0.8054230796875 0.4150070265625 0.8036011921874999 0.399941925 0.792852634375 0.39121363750000004 0.779275803125 0.3908902140625 0.7702127625 0.39878603749999997 0.7607924374999999 0.39880197812499996 0.7499075125 0.3916326984375 0.7428899921875 0.37614339375 0.73256690625 0.374515484375 0.7132325984375 0.3682264921875 0.7058741562499999 0.3566347078125 0.6985157171874999 0.3450429265625 0.682571525 0.3358904359375 0.6682283 0.33236415625000004 0.6678028281249999 0.32526377812499996 0.644721115625 0.313958396875 0.6260686453125001 0.2998743609375 0.5898873874999999 0.282789028125 0.5909783296875 0.2703169609375 0.5669256734375001 0.2581472359375 0.536229153125 0.250145490625 0.5321244625 0.23724922187500003 0.5332154046875 0.2247771546875 0.5278670328125 0.21413455781250001 0.5080390687499999 0.2015246875 0.48739289843750006 0.1982688703125 0.4718905484375 0.2079941625 0.46274295781249997 0.2048920859375 0.4547872296875 0.2120932421875 0.4363556828125 0.2074480984375 0.430666390625 0.20070302031249998 0.4228306625 0.19456776874999998 0.4114166359375 0.20541192656249999 0.4065782890625 0.21286760624999998 0.39112775312500003 0.210035990625 0.3900722578125 0.198173746875 0.37925551718749995 0.1902249640625 0.35799569062500003 0.1939846828125 0.34440248906250004 0.18188385625 0.313585971875 0.187218525 0.3166187984375 0.17647514687500002 0.3048311140625 0.1676620203125 0.28786416406250004 0.17020209375 0.2788856796875 0.1890958140625 0.29012789375 0.204144975 0.2732973109375 0.2051260390625 0.264013353125 0.20358297187500002 0.2615778109375 0.19553340624999999 0.26280512031250003 0.1815023328125 0.26014865781249996 0.16401387812499998 0.25 0.1592215296875 0.25 0.65
0 0.72234745 0.3477737625 0.72704943125 0.341877090625 0.7195546203125 0.331844315625 0.7044450046875 0.325115178125 0.698005690625 0.32694465 0.69427465625 0.3337056640625 0.69573925625 0.340890884375 0.7053805 0.3503138359375 0.72234745 0.3477737625
0 0.1236052375 0.9264746 0.1301291046875 0.9356430296875 0.1423258921875 0.9397791328124999 0.15506815000000002 0.9376792015625 0.15692548125 0.9284099921875001 0.155665434375 0.9188862609375 0.14568326874999998 0.9133608296875 0.12989181249999998 0.914426734375 0.1236052375 0.9264746
0 0.054856465624999996 0.8509902125 0.0602730203125 0.8608533062499999 0.069079690625 0.8678529031250001 0.07689905 0.8622107531250001 0.08097100625 0.851552215625 0.074310771875 0.8439427953124999 0.0663386765625 0.83936655 0.054856465624999996 0.8509902125
0 0.085015640625 0.7215606375 0.08576566249999999 0.7129860921875 0.08409651093750001 0.7081393874999999 0.0705878609375 0.707036459375 0.0667886421875 0.7145769796875 0.058764729687499996 0.72255764375 0.0621712171875 0.73147155 0.072357934375 0.73465846875 0.0830219375 0.7323888562499999 0.085015640625 0.7215606375
0 0.7952874171875 0.682938071875 0.79251095625 0.6787860296875 0.78114874375 0.6770732796875001 0.7724948078125 0.680292078125 0.770705659375 0.6887817828125 0.76981926875 0.6989153375 0.7779959171875 0.7011530703125001 0.7910109109375 0.6959351218750001 0.792595509375 0.689783928125 0.7952874171875 0.682938071875
0 0.8640334812500001 0.8063115765625 0.8497584406249998 0.80200579375 0.8362497906249999 0.8009028671875 0.8253130500000001 0.8062904953125001 0.8252448671875001 0.8070700000000001 0.8326033062499999 0.8186617828125 0.8490929703125001 0.8215782390624999 0.8556686515624999 0.8181897609375 0.8703527953125001 0.8178185203125 0.8640334812500001 0.8063115765625
1 0.25 0.65 0.25 1 0.73301766875 1 0.7344045203125 0.9841449687499999 0.7350181765625 0.9771294312500001 0.7358363828125001 0.9677753796874999 0.7381028187500001 0.9538291453125 0.7537415359375 0.9425448453125 0.7546961109375 0.9316317859375 0.7642528046875 0.9300568390624999 0.774644075 0.93090524375 0.7731958453125001 0.9354974281249999 0.7795151578125 0.9470043703125001 0.7907410031250001 0.9502761281250001 0.815186390625 0.9459914265625 0.814471815625 0.9302316625 0.8142345265625 0.9090153671875001 0.8212193093749999 0.9009498640625001 0.81684188125 0.8911716125 0.801254978125 0.8898990046874999 0.7855317078125 0.8901854046875 0.779621496875 0.8740014374999999 0.780423334375 0.8528699843750001 0.7815660906249999 0.8278410109375001 0.7768831890625 0.7976259671875 0.7754867734374999 0.7896612453125 0.7773277375000001 0.76861463125 0.7793050703125 0.7460090109374999 0.7650654765625 0.717368915625 0.766854625 0.7088792109375001 0.75201774375 0.69903205625 0.743824728125 0.6850169203124999 0.7427010484375 0.6739341828125001 0.7568233546875 0.6680215703125 0.74668845 0.6522777453125 0.7288869265625 0.652394465625 0.72555915 0.65 0.25 0.65