0 0.5567478609375 0.4890677515625 0.5606685765625 0.4839759828125 0.557244828125 0.4774684859375 0.5550109546875001 0.47416928125 0.5433446125 0.46927252656249996 0.5385257718750001 0.4773907640625 0.542058928125 0.4862362953125 0.5485417390625 0.49145783906249996 0.5567478609375 0.4890677515625
0 0.5548262109375 0.7 0.5529130343750001 0.6959710593749999 0.535055634375 0.6920875234375 0.52666716875 0.6905808828125 0.5260243250000001 0.69906276875 0.5265460390625 0.7 0.5548262109375 0.7
0 0.46061767812500004 0.523386025 0.46032592812499995 0.5171512640625 0.4612605203125 0.5149041390625 0.4494118375 0.5061106578125 0.4380372484375 0.5074486640625 0.43202853281250003 0.512358609375 0.43228381406249994 0.5178140250000001 0.43797790625 0.5284000718749999 0.447483309375 0.5315563140624999 0.45669696249999997 0.52847779375 0.46061767812500004 0.523386025
0 0.4478801484375 0.47337816093749996 0.45096208437499996 0.45036145312500003 0.44865527031249997 0.44550355937499997 0.43072493281249996 0.44006133125 0.42039434218749994 0.4414902484375 0.4164736265625 0.4465820171875 0.41806465781249996 0.45836310625000004 0.4291246234375 0.4725210921875 0.436651434375 0.477833546875 0.4478801484375 0.47337816093749996
0 0.3352697453125 0.3999261140625 0.34722783437500004 0.41105763125 0.3541711453125 0.40390056249999995 0.35261658125 0.39289881875 0.3398333046875 0.38635246093750003 0.3350874015625 0.3960293890625 0.3352697453125 0.3999261140625
1 0.56875 0 0 0 0 0.034332903125 0.010414721875000001 0.25689748125 0.011840853125 0.2743683109375 0.0208985359375 0.2809625734375 0.0212632234375 0.28875602499999997 0.031885564062499996 0.29356186875 0.03325778125 0.3006668875 0.0636431796875 0.305641365625 0.068147396875 0.31301911875 0.0699207734375 0.328696934375 0.089537953125 0.32574818906249997 0.09331279375 0.31753903906250003 0.107285946875 0.3272936890625 0.107905915625 0.3405425578125 0.1184917875 0.3445690546875 0.1285306265625 0.33690537656249997 0.1338235625 0.338918628125 0.1292964703125 0.3532716265625 0.133704878125 0.38082144218749997 0.1410128765625 0.3814578265625 0.1456994375 0.3927323046875 0.153007434375 0.3933686875 0.156855215625 0.38671822968749997 0.1997321359375 0.392004303125 0.20228063437500002 0.3798075171875 0.20468325781250002 0.36449334843750003 0.2094291625 0.3548164203125 0.2264978421875 0.3640644609375 0.2366596859375 0.3812489171875 0.24836249531250001 0.3869250171875 0.26689920625 0.3831060140625 0.2619573625 0.36637611875 0.266922078125 0.3613752609375 0.2738060453125 0.3751696 0.3056001296875 0.3880284421875 0.31862509375000003 0.3775201171875 0.3173258109375 0.37197379062499997 0.32956205625 0.36682997031250003 0.34936158281249996 0.36777795 0.35284467343750003 0.3533340390625 0.372935946875 0.3605167796875 0.3878801625 0.3688036515625 0.41289968281249995 0.370206190625 0.43637823750000004 0.3831170828125 0.449840828125 0.3819609015625 0.4587991984375 0.373426965625 0.47200650624999996 0.36681536718749996 0.4835498453125 0.3468639890625 0.492362340625 0.3352126734375 0.5160461125 0.3302895375 0.5186675484375 0.319651440625 0.551783784375 0.316325859375 0.567539590625 0.2975174734375 0.56875 0.29744163281249997 0.56875 0
0 0.9818614406249999 0.206134915625 0.9953720265625 0.20731142343750003 0.9975281640624999 0.201107196875 0.9997701109375001 0.19673672343749998 0.995699265625 0.1881639671875 0.9892577609375 0.18121105625 0.9733336125000001 0.1807375171875 0.9738484656249999 0.1917400359375 0.9818614406249999 0.206134915625
0 0.7673638687500001 0.6412872468749999 0.7426704578125001 0.636397515625 0.7365721875 0.636779615625 0.7369583265624999 0.6450315062499999 0.7458992078125 0.6531152046875001 0.7546684703125 0.6575313984375 0.7656367734375 0.6566602406250001 0.7689353390625 0.648729215625 0.7673638687500001 0.6412872468749999
0 0.664594275 0.6670373781250001 0.6692926921875 0.6628808171875 0.6739053 0.6568905 0.6661926546875 0.6489137546875 0.65391030625 0.6478442046875 0.646540896875 0.6472024734375 0.641928290625 0.6531927890625 0.6423573359375 0.6623615578125001 0.6463852734375 0.6700174359375 0.655025821875 0.6716829984375 0.664594275 0.6670373781250001
1 0.56875 0 0.56875 0.533376728125 0.6032741765624999 0.5329447890625 0.6305956734375 0.5417159375 0.6496896734375001 0.531507821875 0.656973275 0.5303157984375 0.6711543343749999 0.5196798625 0.698545646875 0.503802296875 0.7155264125 0.500715284375 0.7481739015625 0.49260055312500006 0.7528294125 0.4875271125 0.7806926750000001 0.4817351890625 0.802543475 0.4781591203125 0.8055417078125 0.46380995937499997 0.8304496406249999 0.4732840734375 0.85255786875 0.47520926562500004 0.8720809140625001 0.474169915625 0.8863906874999999 0.46628461093749995 0.887903259375 0.446327234375 0.8888311625 0.44001605312500003 0.9104245375 0.430938725 0.9261341609375 0.4268278796875 0.9343456640625 0.4193246765625 0.939371325 0.39602065625 0.9162064796875 0.3976560171875 0.9003252375 0.3980993546875 0.9107786875 0.386225678125 0.9028086156249999 0.37274767343750004 0.9094486484375001 0.35780250156250004 0.9420532312500001 0.3487708921875 0.9399669078125001 0.330326403125 0.9188723921874999 0.32392378125 0.9491063140625 0.316512015625 0.9376231578125 0.306380653125 0.9277972765625 0.3055250140625 0.9354939265625 0.28701928906249996 0.9232384890625 0.260384146875 0.929878521875 0.245438971875 0.9192803625 0.228079553125 0.9221498828125 0.2109797609375 0.9215063171875 0.1972266109375 0.9260760187500001 0.19031941562500002 0.9073092609375 0.181380078125 0.8948552953125001 0.176643021875 0.9025948484375 0.15905417187499998 0.8858126109375 0.1402431 0.8695452250000001 0.1324345453125 0.8670727625 0.10573816875 0.8486761484375 0.0785682484375 0.8333366671875 0.06444851562500001 0.8215960828125001 0.04881589375 0.7983294328125 0.02213503125 0.7817703703125 0 0.56875 0
0 0.9257975171874999 0.0798051609375 0.9304101250000001 0.0738148453125 0.9351085453125 0.06965828125 0.9209114875000001 0.053811748437499994 0.9038449140625 0.055065006250000006 0.8905488531250001 0.058472884375 0.8911495140625 0.071309159375 0.8964056906250001 0.079071990625 0.9027184828125 0.0832742734375 0.919913771875 0.08477164375 0.9257975171874999 0.0798051609375
0 0.8311891765624999 0.6459320359375 0.833044984375 0.6333096734375 0.832444321875 0.620473396875 0.8248174859375 0.6143304078125 0.8137633718749999 0.6133678125 0.80669429375 0.61914421875 0.8037818703124999 0.6353271328125001 0.8165361671875001 0.6464823265625 0.830003846875 0.64674195625 0.8311891765624999 0.6459320359375
0 0.492092984375 0.744186953125 0.491764765625 0.7371728453124999 0.4958313578125 0.7351984593750001 0.488231609375 0.7283273140625 0.4788356125 0.7275091078125 0.4706294890625 0.72989919375 0.47203817812500004 0.7377835562499999 0.47643299062500005 0.742823275 0.4807548625 0.746304303125 0.48601133125 0.7475382078124999 0.492092984375 0.744186953125
0 0.43504201093750006 0.8137312046874999 0.4278434171875 0.8154328578125 0.423959171875 0.821303971875 0.4221993890625 0.8281362546875 0.422782890625 0.8406057765625 0.43351463749999997 0.8477496562500001 0.445108040625 0.851087721875 0.446042634375 0.8488405984374999 0.45186900625000004 0.8400339265625 0.4512855046875 0.827564403125 0.4487598796875 0.8180304390625001 0.44548200781249997 0.814640321875 0.43504201093750006 0.8137312046874999
0 0.35086128437499997 0.7256790953125 0.36087725000000004 0.73974616875 0.3659284984375 0.7588141 0.38923830625 0.790338365625 0.3797922453125 0.766230715625 0.38305652343749996 0.747110734375 0.385349740625 0.7294585312499999 0.379728584375 0.7204311734375 0.3670182453125 0.71544350625 0.3544902484375 0.7143525640624999 0.3503871890625 0.7155476078125 0.35086128437499997 0.7256790953125
0 0.92202970625 0.9122997500000001 0.9366457015625 0.9135725156250001 0.9415374812499999 0.9070129687499999 0.9403111359375 0.9030253296874999 0.9314850453125001 0.8921665484375 0.922987175 0.8883218734374999 0.913773521875 0.89140039375 0.913276553125 0.9029996593749999 0.92202970625 0.9122997500000001
0 0.9580455359375 0.8820607328125 0.9705005937500001 0.881592984375 0.9689095625 0.8698118953125 0.9654858140625 0.8633044 0.9611274703125 0.859044025 0.9455039453125 0.8584596937500001 0.942882509375 0.8690977906249999 0.9453351953125001 0.8770730656250001 0.9580455359375 0.8820607328125
0 0.9096383093749999 0.958567040625 0.9131943375 0.9456818203124999 0.8953369359375 0.9417982828125 0.8848604734375 0.9401098203125 0.876800225 0.9456172859375 0.8783912578124999 0.9573983765625 0.8912474734375 0.9655034234375 0.9027314687500001 0.9665034546874999 0.9078055921875 0.9638406328125001 0.9096383093749999 0.958567040625
1 0.56875 0.7 0.56875 1 0.8061018000000001 1 0.8112742531249999 0.989586109375 0.8187874671875001 0.9723884640625 0.8348350234374999 0.9598148406250001 0.840638521875 0.972738921875 0.8549992359375 0.9685562718749999 0.8534446718750001 0.9575545281250001 0.8719449156250001 0.9529561796875001 0.8556878265625001 0.9166128812500001 0.8690410078124999 0.9131186640625 0.8980177156250001 0.9102087796875 0.8994128078125 0.89558304375 0.91437989375 0.8821391625 0.9098027406250001 0.87320271875 0.9205573609375 0.8586158453125 0.9211637343750001 0.8493546140625 0.92519385625 0.84660088125 0.94711785 0.8485100296875 0.95607621875 0.83997609375 0.9555291890625 0.8282859171875 0.9592675609375 0.8192974218750001 0.9583193734375 0.799034446875 0.9485586874999999 0.7904227890625 0.9447702515625 0.776121840625 0.9418799390625001 0.7587944234374999 0.9589350249999999 0.745532365625 0.963535053125 0.7327380578125 0.9520374625000001 0.709227928125 0.952047175 0.7 0.56875 0.7