0 0.3114039546875 0.1400659640625 0.302030484375 0.1419850859375 0.2906428359375 0.1472618515625 0.2908432140625 0.1557967453125 0.2962065484375 0.1613688171875 0.311859359375 0.159463446875 0.3168037203125 0.147189834375 0.3114039546875 0.1400659640625
0 0.1970408453125 0.12753106875 0.20035357031249998 0.13490898906249998 0.20765821562500003 0.134019815625 0.22115111875000001 0.1292648984375 0.2241177359375 0.1219007328125 0.222946703125 0.11659646093750001 0.217656234375 0.1141279875 0.206195721875 0.11630115625 0.19900037343750002 0.12184572499999999 0.1970408453125 0.12753106875
0 0.0742046765625 0.2444168359375 0.07841519218750001 0.2454605375 0.09196274531250001 0.24303331718750001 0.103386825 0.23930834843749998 0.10217935781250001 0.23245227812499997 0.09996480468749999 0.2272750328125 0.0978413296875 0.2259772828125 0.0801925578125 0.2320161984375 0.0761459890625 0.2379555921875 0.0742046765625 0.2444168359375
0 1 0.22667115937500001 0.9892252703125 0.2289298953125 0.98213784375 0.2416932375 0.9994966890625001 0.24690364687500002 1 0.24693579843750002 1 0.22667115937500001
0 0.9362700703125 0.175872928125 0.9372405734375 0.1647696125 0.9334075421874999 0.15882817656249998 0.92472811875 0.15622297031250001 0.9126014203124999 0.1641071375 0.909132715625 0.1736836859375 0.9191683921875 0.1816163890625 0.926534421875 0.18071974531249999 0.9362700703125 0.175872928125
0 0.8962773687500001 0.15053187968749998 0.9035576750000001 0.1459839453125 0.9047210515625 0.1430960359375 0.907112103125 0.14005868593749998 0.905627265625 0.129254253125 0.8981112187499999 0.1237611390625 0.884671128125 0.128143453125 0.8737935296875001 0.136791003125 0.8740078375 0.14591923125 0.8876408078125 0.14975232031250002 0.8962773687500001 0.15053187968749998
0 0.8602523984375001 0.0844288671875 0.853878303125 0.075135021875 0.8465122765625 0.0760316640625 0.8368194875 0.082704128125 0.8358704156249999 0.094720265625 0.840973978125 0.10233790625000001 0.8556631750000001 0.0987189734375 0.8592390359375 0.0937065359375 0.8602523984375001 0.0844288671875
1 0.57017411875 0 0.5702127125 0.0016438640625 0.5544887218750001 0.0136276421875 0.5358593421875 0.0067410265624999995 0.512855046875 0.023272740625 0.494375684375 0.022775882812500002 0.49166317187499997 0.0121208921875 0.4828337328125 0.0031259265625 0.464933 0.027275282812500003 0.4622847796875 0.019358759375 0.45358392500000005 0.01584073125 0.4448830703125 0.0123227015625 0.4296875 0.0120548171875 0.4296875 0.309375 0.9337962171874998 0.309375 0.9316043203125 0.2917852390625 0.9203195390625 0.2830891546875 0.9249730546875 0.27153751875 0.9159936 0.2561527953125 0.9266568906250001 0.23837701875 0.9350577125000001 0.22911552968749999 0.9359210609375002 0.2134481 0.9162354578125 0.21401350625 0.8976489375 0.20895253593750002 0.921017559375 0.20793880781250001 0.927912109375 0.1869600625 0.9143219984375002 0.18495262031249998 0.9010533531250001 0.1966375171875 0.8860426968749999 0.1865641109375 0.8734016578125001 0.17254053125 0.8804890875 0.159777190625 0.867869478125 0.146666434375 0.857726646875 0.13416961875 0.8170206109375 0.130885759375 0.828954434375 0.1147861875 0.8309811625 0.09623085 0.8086473375000001 0.08887973437499999 0.81450709375 0.076265834375 0.7923232859375 0.07530447500000001 0.7828448046875 0.091105165625 0.7766635875000001 0.0900267234375 0.7774412109375 0.07070800625 0.7735653203125 0.06294092343749999 0.7732652890624999 0.0501614046875 0.7645215734375 0.04481773125 0.7297610203125 0.0325712609375 0.7136941375 0.029949874999999997 0.6975201 0.0227643765625 0.6606256671875 0.02450913125 0.67738204375 0 0.6524239406250001 0 0.6394337921875 0.01335728125 0.640984465625 0 0.630622540625 0 0.6146446234375 0.006305046875 0.614496596875 0 0.57017411875 0
0 0.7541430046875 0.022279864062499998 0.7494466265625 0.032005853125 0.749660934375 0.041134081249999996 0.75590644375 0.0449509921875 0.7681617265625 0.0425437609375 0.7764982578125 0.0305438046875 0.766526871875 0.025349570312500003 0.7541430046875 0.022279864062499998
0 0.4296875 0.6519550796875 0.4294600734375 0.6520314593750001 0.42118477343749994 0.6561512546875 0.4245703609375 0.666632771875 0.4296875 0.669760084375 0.4296875 0.6519550796875
0 0.3150189015625 0.6807462546874999 0.327522934375 0.6784460609374999 0.3316059359375 0.6740584640625 0.3313509109375 0.663195875 0.3270310984375 0.657496778125 0.3134288953125 0.6575962984375 0.305408621875 0.672578684375 0.3150189015625 0.6807462546874999
0 0.2252344875 0.7344718593749999 0.22228608749999998 0.7426119265625 0.228784021875 0.751936471875 0.23819392343749998 0.75156915 0.24853805156250003 0.74641940625 0.249308328125 0.7346538921875 0.2418033078125 0.7270081703125 0.2252344875 0.7344718593749999
0 0.29654262187499997 0.8744120343749999 0.3079484859375 0.8699111640625 0.31400923125 0.860614125 0.29506191406250004 0.8559174734375 0.28588882031249996 0.8663714875 0.28092624375 0.8778692015625001 0.29654262187499997 0.8744120343749999
0 0.140678078125 0.69885576875 0.149924034375 0.6915053515625 0.15175604843749999 0.6803887109375 0.1463745015625 0.674040740625 0.1358846453125 0.6729832890624999 0.12046864374999999 0.6849753484375001 0.1301517890625 0.6962465171875 0.140678078125 0.69885576875
1 0.2970351046875 1 0.2973883828125 0.9995858765625 0.2968601140625 0.9770847953124999 0.2759532671875 0.9780734890625 0.25616280625 0.9820387546875 0.2623146328125 0.9766212109375001 0.27031669062499997 0.960862928125 0.2512965078125 0.953062678125 0.24910016875 0.9486613328125 0.24664880625 0.93339739375 0.2462844828125 0.9178794078125 0.2459565921875 0.9039132203125 0.2443848015625 0.8815391640625 0.23684334687500003 0.8723416437499999 0.23420982031249998 0.8493187125 0.2338637125 0.8345766265624999 0.224107703125 0.8202018609374999 0.23119375468749997 0.810001896875 0.22460473906249998 0.79679785625 0.277957009375 0.751397609375 0.2160197625 0.7877273625 0.21684469062499998 0.7782895453124999 0.19390544999999998 0.781859984375 0.1967627703125 0.769840421875 0.190355915625 0.764395375 0.183930846875 0.7581744296874999 0.1901555390625 0.7558604828125 0.193983515625 0.740610296875 0.1947173609375 0.7272929828125 0.1851981625 0.7230049078125 0.16324779375 0.7241206265625 0.1538561078125 0.7252638484375 0.1394471953125 0.7355770859375 0.1310261640625 0.7334896859375 0.1254442390625 0.718606821875 0.120080903125 0.7130347515625 0.10908099687499999 0.6902521171875 0.11814479375 0.67514270625 0.126128634375 0.6586085234375 0.13846872187499998 0.649325234375 0.14121674374999998 0.6326502734374999 0.14766523125 0.5952938328125 0.1007015984375 0.645363228125 0.097498171875 0.6426407046875 0.0859465796875 0.640934378125 0.0797218875 0.6432483250000001 0.0757117484375 0.6507395171875 0.0801044265625 0.6595422109375 0.097935359375 0.6612622890625 0.0815304859375 0.675709071875 0.062346357812499996 0.6609257296875001 0.0202776390625 0.6520405265625 0 0.6533473187500001 0 1 0.2667257625 1 0.2701657625 0.9990090203124999 0.272032159375 1 0.2970351046875 1
0 0.7981543421875 0.5472298390624999 0.7980043265625 0.5408400796875 0.79406414375 0.5303345281249999 0.7818302890625001 0.5336545828125 0.7772624968749999 0.5488575078125 0.784799971875 0.555263446875 0.7981543421875 0.5472298390624999
0 0.6933307921875 0.5398502000000001 0.7028735656249999 0.526787978125 0.6929236078125001 0.52250656875 0.68542899375 0.517926275 0.67687815625 0.5207980046875 0.6721174859375 0.5277855265625 0.6723532249999999 0.5378265796875 0.6773924953125 0.54270575 0.6933307921875 0.5398502000000001
0 0.580764659375 0.6222098921875 0.569651321875 0.620816390625 0.56366298125 0.6279533531249999 0.5713504734375 0.6407490515625 0.584790565625 0.636366734375 0.5870744609375 0.628765271875 0.580764659375 0.6222098921875
1 1 0.8597102484375 0.99004156875 0.85434274375 0.9919825734375 0.8321361156249999 0.9671505437499999 0.823258234375 0.9583639671874999 0.8160889140624998 0.9543380609375 0.8019320734375001 0.9702334968749999 0.7972508765625 0.97004061875 0.7890354703125 0.972260225 0.7786955390625 0.9892118859375 0.7665623187499999 0.9851216859375 0.749667009375 0.956756659375 0.7476272078124999 0.939440675 0.7442424421875 0.9366638703125 0.7308489828125 0.9326165312499999 0.7157793171875 0.9091193296875 0.711316109375 0.8831882140625 0.7080646046875 0.8684561546874999 0.7098578953125 0.8476071718749999 0.713311209375 0.8326608078125 0.7059762703125 0.8103484125 0.6995379765624999 0.784417296875 0.6962864718749999 0.7534469109374999 0.68815579375 0.727215765625 0.6721247703125 0.7022765828124999 0.6586827765625 0.6799856203125 0.653157303125 0.6566384328125 0.6550838546875 0.6284019890625 0.6585209921875 0.6087378140624999 0.6599992203125 0.573263928125 0.6698099375 0.5642844734375 0.6544252140625 0.553042553125 0.647554775 0.5309873296875 0.6520703546875 0.51642671875 0.6611662234375 0.506605346875 0.66236175 0.5050562140625 0.64881885 0.48183760937500003 0.6562223375 0.4712386125 0.6767365812499999 0.449183390625 0.681252159375 0.4490976671875 0.67760086875 0.438911971875 0.6632784078125 0.4296875 0.6653863546875 0.4296875 1 0.98852638125 1 0.9943767031250001 0.9865526015625001 0.9903936578125 0.9742214046874998 0.9849686328124999 0.9529114218749999 0.9932837328125 0.939998640625 0.9890220890624999 0.91580075 0.98503904375 0.903469553125 0.9895425421875 0.885528159375 0.9992353296874998 0.8788556968750001 1 0.8747025562499999 1 0.8597102484375