0 0.2410058015625 0.259375 0.240874828125 0.2510116234375 0.235312371875 0.24308173906250002 0.22474872499999998 0.24525363281249998 0.21859368125 0.2573612171875 0.2191845296875 0.259375 0.2410058015625 0.259375
0 0.2464964421875 0.187033140625 0.2568567609375 0.198590240625 0.2641621765625 0.1887067609375 0.269934921875 0.17444784062500002 0.267058990625 0.1688875875 0.2568846 0.164751009375 0.2522691875 0.172774221875 0.2464964421875 0.187033140625
0 0.265231015625 0.056613215625000005 0.26425961249999996 0.070269446875 0.2696326609375 0.07500871406250001 0.2803857171875 0.07602743906250001 0.2849976484375 0.07223412968750001 0.2880803890625 0.05983548281249999 0.28059948437500004 0.0496087296875 0.265231015625 0.056613215625000005
0 0.4760764234375 0.0660127328125 0.4812705015625 0.054871667187499994 0.48569998437499995 0.03942793125 0.47398248593750003 0.0436056296875 0.46302958125 0.0520859984375 0.46647026093750005 0.0714480125 0.4760764234375 0.0660127328125
0 0.72958980625 0.20359845625 0.7347699656250001 0.20937700625 0.7435976156249999 0.21655867187500003 0.7508995515625 0.21090509375000002 0.7537824437499999 0.2080055375 0.7562865171875 0.19872474375 0.7522602109375001 0.19094039062499998 0.7403567828125001 0.1876975640625 0.7334406234374999 0.191272575 0.72958980625 0.20359845625
0 0.9231482968750001 0.217705590625 0.9216051859375 0.22601986875 0.9265924578125 0.23283770312500002 0.935427065625 0.231559559375 0.9396566984374999 0.2256149171875 0.941971365625 0.21314350312500002 0.9400563953125001 0.20661673125000002 0.9354514234375 0.20195023281250002 0.9283423765624998 0.20656452656250002 0.9231482968750001 0.217705590625
0 0.153017846875 0.9646403671874999 0.15148865625000002 0.9560350281249999 0.144768865625 0.9543408484375 0.1365094453125 0.95673104375 0.1343841890625 0.972393075 0.13821760624999999 0.9812167140625 0.1458983609375 0.9819443734375 0.153017846875 0.9646403671874999
0 0.318543325 0.9739765921875 0.3189186625 0.984587734375 0.33158668750000003 0.9921332296875001 0.3360092109375 0.9851493046875 0.3419678859375 0.97831090625 0.34408618281250003 0.9711086812499999 0.3414031375 0.9645091453125 0.3367946859375 0.9640725484375 0.32469488750000003 0.9660989109375 0.318543325 0.9739765921875
0 0.4349034453125 1 0.43662709375000003 0.994681653125 0.4399027234375 0.9812437203125001 0.43261470625 0.9699776828125 0.422822615625 0.9679924406249999 0.415902975 0.975797353125 0.41435290468749997 0.9925714375 0.4167020640625 1 0.4349034453125 1
0 0.009975346875 0.70362011875 0.0166916578125 0.7095442015625 0.0232324765625 0.6953580484375 0.0247755890625 0.687043771875 0.024782546875 0.6785839640625 0.015565642187500001 0.677710771875 0.0040375515625 0.6850790890625 0.0023015515625 0.69443265 0.0059455609375 0.70006566875 0.009975346875 0.70362011875
0 0 0.586972984375 0.0046927734375000005 0.5889033484375 0.0121806390625 0.5906702906250001 0.020453979687500002 0.5713604828125 0.0122015171875 0.56529086875 0 0.569509034375 0 0.586972984375
0 0.017178350000000002 0.5847984140625 0.018707540624999998 0.5934037562500001 0.026191926562500002 0.5994006046875 0.038102315625 0.594183621875 0.045025434375 0.5821488031250001 0.0461897265625 0.567453290625 0.042735126562499996 0.5650108890625 0.031210515625 0.5681493046874999 0.02198665 0.5757359187500001 0.017178350000000002 0.5847984140625
0 0.15451470312499999 0.31226863125 0.1679577625 0.311427084375 0.17104050312500002 0.29902843749999997 0.173544578125 0.2897476421875 0.1666388609375 0.28063293906250003 0.157997140625 0.28087179687499997 0.150691725 0.29075528125 0.14722320625000002 0.305232496875 0.15451470312499999 0.31226863125
0 0.17928252656250002 0.31778776249999996 0.1865844625 0.31213418437499996 0.188327421875 0.294320815625 0.1860301546875 0.28564270937499997 0.1741267265625 0.282399884375 0.17123339375 0.29798915 0.1702619890625 0.3116453828125 0.17928252656250002 0.31778776249999996
1 0.5390625 0.259375 0.218255859375 0.259375 0.21869597968750001 0.261240890625 0.1998659515625 0.2742627875 0.195822246875 0.2876279515625 0.1960046953125 0.29927838125 0.1940758078125 0.309671225 0.1835017203125 0.32453283125 0.1877139578125 0.339737709375 0.1873246984375 0.3460461828125 0.1825163984375 0.3551086796875 0.1598668734375 0.34238732031249997 0.1483318203125 0.35821544687499995 0.157924065625 0.36969978125 0.1467643515625 0.3961390515625 0.15059429062500002 0.40919259375 0.160575790625 0.4143684546875 0.1461508890625 0.44155594374999996 0.15919773125 0.4554826796875 0.15343194531249998 0.461281790625 0.1394067390625 0.46947109375 0.13709207343750002 0.48194250781250003 0.1415041578125 0.48764829218750005 0.1430263890625 0.5047134390625001 0.1320630453125 0.5258835203125 0.1178310296875 0.552031725 0.11973903906250001 0.5670183046874999 0.12760572187500002 0.5751664890624999 0.1345149234375 0.5800512859375 0.147182946875 0.58759678125 0.1604365984375 0.5835646171875 0.1542780765625 0.5999021046874999 0.1475408859375 0.6193574453125 0.1575049890625 0.645682828125 0.16268166875 0.6556912828125 0.17225999218750002 0.684095234375 0.173589334375 0.702199665625 0.18683950625 0.7023974046875 0.1993076828125 0.7194419921875 0.1918058984375 0.7345946640625 0.2004371765625 0.74704551875 0.188323459375 0.765991496875 0.18274708281250002 0.7749812265625 0.1844587234375 0.79523699375 0.19559407812500001 0.798407053125 0.20751490625 0.7805003593750001 0.220751159375 0.7976177140625 0.22745354999999998 0.8204614124999999 0.2270608125 0.8309997906250001 0.2310836390625 0.843014046875 0.2345312796875 0.8539162546875 0.22914083125 0.870326509375 0.2300878765625 0.8862796078125001 0.23449996093749997 0.8919853906250002 0.2467891671875 0.893149646875 0.25217265625 0.8851992015625001 0.2610107421875 0.8796911546875 0.26735519375 0.8707741921875 0.285778565625 0.8852102890625 0.305944896875 0.8818330140625001 0.3159298765625 0.8827789734374999 0.320920628125 0.8853669046875 0.339547325 0.88607400625 0.35624513750000003 0.89717395 0.377940659375 0.9024020187499999 0.3934915765625 0.907047959375 0.39808958906249997 0.9201742671875 0.41190798749999996 0.9299438640624998 0.4286231984375 0.919894290625 0.45762413593750007 0.9152388734375 0.47088474687500004 0.9027469015625 0.48604988593750004 0.9094714109375002 0.5029579859375 0.89838255 0.5223736406249999 0.8737829921875001 0.5390625 0.8753640640625001 0.5390625 0.259375
0 0.6108949406249999 0.76483944375 0.6099513765625 0.744656440625 0.5992018 0.7394078140625 0.5934290546875001 0.7536667312499999 0.592843428125 0.76524439375 0.5957228406249999 0.7665747421875 0.6016710765625 0.7724260578125001 0.6108949406249999 0.76483944375
0 0.7204916015625 0.831273021875 0.7341240703125 0.833622096875 0.735088515625 0.8284256750000001 0.7416293359375 0.8142395203125 0.7362597671875 0.80527035 0.732419390625 0.80490651875 0.7193551484375 0.8121293046875 0.7204916015625 0.831273021875
0 0.5390625 0.589629296875 0.543254084375 0.5860492515625 0.5440326 0.57343230625 0.5390625 0.5690484578125 0.5390625 0.589629296875
0 0.5704737859375 0.6457361515625 0.573556528125 0.6333375015625 0.5666508078125 0.6242228015625 0.5628069515624999 0.628088875 0.55186100625 0.628109434375 0.5503178953125001 0.6364237109374999 0.5518470859375 0.64502905 0.552804571875 0.6482924359375 0.5589456953124999 0.65310446875 0.5704737859375 0.6457361515625
1 1 0.259375 0.561116209375 0.259375 0.5606125796875 0.2609082109375 0.5458088578125 0.2817144609375 0.5400326343749999 0.300203284375 0.5515502859375 0.3055246796875 0.5524938500000001 0.3257076796875 0.5390625 0.333307296875 0.5390625 0.44413314843750007 0.5399143203125 0.444020021875 0.550674334375 0.43657893750000004 0.552003678125 0.45468337031249995 0.5427763328124999 0.466499890625 0.5414156718750001 0.48646459375000006 0.540826565625 0.502272159375 0.542141990625 0.5372962078125 0.5572792921875 0.5778599484375 0.5390625 0.5955087421874999 0.5390625 0.624499334375 0.5582089375 0.6149625671875001 0.5822226046875001 0.603489315625 0.593733296875 0.61727051875 0.60812688125 0.628152165625 0.6111922234375 0.6369030390624999 0.59697065 0.65036153125 0.5915732421875 0.6752315921875 0.5942528078125 0.6860610328125001 0.6028806062500001 0.702741790625 0.6167233640625 0.682902059375 0.6274729390625 0.6881506890625 0.6361076984375 0.6963716390625 0.64993305625 0.6976814265625 0.6391556406250001 0.7262720296875 0.6554885546875 0.7140711203125 0.6550853765625 0.7372992109375 0.6331795687499999 0.7542599453125 0.6218269671875001 0.7817385 0.5964526390625 0.8131764515625001 0.6325730640625 0.79121703125 0.634694840625 0.779784903125 0.646997965625 0.7640295421875 0.65507841875 0.7457590171875 0.6704399265625 0.7472143390625 0.69309293125 0.7557057921875 0.7084614015625 0.74870130625 0.7284313625000001 0.750593221875 0.7385953125 0.7674195125 0.7485733343750001 0.776825278125 0.7633700953125 0.7644788375 0.78314716875 0.7674100359375 0.7935040062500001 0.7831970453125 0.8050320984375 0.775828725 0.8198253781249999 0.7677121875 0.8203831671875002 0.7899737578125 0.8434289093749999 0.7879268359375 0.8522739578125 0.7739589796875 0.856282865625 0.8028928531249999 0.8564548750000001 0.8272329953125 0.8733838515624999 0.7907647109375 0.8839683781250001 0.7632133921875 0.90011188125 0.7478218625 0.91739531875 0.7473441453125 0.9377545375 0.742927590625 0.9581207171875 0.730051225 0.9696488078125001 0.7226829078125 0.9863674984374999 0.7084034296875 0.9971309937499999 0.6967324421875001 1 0.6941925906249999 1 0.259375