0 0.5 0.12040721875 0.496024134375 0.11903911874999999 0.48728609218749996 0.1212275890625 0.48518986249999996 0.128106721875 0.48710830781250003 0.136222996875 0.5 0.13700555625 0.5 0.12040721875
0 0.22531773125000001 0.28252406875 0.23166486718749998 0.2753278265625 0.2177906734375 0.2698321359375 0.2095250890625 0.2689121015625 0.201023278125 0.26954632031250003 0.1996059015625 0.2788718359375 0.20633599062500002 0.2898945125 0.21563477031249997 0.2909295515625 0.22150945000000002 0.2868418140625 0.22531773125000001 0.28252406875
0 0.1467002890625 0.405748921875 0.152663246875 0.40799320000000006 0.159128496875 0.40001983125 0.163320959375 0.3862615671875 0.16509267968750002 0.3746046703125 0.1507758609375 0.36510834375 0.1439861015625 0.36830395 0.13932118124999998 0.3851707203125 0.1385826578125 0.3969426203125 0.14292184218749998 0.402957525 0.1467002890625 0.405748921875
0 0.1119308125 0.28886964375 0.09300874375 0.28202180625 0.0864253765625 0.29077229843749997 0.0919743203125 0.30956623906249997 0.1018338375 0.3138247875 0.10971646718750001 0.296525903125 0.1119308125 0.28886964375
0 0.10632219843749999 0.2842939875 0.115060240625 0.28210551562499997 0.1215254921875 0.2741321484375 0.11697991249999999 0.262562353125 0.105290228125 0.25651954374999997 0.0905892296875 0.2564637375 0.087932259375 0.260119359375 0.09041144375 0.27145914531250004 0.097495878125 0.28015044375000003 0.10632219843749999 0.2842939875
1 0 0 0 0.1705140734375 0.00997364375 0.1716242296875 0.0159664375 0.16675936875 0.0332062890625 0.16393667812499998 0.053840409374999995 0.1733459046875 0.0792861765625 0.18566153125 0.0944596328125 0.1826088328125 0.1031093953125 0.17408834687500002 0.108423334375 0.16677709999999998 0.1167485859375 0.153478853125 0.11347243437500001 0.1404698109375 0.12953114062499999 0.14541838437500001 0.14868943750000002 0.1507119703125 0.1757303671875 0.13870667187500002 0.1860921796875 0.132747575 0.21519950312499997 0.120972284375 0.233472553125 0.11826460000000001 0.23444730625000001 0.10493844687500001 0.2523075703125 0.091120984375 0.2670968484375 0.09750880625 0.28011563125 0.087894084375 0.298447125 0.0986275546875 0.30715533281249996 0.10354822500000001 0.32761289374999997 0.10029342187500001 0.3314510109375 0.0888665359375 0.3141527125 0.0782480703125 0.332131090625 0.06365348125 0.3554818515625 0.0551888015625 0.366050059375 0.0547845921875 0.3783601515625 0.049832628125 0.38951893437499996 0.045542785937500004 0.4056957546875 0.049714234375 0.421784296875 0.047553667187499996 0.4277770875 0.0426888046875 0.4296669234375 0.0302547828125 0.42199191562499994 0.0254491171875 0.41697387656249996 0.016987828125 0.40838378437499995 0.01129003125 0.41736143124999997 0 0 0
0 0.5373448265625 0.2441949828125 0.5271011296875 0.24937695468749999 0.522850221875 0.2496940640625 0.5082673390625 0.2488611296875 0.5058167640625 0.2580716421875 0.510037834375 0.264863675 0.52538785 0.2744750046875 0.5349514703125 0.29450608906250003 0.5422136890625 0.2882019765625 0.531498759375 0.2688330171875 0.5382885203125001 0.26563741093750004 0.54909295625 0.2636789484375 0.557270259375 0.25826696718750003 0.5554699281250001 0.24937356406250002 0.5373448265625 0.2441949828125
0 0.635675178125 0.26778441875 0.634139684375 0.27788705937499997 0.6407814937499999 0.2825777203125 0.6579032328125 0.2805321578125 0.6606783171874999 0.276099409375 0.658199134375 0.2647596234375 0.6438524796875 0.2623724375 0.635675178125 0.26778441875
0 0.5205488234375 0.2233588703125 0.5198115265625 0.20747133125 0.5122546328124999 0.20188853906249998 0.5067343 0.2036448953125 0.504165609375 0.213632534375 0.502275771875 0.22606655625 0.504873071875 0.2366292140625 0.5187771031249999 0.2350157640625 0.5205488234375 0.2233588703125
0 0.783166203125 0.0716179140625 0.790103915625 0.06053604218750001 0.7847315312500001 0.05440613125 0.763624953125 0.048105410937499996 0.7538238765624999 0.0572880171875 0.75960905 0.07452770625 0.7689078296874999 0.07556274375000001 0.783166203125 0.0716179140625
0 0.805066140625 0 0.8030953140625 0.002711584375 0.8061352375 0.0172748796875 0.8233452546875 0.0215613296875 0.8288954234375 0.012695831250000001 0.8283346843749999 0.009472321875 0.8278479859375001 0 0.805066140625 0
0 0.92940783125 0.091057025 0.917215853125 0.0952318625 0.9160347046874999 0.10300312656249999 0.9172742968750001 0.10867301874999999 0.9255100437500001 0.11670219374999999 0.9364325953125 0.1139666046875 0.9407133375000001 0.1065403546875 0.9377616921874999 0.0983090734375 0.92940783125 0.091057025
0 0.2153702875 0.767379121875 0.22242062968749998 0.761655753125 0.22030259375 0.7511929281249999 0.2173508078125 0.7462156999999999 0.20575137500000001 0.7412056421875001 0.1974504015625 0.7551574078125001 0.19619977500000002 0.7633858046875 0.20401366875 0.7689042296874999 0.2153702875 0.767379121875
0 0.30264684375 0.7380449812500001 0.2996599546875 0.7414314484375 0.3012221578125 0.7555513406250001 0.31525264375 0.76083199375 0.3237964328125 0.7534153921875 0.3242133078125 0.7506725937500001 0.3232756984375 0.7487087625 0.320601828125 0.741903003125 0.3148021109375 0.739397971875 0.30264684375 0.7380449812500001
0 0.1008722765625 0.65050429375 0.095419234375 0.6619838578125 0.100524159375 0.6690602171875 0.11010941406250001 0.6710568765625 0.11795840937499999 0.6682116062500001 0.1215011328125 0.661168075 0.12125831406250001 0.6546329109375 0.1087212734375 0.6476590234375 0.1008722765625 0.65050429375
1 0.5 0.4390625 0 0.4390625 0 0.6174643734374999 0.0116882859375 0.6191934375 0.0170360265625 0.632804959375 0.034157259375 0.642148575 0.0457917953125 0.6387949374999999 0.0587808140625 0.6346623296875 0.0782292421875 0.6368271156249999 0.0952466203125 0.6387213046875 0.1022969640625 0.6329979359375 0.1157028578125 0.62612253125 0.13744338125 0.6294721812499999 0.1640460140625 0.633363028125 0.1944341828125 0.6367455062499999 0.21770325000000001 0.6300382296875 0.251495184375 0.6272914421875 0.2726111171875 0.61848503125 0.27212548124999997 0.60541470625 0.2955335109375 0.5977931640625 0.31053670625 0.596673953125 0.338389965625 0.5923364046875 0.34801032187500003 0.5859693671875 0.37548180468750003 0.576010921875 0.39281219843750004 0.5677128828125 0.4143786625 0.5803404953125 0.4402177421875 0.5729895484374999 0.46088169843750004 0.5752896328125 0.4767186484375 0.5686848265625 0.4951958078125 0.5447089609375 0.5 0.538099059375 0.5 0.4390625
0 0.3800587828125 0.7410832296875001 0.3857546421875 0.736138828125 0.39391665468750003 0.72310133125 0.3766564609375 0.7146719796875 0.368251634375 0.721174315625 0.370890403125 0.736343771875 0.3800587828125 0.7410832296875001
1 0.5 0.4390625 0.5 0.9797082859374999 0.5104030609375 0.9743729281250001 0.5270821734375 0.9683267296875 0.547892853125 0.9903999859375 0.5506793953125 1 0.5716354234375001 1 0.5710658296875 0.996930715625 0.559347534375 0.9703376078125 0.557134415625 0.9503344296874999 0.5566035140625 0.940001778125 0.567998521875 0.9341576843750001 0.5828773078125 0.9192180828125001 0.5844127984374999 0.909115440625 0.5849449296875 0.891788653125 0.59586748125 0.8890530640625001 0.6122805296875 0.8916702578125001 0.6278083328124999 0.88628618125 0.6361335859375 0.872987934375 0.645225971875 0.8684680828125 0.661137953125 0.8536434859375 0.6718541109375 0.8453530078124999 0.687647975 0.8313055374999999 0.6930215859375 0.809776009375 0.7001072453124999 0.7908078671875 0.7114736484374999 0.7644134765625 0.7188850437500001 0.722563659375 0.7197715171875 0.7029054921875 0.7212187296874999 0.6864708359374999 0.72727119375 0.6673876906249999 0.746459328125 0.665572134375 0.7572936 0.6565045312500001 0.7624011453125 0.643638396875 0.7363349687499999 0.6423175437499999 0.7216041343749999 0.6493708781249999 0.715641178125 0.6471266 0.7178853593750001 0.6323611984374999 0.7048678015625001 0.6143164828125001 0.6984920578125 0.6009624265625 0.6958947578125001 0.59039976875 0.6930027843750001 0.5679502046875 0.68332105 0.5486962484375 0.6703333312499999 0.5235423906250001 0.657197659375 0.5062748015625 0.6379510796875 0.4946492 0.629833446875 0.4858428984375 0.63954624375 0.47032827499999996 0.6256136015625 0.451391428125 0.6112669484375 0.449004240625 0.6019285937500001 0.4390625 0.5 0.4390625
0 0.5317242765625 1 0.532365053125 0.9957840625 0.5308892296875001 0.9916684234375002 0.5282620953125 0.9882149046875 0.518402578125 0.98395635625 0.5080706 0.9828063140625 0.5016053484375 0.9907796828125001 0.5014573984374999 0.9986659484375 0.5047799703125 1 0.5317242765625 1
0 0.5741380406250001 0.9490659921875 0.575938371875 0.95795939375 0.5816650984375 0.961757925 0.5961298671875 0.9633679859375001 0.5961597015625 0.95625884375 0.596868390625 0.9515960859374999 0.5964257671875 0.9475954515625 0.591968465625 0.9423576703125001 0.586359853125 0.9377820140625002 0.5777399265625001 0.939193359375 0.5741380406250001 0.9490659921875
0 0.6300512875 0.8991802203125001 0.6451949078125 0.9032366625 0.646700565625 0.9002431609375 0.649948109375 0.8927019062500001 0.6483541734375 0.8893633937499998 0.6376976875 0.8834355890625 0.6257419359374999 0.8860561734375001 0.6237638203125 0.8921581796875 0.6300512875 0.8991802203125001
0 0.6538160609375 0.8741658796875 0.6634393515625 0.8799786796875001 0.6803248609375 0.8794873687500001 0.680354696875 0.8723782281249999 0.6797939578125 0.8691547187499999 0.6775211671875 0.863369821875 0.6737427203124999 0.8605784249999999 0.663646971875 0.85787413125 0.6552334390625 0.8648403640625 0.6538160609375 0.8741658796875
0 0.763921925 0.9654490156249999 0.7542688 0.9667453546874999 0.754799703125 0.97707800625 0.7570724921875 0.9828629031249999 0.7688802921875 0.9881285859375 0.7777364484375 0.9851629875000001 0.7815745656249999 0.973736103125 0.7783866921875 0.9670590734375001 0.763921925 0.9654490156249999
0 0.8723492468749999 0.96408330625 0.8629323531249999 0.96382539375 0.8378993749999999 0.9626195453124999 0.8545188203125 0.970791628125 0.8622821078125 0.9819293078125 0.8607764515625 0.984922809375 0.880997784375 0.983222259375 0.9086280578124999 0.9949907671875 0.9065914968750001 0.98765161875 0.8879056593750001 0.9792495265625 0.8828876203125 0.9707882390624999 0.8723492468749999 0.96408330625
0 0.793745290625 0.7830543390625 0.7896423359375 0.7754851796875 0.7840337234375 0.7709095234375 0.765554278125 0.76806231875 0.7579377140625001 0.776697809375 0.7615682109374999 0.787375471875 0.7793688015625 0.78777629375 0.793745290625 0.7830543390625
0 0.789085275 0.6892833546875 0.8020443875 0.693886915625 0.8082734109375 0.6874678 0.8052036515625 0.680013646875 0.7920083109375 0.6769643390625 0.7914475718749999 0.6737408281249999 0.7832118234375001 0.665711653125 0.7712560749999999 0.6683322374999999 0.7581490125 0.6716149437500001 0.7546652390624999 0.6807104515625 0.7557867171874999 0.687157471875 0.7651737765625001 0.6945245234375 0.7707823890625 0.6991001812500001 0.7760664937499999 0.6988980765624999 0.7819411703125001 0.6948103390625 0.786900765625 0.6898304718749999 0.789085275 0.6892833546875