0 0.251470678125 0.0200782171875 0.24118025312500002 0.0151684875 0.22870589375 0.024553753125 0.22720962031249997 0.0432877875 0.2290062296875 0.0501532828125 0.240483071875 0.053257370312499996 0.2479454 0.0446430484375 0.25395494687500003 0.03138275 0.2538992296875 0.02392484375 0.251470678125 0.0200782171875
0 0.32208484843749996 0.068948259375 0.323782246875 0.0917358578125 0.326632090625 0.09356990312499999 0.3423001234375 0.0882382046875 0.346246696875 0.06166079375 0.3392274078125 0.05657253125 0.3336609015625 0.056130246875 0.32208484843749996 0.068948259375
0 0.375999496875 0.11649144375 0.38829717812500003 0.12726038125 0.3947837375 0.11944540781249999 0.4045631828125 0.0997618984375 0.3945608671875 0.08961378125 0.38641088125 0.093789065625 0.3784715421875 0.0969580625 0.373704128125 0.1158706265625 0.375999496875 0.11649144375
0 0.409375 0.0707789921875 0.40064787968750004 0.072121384375 0.3979094703125 0.0852031515625 0.40242274218749996 0.090676884375 0.409375 0.09255723125000001 0.409375 0.0707789921875
0 0.082913965625 0.060613703124999994 0.0909647421875 0.0723605203125 0.103228453125 0.0639815453125 0.10784093749999998 0.05353317656249999 0.09686285312500001 0.044184409375 0.0887346140625 0.0366696890625 0.083855765625 0.040666440625 0.08111735625 0.053748207812500004 0.082913965625 0.060613703124999994
1 0 0.7 0.409375 0.7 0.409375 0.151423953125 0.39403083906249997 0.15007638437499998 0.380813103125 0.1475647078125 0.38215445 0.13729486875000002 0.37326108750000003 0.12957321093750002 0.3516487484375 0.11309519531250001 0.3370339515625 0.113395446875 0.3399830078125 0.0993073921875 0.3364455046875 0.09303430625 0.311097240625 0.1021274109375 0.2921023515625 0.1001797375 0.27508075 0.084943359375 0.265744346875 0.0909242828125 0.25809311875 0.088854890625 0.2633592921875 0.063697646875 0.2583690078125 0.0527785859375 0.2421464984375 0.0568970578125 0.223396228125 0.07309100625 0.20284934843750002 0.08241945625 0.1893435015625 0.085146165625 0.17006050156250002 0.08843688125 0.1574312125 0.1062863421875 0.1424508390625 0.11605708125 0.118809496875 0.1054098640625 0.10258698749999999 0.10952833437500001 0.081141803125 0.115424040625 0.044849425 0.134316290625 0.031166903125 0.15719719999999998 0.0102761921875 0.1643061328125 0 0.1588780125 0 0.7
0 0.880359971875 0.276674403125 0.8772002687499999 0.2917687484375 0.8822680187499999 0.29845571406250004 0.8906843703125 0.30073204531250003 0.8968270984375 0.2906975546875 0.8994880421874999 0.2818478859375 0.8928900484375 0.2747470453125 0.880359971875 0.276674403125
0 0.9103138968749999 0.3730266859375 0.9027958500000001 0.37418310312499997 0.8969969500000001 0.3864371109375 0.8955224218750001 0.39348113906250004 0.9025417093750001 0.3985694015625 0.9083188625 0.39800539687500003 0.9143841296874999 0.39220300468749997 0.9174663671874999 0.3813407578125 0.915459109375 0.37548155156249996 0.9103138968749999 0.3730266859375
0 0.7911368140625 0.4673216296875 0.78446135625 0.4644528859375 0.779848871875 0.4749012546875 0.776345340625 0.48777608125 0.7770329984375 0.49221511875 0.7835752734375 0.4918580546875 0.7897737218750001 0.4892814703125 0.7971803312500001 0.47320924218749993 0.7960713796875 0.47078278281249997 0.7911368140625 0.4673216296875
1 0.409375 0 0.409375 0.6840234781250001 0.4704273953125 0.7 0.6807891390625 0.7 0.6778414953125 0.6918621375 0.688729890625 0.6746050859375 0.696170471875 0.6776807687499999 0.7138117921875 0.6590603640625 0.75449648125 0.6732539546874999 0.7592638953125 0.6543413890625 0.7455691484375 0.6463843828125 0.765007078125 0.6346294734375 0.7694306624999999 0.6134973890625 0.7672127578125 0.608644475 0.74982558125 0.6028785812499999 0.73662959375 0.588676896875 0.7301647812500001 0.5848018640625 0.7335351328125 0.5687012296875 0.741474471875 0.5655322328125 0.757563796875 0.5581879562500001 0.7653917015625 0.540103146875 0.7548349125 0.5287417999999999 0.74438955625 0.5322962671875 0.746573490625 0.518001271875 0.7572512390625 0.501750509375 0.7584811499999999 0.476564859375 0.7569943984374999 0.45277097343749995 0.7563502359375001 0.42495192499999995 0.757292034375 0.4050046640625 0.759819796875 0.3929291875 0.8008700640624999 0.39765229375 0.8227922624999999 0.397201915625 0.8408331265625 0.3882589359375 0.8470533203125001 0.373992346875 0.8197970109374999 0.36130414375000003 0.80747758125 0.3622252125 0.8017561453125 0.370247125 0.77252655 0.370847628125 0.7625024890625001 0.3723895140625 0.7609939906250001 0.36028563125 0.7720712859375001 0.3537122953125 0.7743884015625 0.34264310937500003 0.7889474812499999 0.3348849515625 0.7740880671875 0.31704358125 0.77332294375 0.3168366421875 0.764683721875 0.2847286828125 0.7494152375 0.299737809375 0.7445459125 0.26120663906249997 0.73177121875 0.244992378125 0.7269915828125 0.23306702656249997 0.7303619328125001 0.21696639062499998 0.7220230453125 0.2104579609375 0.72204479375 0.1987679546875 0.721933359375 0.18385214218749998 0.71520218125 0.17352549374999998 0.7145362703125 0.15739645 0.726933165625 0.15224328125 0.7262672546875001 0.136114240625 0.732032184375 0.1047123203125 0.7159088875 0.09290868906250001 0.7039890046874999 0.1035071828125 0.70473238125 0.115404128125 0.6947300671875001 0.10525600937499999 0.6926113734375 0.084480990625 0.6959260078125 0.0609224484375 0.6955264609375 0.051245021875 0.6827517656250001 0.0350307609375 0.663103190625 0.0477919609375 0.664878053125 0.0663474609375 0.652812765625 0.0428822296875 0.6420235812499999 0.044217179687500004 0.63041355625 0.03788728125 0.6267428718750001 0.0283883890625 0.6187913093749999 0.00071946875 0.618122790625 0 0.5737347015625 0 0.57341666875 0.00120634375 0.571808959375 0.0050245625 0.5606522953125 0 0.409375 0
1 0 0.7 0 1 0.31240585 1 0.3168214625 0.9902567812499999 0.31573425781250003 0.9761403171874999 0.32174380468749997 0.96288001875 0.34443112343750004 0.96263658125 0.3478789390625 0.942303846875 0.3559392375 0.9115227453125 0.3476778171875 0.900782215625 0.3594087984375 0.8795000078124999 0.34877454375 0.8723707578125 0.34330725 0.8560063687499999 0.35960722343749996 0.8476558015625001 0.36563851718749996 0.822705496875 0.358851625 0.8049209390625001 0.3758610015625 0.7893194046875001 0.37984154531250003 0.781889903125 0.3960858015625 0.7660814296875 0.389986565625 0.752735909375 0.37489475625 0.747590834375 0.372199840625 0.737292590625 0.3500112796875 0.7312913515625 0.349001540625 0.7129427890625 0.3566756765625 0.7 0 0.7
0 0.671289203125 0.779599203125 0.6738169640624999 0.7675237265625 0.6661100187500001 0.7579964265625 0.6597783890625 0.7573472031249999 0.6508415328125 0.773005553125 0.6500546640625 0.7844886171875001 0.6627179218749999 0.785787065625 0.671289203125 0.779599203125
0 0.8555506171874999 0.826245765625 0.8606958296875 0.8287006281250001 0.8727271468750001 0.8330179484375 0.8833831484375001 0.8284571921874999 0.9012690859374999 0.8279784078125001 0.9080994734375001 0.8223829531250001 0.904084959375 0.81066454375 0.8951141328125001 0.80717498125 0.8827947015625 0.808096053125 0.8674147828125001 0.8081893640625 0.8603737468750001 0.8147911078125001 0.8555506171874999 0.826245765625
0 0.693790321875 0.8420378859375 0.7013301140625 0.8291914671875 0.6912503359375 0.8232754484375 0.6856838296875 0.8228331609375001 0.6767687203125 0.8268015078125 0.675349909375 0.8413034421875001 0.677778459375 0.84515006875 0.6908630125 0.8444359374999999 0.693790321875 0.8420378859375
1 0.409375 0.7 0.409375 1 0.566845728125 1 0.570468240625 0.9947544453124999 0.572574709375 0.9846915484375 0.570223625 0.9766128234375 0.5778966000000001 0.9669922124999999 0.5715867171875 0.9546529828124999 0.5604537031250001 0.9537684125 0.5620056984375 0.942492284375 0.5687029031249999 0.933671025 0.5679595281250001 0.92177408125 0.5702209265625 0.9032469875 0.5703758546875 0.894782790625 0.5907243109375 0.9172985453125 0.587707315625 0.8930907781249999 0.5964335234375 0.8784387171875 0.599305115625 0.868582759375 0.608619771875 0.8742918390625001 0.6214936765625 0.8745839999999999 0.6316726671875 0.8645779156250001 0.647551346875 0.8582399265625 0.6391567421875 0.8442735890625 0.6421615171875 0.8376434406250001 0.6251738859375 0.8415549718750001 0.610348440625 0.8428615125000001 0.5960774718749999 0.8453812828125 0.5868959984375 0.8428980109375 0.6020095546875 0.8363530812500001 0.602718959375 0.8291021140625 0.6140069031250001 0.821522490625 0.6261374328125 0.8099177046874999 0.6348636421875 0.7952656453125 0.6208033187499999 0.796779125 0.6054791171875 0.80433034375 0.5967964 0.7956023953125 0.5775134015625 0.798893109375 0.5742422640625 0.799071640625 0.573288240625 0.7881809875 0.5820361984375 0.761838921875 0.577965965625 0.742662603125 0.5723654890625001 0.7230724078125 0.5694042109375 0.706322546875 0.5678269859375 0.7 0.409375 0.7