0 0.0839467484375 0 0.078631340625 0.0114213140625 0.078627859375 0.0156425609375 0.0878415484375 0.026939628124999997 0.0974481328125 0.027802523437499997 0.102833809375 0.0210252 0.10399857500000001 0.0066076625 0.0999631828125 0 0.0839467484375 0
0 0.035676240625 0.1406264734375 0.0312449578125 0.155088328125 0.0335466390625 0.1600232171875 0.0433461921875 0.1598902703125 0.0479634796875 0.152875065625 0.048545862499999995 0.1456662984375 0.0439425 0.13579651718750002 0.035676240625 0.1406264734375
0 0.165903771875 0.4311156578125 0.15973926562500002 0.4503188359375 0.15934636875 0.460753009375 0.1701037953125 0.46408334843750004 0.17644734374999999 0.4607693140625 0.1797243046875 0.448061259375 0.17953481875 0.44483585625 0.1687843546875 0.43306302343749997 0.165903771875 0.4311156578125
0 0.13754455625 0.5690618093750001 0.147144178125 0.578367196875 0.1586734734375 0.5777141718750001 0.1652169515625 0.564961803125 0.16388706875 0.5466052140625 0.153515578125 0.5412831921875 0.15121041562499998 0.5405695500000001 0.145638734375 0.5399002203125 0.14217925 0.5409403765625 0.137179509375 0.5457260171875 0.13582525781250002 0.55691815 0.13754455625 0.5690618093750001
0 0.21134109531249998 0.5539072109375 0.20288883124999998 0.5512905171875 0.19116308906249999 0.557160628125 0.1898088375 0.5683527609375 0.1930718734375 0.5725296921874999 0.1969138109375 0.5737190984375 0.213435884375 0.5767229265625 0.21901104531249999 0.5731710078125001 0.21921097656250002 0.563732675 0.21134109531249998 0.5539072109375
0 0.3614218609375 0.535979553125 0.3583552734375 0.5265855375 0.2776536890625 0.526935465625 0.2559458703125 0.521270628125 0.24480250781250001 0.5199319703125 0.2332732140625 0.52058499375 0.22558237499999997 0.5266486734375 0.22326676875 0.538598765625 0.22403167499999999 0.5430578921875 0.28648144375 0.540224215625 0.3614218609375 0.535979553125
0 0.29106241875 0.34424879062499997 0.2801050640625 0.3503567828125 0.2768246203125 0.3672860828125 0.2845050140625 0.3738861421875 0.289115340625 0.37531343125 0.2994972765625 0.3679717140625 0.303160171875 0.3532719796875 0.300090103125 0.3480992078125 0.29106241875 0.34424879062499997
0 0.118218484375 0.47124320781250006 0.1063067375 0.46966666718749994 0.09938428593750001 0.4759682265625 0.0968757125 0.48891416249999997 0.1060928828125 0.49598998437499997 0.1276216609375 0.48576568125 0.118218484375 0.47124320781250006
0 0.951143159375 0.1664752390625 0.9442311515625 0.1601130609375 0.9396208265624999 0.1586857703125 0.9338526968749999 0.1632335296875 0.9307721843749999 0.170724496875 0.9323019968749999 0.1796427515625 0.9405612921875001 0.1832552890625 0.951143159375 0.1664752390625
0 0.9769883374999999 0.28109019218750003 0.9729569140625 0.27667538125 0.961231171875 0.28254549375 0.9573753093749999 0.29824107031249997 0.9583331828125001 0.30170435625 0.9675538328125001 0.30455893437500003 0.9738973828125002 0.3012448984375 0.982167121875 0.29219369687499996 0.9833249265624999 0.2862186484375 0.9769883374999999 0.28109019218750003
0 0.9172157421874999 0.2995308171875 0.9262538703125 0.29071749687500004 0.9306921156249999 0.2678131515625 0.9289658546874999 0.2641119828125 0.9174400421875 0.2605437640625 0.9130192015624999 0.2623418796875 0.9011004906250001 0.2692078328125 0.89993224375 0.2878466171875 0.9079950921875 0.296676240625 0.9172157421874999 0.2995308171875
1 0.3890625 0 0.3890625 0.5388511921875 0.5524316984375 0.5890625 0.7295905640625 0.5890625 0.7355977734375 0.5810904765625 0.7382993140625 0.5671487 0.746768984375 0.548659165625 0.758301759375 0.543784896875 0.7702169890625 0.5411401890625 0.7815463546875 0.5499254953125 0.7957597843750001 0.5564369265625 0.8049978421875 0.538185271875 0.818846225 0.5213609078125 0.818474215625 0.5064676078125 0.7998399468749999 0.5017542953125 0.8033133546875 0.48382915468750004 0.796022375 0.47101616718750006 0.8056498484375 0.44655158593750005 0.8054708078124999 0.43066244375 0.7927906703125001 0.428848025 0.7893416296875 0.4172244421875 0.8054882124999999 0.4095562140625 0.8174173671875 0.3900265234375 0.8099299406250001 0.3824306234375 0.7957130296875 0.380140440625 0.8011126296875 0.356478134375 0.8091963640625 0.3399802828125 0.8186378328125 0.30806905 0.8263460765625 0.2808991453125 0.8298194875 0.26297400625 0.826180959375 0.2481250203125 0.82120210625 0.22758318437499997 0.8129497734375001 0.21552815625 0.8046974375 0.203473128125 0.790494453125 0.1842979625 0.7835859265625 0.1737145359375 0.77687036875 0.16213527187500001 0.7795823515625 0.1355297578125 0.769407309375 0.12499065000000001 0.76250574375 0.10596473437500001 0.7556076640625 0.08271757187499999 0.753905771875 0.049467682812500004 0.7542917046875 0.047476000000000004 0.7687155078125001 0.031885359375 0.764698009375 0.0105855640625 0.7597052296875 0.006928712500000001 0.752210840625 0.007775303124999999 0.7452883890625 0.0140768609375 0.7416359375 0.016112859375 0.732608253125 0.0122624421875 0.728390825 0.00040098125000000005 0.7283530015624999 0 0.3890625 0
0 0.8544635890624999 0.203046275 0.8581021156249999 0.2178952609375 0.859249475 0.224583953125 0.8696279312499999 0.2214634828125 0.8790485109375 0.21487972656249998 0.8780976015625 0.2029739484375 0.8748380453125 0.19457577343750002 0.86177545625 0.19053178906249998 0.8544635890624999 0.203046275
0 0.305534353125 0.68611100625 0.307350515625 0.6767383828125 0.30057676875 0.6671901734375 0.28587779062499996 0.6738163265625 0.2851885375 0.6872634015625 0.2946783375 0.6926850234375 0.305534353125 0.68611100625
0 0.1449963484375 0.5890625 0.14194985625 0.590760715625 0.1362948265625 0.5952193046875001 0.137640565625 0.6080545234375 0.14916535625 0.6128642859375 0.1595714265625 0.6036672546874999 0.16166585625000002 0.5890625 0.1449963484375 0.5890625
0 0 0.6325354390625 0.005374340625 0.637892875 0.015095253125 0.637176746875 0.0221083078125 0.6306548640624999 0.02460553125 0.6177675078125 0.017831784375 0.6082192984375 0.0053989125 0.608095846875 0 0.612352503125 0 0.6325354390625
0 0.11659321250000002 0.6375525125 0.10733043281250002 0.6309593140625 0.10258348749999999 0.6307315875 0.0937624625 0.63669375 0.09375836562499999 0.641659921875 0.097811965625 0.66030089375 0.11092589687500001 0.6569096140624999 0.11659321250000002 0.6375525125
0 0.17122494375 0.7264935578125 0.1601500984375 0.724306809375 0.1547179953125 0.732559990625 0.15335587343749998 0.7395894578125001 0.160579565625 0.751760684375 0.1703004796875 0.7510445546875 0.17889858125 0.7412878015625 0.17687178125 0.7319673140624999 0.17122494375 0.7264935578125
0 0.1949023421875 0.7971585812499999 0.204177409375 0.788853265625 0.2093865859375 0.7768054921875 0.2044208109375 0.7678170015625 0.19380000625 0.7632871 0.190634009375 0.764790675 0.1876950328125 0.7651226687499999 0.18271696875000001 0.7710326953125 0.18293579843750002 0.7797934609375 0.1858624875 0.794359978125 0.1949023421875 0.7971585812499999
0 0.2547760171875 0.8343224828124999 0.24596727812500002 0.825386128125 0.23670040625 0.8237591015625 0.231499415625 0.82587453125 0.22696720468749998 0.8393737453125001 0.234194990625 0.8465788 0.24617382031249999 0.849045409375 0.25341389687500004 0.8413519484374999 0.2547760171875 0.8343224828124999
1 0 1 0.29540903125 1 0.2905937375 0.9857412859375 0.2890250734375 0.9691114703124999 0.279109903125 0.9312698031250001 0.27437114687499997 0.9211097374999999 0.26171535 0.9171916906250001 0.25426054374999996 0.9111582125 0.23504982968750002 0.9064527203124999 0.23437695937499997 0.9000351109375 0.25065688750000004 0.8951402546875 0.25112731093749996 0.8729324140625 0.23824039843749997 0.875152115625 0.23238292500000002 0.8509852515624999 0.2138491765625 0.847731196875 0.19711520625 0.8549692078125 0.19647100625 0.8137883968749999 0.1847273859375 0.8002178687499999 0.17253382343749998 0.784024321875 0.1594198921875 0.787415603125 0.1463223421875 0.7709421953125 0.137294775 0.7532450765625 0.1497358359375 0.7434361890625001 0.14861711718749998 0.7294293890625 0.1273673171875 0.7303019234375 0.124861903125 0.7531216265625 0.121035325 0.7333090734375001 0.12285967812500001 0.714004109375 0.10726490468750001 0.710418059375 0.09753989375 0.716100359375 0.079224975 0.7216070718750001 0.0645423796875 0.7083685390625 0.0527864734375 0.709696521875 0.044885815625 0.6960738578125 0.02093225 0.686174471875 0.0032983921875 0.6881664484375001 0 0.6881519953125 0 1
0 0.2940359015625 0.9234720734374999 0.2815989359375 0.92831479375 0.2784247453125 0.939750709375 0.2818095734375 0.9470079 0.2908494265625 0.9498065046875 0.3007973609375 0.947918796875 0.2985476359375 0.9348037171874999 0.2940359015625 0.9234720734374999
0 0.964724146875 0.7929048234375 0.955011421875 0.7836886078124999 0.9450634875 0.7855763125 0.943920196875 0.801366546875 0.95363291875 0.8105827609375 0.9669738703124999 0.8060199015624999 0.964724146875 0.7929048234375
0 0.885991409375 0.8728465640625 0.8780784656249999 0.8741224140625 0.874904278125 0.8855583328125001 0.8755730515625 0.8969421109375 0.88845586875 0.8996885812500001 0.8961458875 0.8946181375 0.8977391234375001 0.8814509218750001 0.885991409375 0.8728465640625
0 0.9011198546875001 0.8936742859375 0.8855209859375 0.8950544062500001 0.8778268734375001 0.9050910203125 0.8925135640625002 0.9133633828125 0.917610421875 0.9074725406249999 0.9363793796875001 0.8996226734375 0.9221426359375 0.8939733249999999 0.9011198546875001 0.8936742859375
0 0.8457374375000001 0.892672890625 0.8389555 0.8930570218749999 0.8308155359375 0.8955044484375 0.8188244203124999 0.9079363546874999 0.8305762296874999 0.9115745421874999 0.84572105625 0.912537575 0.8547772921875 0.89547149375 0.8457374375000001 0.892672890625
0 0.7060146375 0.6445099046875 0.7157273625 0.6537261187500001 0.725898221875 0.6556330046875 0.7306533609375 0.6459283874999999 0.72749965 0.632533446875 0.711677859375 0.6301189734375 0.7060146375 0.6445099046875
0 0.65913326875 0.5890625 0.6615250984375 0.592238946875 0.6728228671875 0.5982202890625 0.67780093125 0.5923102640625 0.6789881734375001 0.5890625 0.65913326875 0.5890625
1 0.3890625 0.5890625 0.3890625 1 0.76744744375 1 0.7715205328125 0.9789801062500001 0.78420909375 0.9431687796875 0.802532203125 0.9277297265625 0.8061645265624999 0.9089844796875 0.799621896875 0.8932985203125 0.79489133125 0.8732061109375 0.7711565953124999 0.8720674875000001 0.78179378125 0.8567327046875001 0.8426287796875 0.8246500609374999 0.838794009375 0.8147698546875001 0.7662112953125 0.8382481390625 0.7693936750000001 0.8168798781250001 0.7721179171875 0.8028209468749999 0.76580230625 0.7859634062499999 0.7615257828124999 0.7635278390625 0.7540791640625001 0.7475620203125001 0.733753828125 0.7238835609375001 0.7263031171875 0.712883909375 0.7156823125 0.7083540046875 0.714786515625 0.698141803125 0.7346823859375 0.694366390625 0.72972070625 0.680411728125 0.7220347828125 0.6805159984375 0.7145881656249999 0.6645501796875 0.7060064484374999 0.654442246875 0.6876915296874999 0.6599489593750001 0.673458878125 0.64933344375 0.675514346875 0.6238907265625 0.66196275625 0.609760478125 0.6382362125000001 0.5986895109375 0.6283047921875 0.5890625 0.3890625 0.5890625