0 0.2718199203125 0.509375 0.2673302640625 0.497034475 0.2582162453125 0.4994978078125 0.2466788234375 0.5083332953124999 0.24760173281250003 0.509375 0.2718199203125 0.509375
0 0.26087691875 0.43874851875000004 0.24928357499999998 0.4329489015625 0.2398518 0.439607325 0.2365624125 0.45228802031250004 0.2491649390625 0.46013747031249996 0.26217250000000003 0.4575150984375 0.2602693671875 0.45445625156249997 0.26087691875 0.43874851875000004
0 0.31109470156249996 0.39069407031250003 0.3113565359375 0.37186387656250003 0.3035414953125 0.3648644015625 0.29310053593749996 0.369472990625 0.2881384921875 0.381176478125 0.2924057078125 0.391457453125 0.297308434375 0.3933482484375 0.30552850781249996 0.389875903125 0.31109470156249996 0.39069407031250003
0 0.339362065625 0.3634012484375 0.334976215625 0.38030884062500003 0.3247343734375 0.40791090625 0.33629975624999997 0.406392971875 0.34304969218750003 0.396707509375 0.34535785625000004 0.389294534375 0.3547616703125 0.3753185578125 0.35770534375 0.3595154046875 0.35023601875 0.35563839218750004 0.339362065625 0.3634012484375
0 0.23055904218749998 0.249700859375 0.2227999234375 0.2573364890625 0.2174048875 0.272194246875 0.21956645468749997 0.28465228593749997 0.2299201359375 0.28632042812499997 0.23667007343750002 0.2766349640625 0.23871979843750002 0.2598227984375 0.23055904218749998 0.249700859375
0 0.0905797390625 0.129955225 0.1014536921875 0.122192365625 0.10918485156249999 0.10723918437499999 0.10638777343750001 0.103171325 0.097448309375 0.09308119687500001 0.089689190625 0.10071682343749999 0.0861693234375 0.11131587812499999 0.07264149375 0.1233692484375 0.070850203125 0.149580609375 0.07676211250000001 0.15352123906249998 0.077715378125 0.1409359703125 0.0905797390625 0.129955225
0 0.1076587921875 0.08639096562500001 0.11172688906249999 0.073678465625 0.1084408984375 0.058129770312499995 0.0964145625 0.055484425000000004 0.08799197187499999 0.06419268125000001 0.0857990453125 0.072646475 0.086605715625 0.0799322203125 0.094190278125 0.0848500546875 0.1076587921875 0.08639096562500001
0 0.035235546875 0.117578465625 0.039216365625 0.11114269531250001 0.035958334375 0.10291155156250001 0.027134109375 0.0938622421875 0.018798796875000003 0.09629376875 0.014702739062500001 0.10168871718750001 0.015739884375 0.111056103125 0.0200071 0.12133707812500001 0.026352003125000002 0.12212343750000001 0.0324664296875 0.12082815625000001 0.035235546875 0.117578465625
1 0.409375 0 0.1036919609375 0 0.103255171875 0.011292845312499999 0.1053294625 0.030027615624999997 0.10506762968750001 0.048857809375 0.1070859984375 0.052957475 0.116891446875 0.056739065624999994 0.13494493125 0.06436586250000001 0.1195139703125 0.0733603890625 0.11244627812500001 0.0872409390625 0.12017404218750001 0.10051714687499999 0.137392896875 0.093540646875 0.1560539296875 0.08545971249999999 0.1621090375 0.0977587140625 0.152359509375 0.1086122265625 0.15999999375 0.12816516718749998 0.1703782375 0.165380246875 0.1816538265625 0.175374953125 0.190851728125 0.1948642765625 0.2038279296875 0.213153740625 0.1971059546875 0.230156753125 0.17547328906249998 0.2467232921875 0.1456205484375 0.26676217812499997 0.1727880515625 0.2719256421875 0.19690004218749999 0.26362205156249996 0.21287923437499998 0.25251407656249997 0.229521896875 0.240333475 0.248210890625 0.239570090625 0.2651679125 0.25142378593750003 0.27834663125 0.26447733906250004 0.2668371703125 0.280630378125 0.2659118671875 0.3005332 0.285348209375 0.3206498453125 0.297664340625 0.3117825484375 0.30643264531250003 0.3061967546875 0.32238048125 0.3160006171875 0.33818511875 0.317446103125 0.33293328125 0.340662234375 0.34343355781249996 0.3224593609375 0.362782625 0.3488527375 0.3769425671875 0.356638571875 0.389112103125 0.367642290625 0.4091280359375 0.36473365156250004 0.409375 0.36477978437499997 0.409375 0
0 0.8147543546874999 0.44263182656250005 0.8178098687500001 0.45609888125 0.8245004859375001 0.4600077015625 0.8354023984375001 0.4595623953125 0.8388349859375002 0.45524007343750006 0.8382308328124999 0.44271841875 0.8278491921875 0.43373272500000004 0.8147543546874999 0.44263182656250005
0 0.8767993562499999 0.37422924687500003 0.8883647374999999 0.3727113140625 0.89110589375 0.36214406875 0.8892900421875 0.352808490625 0.87847540625 0.3469770671875 0.8710340406250001 0.3504176046875 0.8674268984375001 0.3672933890625 0.8767993562499999 0.37422924687500003
0 0.7973288015625 0.249920975 0.788934171875 0.26594678437499997 0.79242268125 0.27625956875 0.80000724375 0.28117740156250004 0.8106786796875 0.278650453125 0.8158711984375 0.26902860781250004 0.810825275 0.2587794390625 0.7973288015625 0.249920975
0 0.6129072171875001 0.11735327343749999 0.6195419156249999 0.106626990625 0.6180438171875 0.09309632031250001 0.6093348296875 0.085087834375 0.5972212156250001 0.0887192171875 0.5958349593750001 0.10445875625 0.6020053062499999 0.1177985796875 0.6028992515625 0.1188075921875 0.6129072171875001 0.11735327343749999
1 1 0 0.7029317671875 0 0.6954918203125 0.008381665625 0.6765689531250001 0.0352927953125 0.673653240625 0.058413503125 0.6894858375 0.06717654375 0.6989176125000001 0.0605181203125 0.6909839359375 0.080707209375 0.7013062609375 0.10328718750000002 0.715151846875 0.087038725 0.7278136906249999 0.08129389375 0.72510049375 0.0991786875 0.7343856734375 0.1123912796875 0.7412160921875 0.1528878609375 0.759842371875 0.193948146875 0.7790482390625 0.21198315 0.768432721875 0.229145203125 0.76258013125 0.2116102921875 0.75277468125 0.2078287 0.7462272625 0.2122782515625 0.7453612749999999 0.218586790625 0.7497437312499999 0.2299085859375 0.7532042765625 0.23290381875000002 0.7141188828125 0.2825946015625 0.7499114921875 0.2738138984375 0.7659186468750001 0.270023475 0.7723228671875 0.2572155515625 0.7869751203125 0.24825283437499998 0.7999547203125 0.2383129125 0.8252470531250001 0.24773507968750003 0.832052909375 0.2526847234375 0.8482032625 0.257252671875 0.8522400000000001 0.26545200625 0.8452875484375 0.2803733796875 0.84632469375 0.289740765625 0.850302115625 0.3115343828125 0.8567902171874999 0.320679115625 0.869913015625 0.3190975640625 0.8842475140625 0.314329934375 0.8851134999999999 0.3080213953125 0.8928133031249998 0.31398005156250003 0.899734396875 0.3199705140625 0.9110693031250001 0.3163709359375 0.9128258390624999 0.3393008 0.9220550968750001 0.33787828593749997 0.9001571984375001 0.40150440625000006 0.9331002093749999 0.345791353125 0.9478083828125001 0.3514637390625 0.9563462125000001 0.343796303125 0.9729575171875 0.3525275359375 0.9877529703124999 0.351923190625 1 0.35250845625 1 0
0 0.253960128125 0.9563228875 0.2581993828125 0.9592863109374999 0.26370965625 0.9454693750000001 0.262990265625 0.931906896875 0.2522908703125 0.9271162953125 0.2449647421875 0.9315976546875 0.2424261015625 0.9369289875 0.2434912078125 0.953613925 0.24672127812500003 0.9545275140625 0.253960128125 0.9563228875
0 0.33374085625 0.899742196875 0.329358403125 0.8884203984375001 0.3085078421875 0.8767257421875 0.308277365625 0.8746441015624999 0.3013249140625 0.8895654734375 0.30348648125 0.9020235140625001 0.3104075765625 0.9080139765624999 0.3218856796875 0.9127727734375 0.33143269375 0.9071551703124999 0.33374085625 0.899742196875
0 0.2620641796875 0.7186570718749999 0.25877479062500003 0.7313377640625001 0.2669355453125 0.7414597031250001 0.2762800421875 0.7410780109375 0.2797126296875 0.7367556890625 0.2821360328125 0.7303835359375 0.2819928328125 0.7220251624999999 0.279398271875 0.7127213937500001 0.26748717499999997 0.7111168671874999 0.2620641796875 0.7186570718749999
0 0.2670050546875 0.6431772578125 0.2758013203125 0.6449090156249999 0.28255125468750003 0.635223553125 0.2807074421875 0.6185704234375 0.2689988609375 0.6117299859375 0.25731824062499997 0.6122071 0.2540008921875 0.6175702421875 0.255614228125 0.63214173125 0.261323621875 0.6413182703125 0.2670050546875 0.6431772578125
0 0.9500080953125 0.9253817109375 0.9514782343749999 0.9315948265625 0.9585145656249999 0.9386261109374999 0.9685225328125 0.9371717890625 0.9720423984375 0.9265727375000001 0.9735718546874998 0.9191915703125 0.968986884375 0.9131056859375001 0.956845309375 0.9094195171875 0.9500674140625 0.9117874265625 0.9493166656250001 0.9191367875 0.9500080953125 0.9253817109375
0 0.7604151578125 0.8662121781250001 0.7649442093750001 0.8576629609375 0.761686178125 0.84943181875 0.756783453125 0.8475410234374999 0.7500055578125 0.849908934375 0.74547650625 0.8584581531250001 0.750291953125 0.866625678125 0.7604151578125 0.8662121781250001
0 0.65688174375 0.8213013734375 0.6646688234375 0.8209832984375 0.6735523671875 0.816438321875 0.6807632546875 0.8109161437499999 0.6822647500000001 0.796217425 0.677592503125 0.7964082703124999 0.66824800625 0.7967899624999999 0.6559039140625 0.7983397046875 0.65036568125 0.8048390890625001 0.6524120109375 0.816256309375 0.65688174375 0.8213013734375
0 0.6773374625 0.7587796906250001 0.6997174796875 0.7630931796875 0.717655725 0.7696791562499999 0.720742596875 0.7622343734375 0.7215526624999999 0.7412907296875 0.7078536718749999 0.7376681765624999 0.68720223125 0.7489669984375 0.6785491640625001 0.7555936140625 0.6773374625 0.7587796906250001
0 0.724349740625 0.745358590625 0.7348466203124999 0.755385103125 0.7462094859375 0.7591030796875 0.7543143203125 0.7545899140625 0.7560462921875001 0.7419728343750001 0.75322125625 0.7305874250000001 0.7433005671874999 0.7257650109375 0.735167771875 0.7229606265624999 0.7209485109375 0.7287690765624999 0.724349740625 0.745358590625