0 0.411930090625 0.4890625 0.398126478125 0.4575674671875 0.3905004359375 0.452922275 0.38881647343750003 0.47140091875 0.3898141234375 0.4885577828125 0.3901904328125 0.4890625 0.411930090625 0.4890625
0 0.2659709828125 0.4302623953125 0.2518415421875 0.4086529203125 0.238994796875 0.40910226875 0.2267181328125 0.4193555375 0.2307537015625 0.44131807343749996 0.241123853125 0.42990350624999996 0.25227787031250004 0.4319693296875 0.2659709828125 0.4302623953125
0 0.3862247921875 0.3793928640625 0.3917305390625 0.3792002875 0.3997041203125 0.3740094609375 0.3999091375 0.3617224609375 0.3936195203125 0.3484346453125 0.3846570546875 0.3524320796875 0.378661246875 0.3600096953125 0.37944511406250003 0.3734900875 0.3862247921875 0.3793928640625
0 0.193212253125 0.3333407203125 0.1857375 0.3471099765625 0.1864501078125 0.3593648796875 0.1931585234375 0.36404216875 0.2056489671875 0.3574653671875 0.20542641874999998 0.3378254265625 0.193212253125 0.3333407203125
0 0.09715546093750001 0.357576259375 0.1029462546875 0.3622856421875 0.118545875 0.36174000624999997 0.1232677546875 0.3480670359375 0.11676435624999999 0.33110275 0.108434471875 0.330166128125 0.0984118609375 0.331744678125 0.093547459375 0.3429666671875 0.09715546093750001 0.357576259375
0 0.37179392187500004 0.1944722296875 0.3683997 0.1835391078125 0.3582345671875 0.1826666765625 0.3475793734375 0.18917928281250002 0.3512586359375 0.2050143671875 0.3670007796875 0.20691970781250002 0.37179392187500004 0.1944722296875
0 0.29049915 0.235383190625 0.29311826875 0.2487993890625 0.297991434375 0.25354086875 0.3135197953125 0.2517697421875 0.3146424359375 0.239450646875 0.313368509375 0.2333552921875 0.30927044375 0.226130734375 0.2974838453125 0.22899896718749999 0.29049915 0.235383190625
0 0.27068523906249997 0.274143696875 0.2812779359375 0.2823690703125 0.28861893437499997 0.2821122984375 0.29108676718750004 0.2771140484375 0.28677492187500003 0.266213021875 0.28267685625 0.258988465625 0.26997263125000004 0.2618887953125 0.27068523906249997 0.274143696875
1 0 0 0 0.24716291093749998 0.028200990625 0.247013709375 0.0379560890625 0.27246013750000003 0.0534131890625 0.2694635203125 0.07699515312500001 0.2796905234375 0.10431011406249999 0.2750511640625 0.11927715312500001 0.27943958593749996 0.1451844296875 0.28221735937500003 0.1657909734375 0.2729007125 0.1807580109375 0.2772891328125 0.2262917109375 0.2855203359375 0.2361630359375 0.2655273359375 0.24428790312499998 0.27875096093749996 0.2629879375 0.268273015625 0.25513935 0.24398788593749998 0.256965834375 0.227960221875 0.2755946078125 0.2162567921875 0.30015669375 0.21171371875 0.315186228125 0.2013641625 0.316442628125 0.175532578125 0.3316859453125 0.168859490625 0.3488445375 0.1793111703125 0.35851084375000003 0.17160516875 0.36782084843749996 0.15777171875 0.37530436875 0.1599659265625 0.38193275781249997 0.1474542546875 0.363010178125 0.1382922578125 0.3651929671875 0.12839205 0.376133203125 0.1267814015625 0.3848106265625 0.11788200625 0.40767121875 0.099890640625 0.4169812234375 0.08605719218749999 0.42402841406249997 0.064934990625 0.43234953125000003 0.0499081453125 0.43149440156249996 0.0352022625 0.4311293328125 0.0131113421875 0.459375 0.0310552234375 0.459375 0.0083493359375 0.4498511515625 0 0 0
0 0.9730373812499999 0.22626244375 0.9700460515625 0.242023853125 0.985653121875 0.2550471640625 0.9972316937500001 0.252554603125 0.99812536875 0.2410417078125 0.9801177828124998 0.2270585734375 0.9730373812499999 0.22626244375
0 1 0.12491904375 0.986661459375 0.12453872968749999 0.9775439734375 0.1290327796875 0.97521148125 0.1426835734375 0.9805576546874999 0.1539782171875 0.9899174281249999 0.153650834375 1 0.15329817031249998 1 0.12491904375
0 0.9826021890625001 0.162256984375 0.9836775796874999 0.15386908906250002 0.9758703171875001 0.1405729578125 0.9704104499999999 0.14076393125 0.966873975 0.14715034062500001 0.9676614062500001 0.16069200781249998 0.9749235234375 0.1646131375 0.9826021890625001 0.162256984375
1 0.459375 0 0.459375 0.4077861734375 0.47076586875000004 0.4191866203125 0.4723864015625 0.420173721875 0.48157190781250003 0.4302902890625 0.49411217656249995 0.430895446875 0.5014348656250001 0.4358582421875 0.5136191546875 0.44378234843750003 0.5273028328125 0.45061022343749996 0.5385859984375 0.45647827812499997 0.5429630249999999 0.451106253125 0.5509976734375 0.4414311546875 0.5602363015625 0.43902043749999997 0.576615903125 0.43844751875 0.5826740375 0.43510426406249997 0.6027718296875 0.43126993437500005 0.6173491828125 0.4265849140625 0.626284953125 0.418965865625 0.63168425 0.417733225 0.6511837765624999 0.41705117812500003 0.6633074921875 0.42393361875 0.6795053796875 0.4202357 0.687305190625 0.4199628796875 0.695400409375 0.41132944687500006 0.6997774359375001 0.405957421875 0.714362240625 0.41484134843750003 0.7273339609375 0.4363071203125 0.7426307234375 0.43055315 0.736799975 0.41092517500000003 0.7250396890624999 0.41029273593750004 0.716573590625 0.3991072203125 0.724668809375 0.39047378906249997 0.7403895734375 0.392011484375 0.7465008281250001 0.376140946875 0.755141190625 0.3768825140625 0.762691265625 0.35887408125000003 0.756746825 0.35073171875 0.760995259375 0.3297074140625 0.7780336999999999 0.3270238796875 0.784402140625 0.34245790625 0.7977829625 0.3440774484375 0.8000548843749999 0.3293849890625 0.786416875 0.29646088125 0.7917024796875 0.3067138578125 0.80693866875 0.29991822031250004 0.7993662453124999 0.2772198078125 0.8109979390625 0.262199965625 0.8330796953125 0.2656027421875 0.8335493671875 0.246798178125 0.8518225609375 0.1981449015625 0.8576309578125001 0.17706603125 0.8611068609375 0.16963795312500002 0.87784244375 0.1617460859375 0.8917078374999999 0.1716989625 0.891518671875 0.1550050125 0.89378314375 0.126743603125 0.909799315625 0.119920684375 0.9087090265625001 0.1011706859375 0.8947830609375 0.09017614375 0.8997509046874999 0.0680828890625 0.8821673203125 0.0613914234375 0.8880968593749999 0.0423958859375 0.8736788718749999 0.009499062499999999 0.8775876453125001 0 0.459375 0
0 0.4493201921875 0.4890625 0.445719446875 0.49329866562499997 0.44962680156249996 0.5067312046875 0.459375 0.5156356671875 0.459375 0.4892089765625 0.4584244671875 0.4890625 0.4493201921875 0.4890625
1 0 0.4890625 0 1 0.3379743921875 1 0.342666721875 0.9791320171875 0.3624010859375 0.9690476890624999 0.3637262109375 0.9783954078124999 0.379749834375 0.9851414343750001 0.3886781546875 0.9639534390625 0.375168740625 0.9466816156250001 0.374979575 0.9299876656249999 0.3818782625 0.9276587968750001 0.384029040625 0.9108830015624999 0.3985383703125 0.891587365625 0.410715209375 0.8859425234374999 0.429230690625 0.8414559125000001 0.4402566671875 0.8160194031250001 0.43400191875000005 0.789099759375 0.4384926390625 0.772242121875 0.456015653125 0.7778919203125 0.459375 0.7712739578125 0.459375 0.6554411 0.45444921093749996 0.6568676140624999 0.45641827343749997 0.6369668203125001 0.459375 0.6364199359375 0.459375 0.6175834531250001 0.4535863078125 0.615146384375 0.45922044062499995 0.6045114625 0.459375 0.6044352796875 0.459375 0.54748690625 0.457388390625 0.5461235656250001 0.4495885796875 0.546396384375 0.44304587343749996 0.5414063046875001 0.4397973546875 0.52586315 0.446150896875 0.51415928125 0.43977626093750005 0.4890625 0 0.4890625
0 0.997237403125 0.6683234484375 0.9603285578125 0.6518700796875 0.9463494687499999 0.6534028171874999 0.9534978921875 0.6688095640625 0.964182790625 0.6778299000000001 0.997782546875 0.677698446875 0.997237403125 0.6683234484375
0 0.9403668078125001 0.6849256374999999 0.94972658125 0.6845982546875 0.9659244687499999 0.6809003359375 0.944312384375 0.6586929984375 0.93483891875 0.6705059953125 0.9403668078125001 0.6849256374999999
0 0.9313555640625001 0.664365121875 0.9372925562500001 0.658938534375 0.9349451625 0.6454514312499999 0.9222837500000001 0.6427629406250001 0.9143702453125 0.6545213750000001 0.9192998703124999 0.6720932984375001 0.9313555640625001 0.664365121875
0 0.6861059453125 0.9359772609375 0.6729068390625 0.9374827203125001 0.6730354328124999 0.9531350015625 0.6805398359374999 0.9612227984375 0.6876202359375 0.9620189281249999 0.6966165796875 0.9554415468750002 0.6958897203125 0.9429415453125 0.6861059453125 0.9359772609375
1 0.459375 0.4890625 0.459375 0.9535351000000001 0.47816131406249995 0.962038796875 0.505627465625 0.937071034375 0.5068388984375 0.9579043687500001 0.5193791671875 0.958509525 0.538462140625 0.9641047624999999 0.5526154937500001 0.9521280718749999 0.5629369625 0.9548984078124999 0.5808765265625 0.9542709265625 0.5889717453125 0.9456374921874999 0.6124317484375 0.9458607046874998 0.617777921875 0.957155346875 0.6314616 0.963983221875 0.63312780625 0.93887409375 0.6393145328125 0.951183121875 0.6596546125 0.9515154593750001 0.664683028125 0.9304638703125001 0.6538164156249999 0.9183185359374999 0.6529684109375 0.9037352015625 0.6673109281249999 0.9084524609375 0.674497571875 0.884194028125 0.6883555171875 0.88057795625 0.6787077859374999 0.9028349015625 0.6882567234375 0.9192014656249998 0.70763510625 0.9164360859375 0.707021940625 0.892450471875 0.7259157515625001 0.881351759375 0.713421153125 0.8546503734374999 0.725840278125 0.8531721953125 0.741924471875 0.860959890625 0.740735390625 0.8808334046875 0.7518368390625 0.8835764578124999 0.7692918296875 0.87461564375 0.7584783406250001 0.849943025 0.75529039375 0.8354415359375 0.7615302406250001 0.83522328125 0.772033425 0.8411186171875 0.7802423375 0.8209995703124999 0.7616364843750001 0.8101687171874999 0.7756686937499999 0.796108696875 0.8005600640624999 0.7806250625000001 0.808427896875 0.794962859375 0.8260040312499999 0.7880853765625 0.8134488624999999 0.7603423234375001 0.8277010078125 0.709742121875 0.8730079296875001 0.7227703890624999 0.8702290859375001 0.6884226703125 0.8341533406250001 0.6594147390625 0.837985225 0.6446677140625 0.8460953437500001 0.6631721765625 0.8607332703124999 0.659528821875 0.8673822187500001 0.6394643375 0.8853749046875 0.6263095734374999 0.8860868625 0.611671675 0.8689804015625 0.59974459375 0.862793675 0.5874355671875 0.8473683187500001 0.5775372562500001 0.8571977640625 0.5584053109375 0.8504127718750001 0.549248565625 0.843620328125 0.526522871875 0.8612570343750001 0.52068705625 0.8602878875 0.5040203890625 0.846361921875 0.49302584843749997 0.85129245625 0.4890625 0.459375 0.4890625