0 0.0373898046875 0.20815325625 0.028823575 0.21156858750000002 0.035450915625 0.22213234375000002 0.0355508421875 0.22057238125 0.05183393125 0.2270013953125 0.068017096875 0.23499037031249997 0.0870288109375 0.2314007734375 0.08357008593750001 0.2202387515625 0.075453521875 0.21663425468750003 0.065058003125 0.2160285375 0.0507041296875 0.21206061250000002 0.0373898046875 0.20815325625
0 0.12515216406250002 0.2226616171875 0.12866085 0.23304365625 0.144204165625 0.23473221249999998 0.1554393875 0.238518425 0.172421959375 0.234027703125 0.172671775 0.2301277984375 0.156788390625 0.2174589375 0.14887167968749998 0.210734515625 0.13703690468750002 0.2163080765625 0.12515216406250002 0.2226616171875
0 0.22227048906250002 0.23771512343749998 0.2270282546875 0.2285976375 0.22248001718750002 0.218155025 0.212134459375 0.216769328125 0.2067368484375 0.21958639375 0.202178934375 0.22558395625 0.20900613125 0.2330277859375 0.22227048906250002 0.23771512343749998
0 0.27257995625000003 0.2993634265625 0.2936208109375 0.29667495312500003 0.29422036875 0.28731518125 0.29160134375 0.27933365625 0.27699765468750004 0.2792656328125 0.270560490625 0.28202212968749996 0.26268406718750004 0.2909579 0.27257995625000003 0.2993634265625
0 0.39498600625 0.2454300703125 0.405381525 0.24603578593750003 0.41216843125 0.237819425 0.4093495546875 0.232957825 0.4025223578125 0.2255139921875 0.3966347890625 0.21969069531250002 0.3882684109375 0.21998610468750002 0.3794023984375 0.22808132187500002 0.38296104999999997 0.23768338125000002 0.39498600625 0.2454300703125
0 0.46020702187499996 0.20460545 0.4660043375 0.195548534375 0.4570980390625 0.1879835609375 0.447841996875 0.185878453125 0.4433840125 0.190316053125 0.439515909375 0.20183405312499997 0.441395159375 0.205075121875 0.45278026718750003 0.2065213890625 0.46020702187499996 0.20460545
0 0.5584514625 0.19180943125 0.5599406828125 0.184850175 0.555142628125 0.17830746875 0.5437575171875 0.17686119843749998 0.535731209375 0.1881369140625 0.54552716875 0.198102403125 0.5584514625 0.19180943125
0 0.6076311249999999 0.238516953125 0.6029732859375 0.24607447656249998 0.6033633171874999 0.2562748015625 0.61781711875 0.2586827671875 0.6274229 0.2553280078125 0.632580371875 0.239970671875 0.624613696875 0.2340262328125 0.6152577296875 0.23348108750000002 0.6110995234375001 0.2332388015625 0.6076311249999999 0.238516953125
0 0.5759175046875 0.375241021875 0.567211059375 0.3645561234375 0.5508683328124999 0.375347265625 0.5504186640625 0.3823670953125 0.5511084734375 0.3878875328125 0.5581854859375001 0.391431459375 0.5612042140625 0.3931731375 0.573628875 0.394679978125 0.5824449234375 0.3873647390625 0.5759175046875 0.375241021875
0 0.723640296875 0.203000284375 0.7443314109375001 0.205771678125 0.7473098499999999 0.1918531625 0.73964295625 0.18122883750000002 0.7304868421874999 0.17756376875 0.714693709375 0.1797751171875 0.71493385 0.1923153859375 0.723640296875 0.203000284375
0 0.9082470390624999 0.025079742187499997 0.9238403187500002 0.0259883171875 0.9272587531250001 0.0214901453125 0.9229603296875 0.0071476296875 0.9127147000000001 0.00420196875 0.9073670515625001 0.0062390546875000005 0.8954323468750001 0.013372576562499999 0.9082470390624999 0.025079742187499997
0 0.7853429515625 0.168233796875 0.7959383250000001 0.1657195890625 0.7996565375 0.1565415296875 0.8081228421875 0.1546861609375 0.7960479250000001 0.147719453125 0.7855025171875 0.1494536796875 0.7737676656250001 0.1534672765625 0.7732680343749999 0.1612670890625 0.7780161265625 0.168589775 0.7853429515625 0.168233796875
1 1 0.11964158124999999 0.9817070796875 0.1162610828125 0.9724607125 0.09771580156250001 0.9568674328124999 0.0968072265625 0.9334476953124999 0.10405444374999999 0.9397252953125002 0.12007806562500001 0.939275628125 0.1270978953125 0.9313089531250001 0.12115345468750001 0.8974727546875 0.0792544140625 0.8981222750000001 0.069114659375 0.8857975421875001 0.0660478578125 0.8711632375 0.03387946875 0.865715659375 0.0374765171875 0.8738725125 0.056741206249999995 0.8405165968749999 0.039922703125 0.8360086499999999 0.0451402828125 0.8776713062500001 0.078883534375 0.8902361796874999 0.09449060468750001 0.9151660796875 0.128824671875 0.9174353625 0.1422660640625 0.9230231546875001 0.152769246875 0.9172757984375 0.16104618125 0.9076297265625 0.14874074843750001 0.8932258874999999 0.14555280312500002 0.8826305171875 0.14806701093750002 0.8781225671874999 0.15328459218749999 0.8479755609375002 0.151528015625 0.8276744781250001 0.1589569453125 0.8104420890625 0.167347571875 0.7943491781249999 0.1742388078125 0.7815747749999999 0.178191834375 0.7682701265625 0.15784430625 0.7616024953125 0.1316203578125 0.7448794109375 0.115771 0.73300434375 0.10568436875000001 0.7268073218750001 0.12098113125000001 0.722589478125 0.13795899843749998 0.7361439421875 0.1544066234375 0.741431953125 0.1695896921875 0.758205003125 0.18465906875 0.7675512953125001 0.20164438750000002 0.746350878125 0.2231129765625 0.7384244921875001 0.2328287296875 0.72856889375 0.24008339374999998 0.7196625953125 0.2325184203125 0.703079725 0.23076929375000002 0.6717432765625 0.23129208750000002 0.6688148 0.244430621875 0.681879309375 0.2522378828125 0.678750978125 0.2684963421875 0.6743429546875 0.2721539609375 0.6670564171875 0.28817013281250003 0.64562553125 0.2806582796875 0.660319475 0.2956065140625 0.6481849171875 0.305859959375 0.626563853125 0.2850278578125 0.60701221875 0.2807570734375 0.55322468125 0.24082709531250002 0.5982960984375 0.286512346875 0.6182877265625 0.3002034765625 0.6382293921875 0.3146745875 0.63193244375 0.3315313125 0.6252954265625 0.33740773125 0.6247957953125 0.34520754062500003 0.6216674671875 0.361466 0.6115620515625 0.37262057187500003 0.602446225 0.3846156953125 0.603476103125 0.40111644062499996 0.6004488578125 0.409375 1 0.409375 1 0.1392655546875 0.9947619124999999 0.1405085171875 1 0.1207086046875 1 0.11964158124999999
0 0.029735009375 0.44350029687500003 0.033193731250000004 0.45466231874999996 0.0446288046875 0.45532860625 0.0469077609375 0.4523298265625 0.049636384374999995 0.44231121562500003 0.055483665625 0.4324743203125 0.0493462796875 0.430550928125 0.044548225000000004 0.424008221875 0.04147953125 0.42304652656249997 0.0352422203125 0.422683096875 0.0297946453125 0.42628014218750004 0.02924505 0.4348599359375 0.029735009375 0.44350029687500003
0 0.10484383281250001 0.5089422625 0.107222715625 0.5043835203125 0.1016848875 0.4931003546875 0.0834322953125 0.46855006406250005 0.0881707125 0.49231292499999996 0.0801943640625 0.5028086578125001 0.0807842484375 0.5098890593750001 0.08776133281250001 0.514992946875 0.09295909218750001 0.5152958046875 0.101425396875 0.513440434375 0.10474390468749999 0.510502225 0.10484383281250001 0.5089422625
0 0.07884535937500001 0.5238681453125 0.07958513125 0.5286086046875 0.081514346875 0.531069690625 0.0863124015625 0.537612396875 0.10368500624999999 0.5433220015625 0.114130490625 0.5431477375 0.11814848124999999 0.5292897921875 0.1122609125 0.5234664953125 0.104244275 0.5183020359375 0.0884011796875 0.5212933671875 0.07884535937500001 0.5238681453125
1 0.4890625 0.70917185625 0.4832342578125 0.710272284375 0.4789261625 0.712369940625 0.4693703421875 0.7149447203125 0.4667013546875 0.7077431765625001 0.46111356406250004 0.6972399921875001 0.4595340890625 0.6893190390624999 0.46073320625 0.6705994937499999 0.46910925781249996 0.6538639125 0.44617947812500003 0.669751490625 0.43424477499999997 0.6768850140625 0.42345922343750003 0.666078971875 0.4000491609375 0.656886015625 0.3966403984375 0.6449440125000001 0.40209765 0.6249067921875 0.390772178125 0.6062403671875 0.369481509375 0.6128287453125 0.3642241109375 0.6297460421875 0.36332477343749997 0.6437857015625 0.3597064859375 0.6514037968749999 0.35030055625 0.6516386328125 0.3338176140625 0.64832954375 0.3471915734375 0.63501674375 0.3411637890625 0.6150932171875001 0.3247807734375 0.6102241656249999 0.3118065171875 0.617297115625 0.3131861375 0.62833799375 0.2835387625 0.6187816078124999 0.268285553125 0.6288533375 0.24784425468750002 0.6221820390625 0.23595951406250001 0.6285355796875 0.23313096406249997 0.6401141515625 0.217437759375 0.640765540625 0.21377918125 0.6327234421875 0.2041331078125 0.6204180109375 0.1954669515625 0.6253933046875 0.188829934375 0.6312697249999999 0.1699181453125 0.6332993578125 0.1631409140625 0.625075546875 0.1536350578125 0.6268703453125 0.13978081250000002 0.6151026078124999 0.11888984843749999 0.6154511375 0.09739932343749999 0.6251594390624999 0.0905124921875 0.6349357625 0.08971308125 0.6474154609375 0.0837159109375 0.6595923 0.05217961250000001 0.6632350171875 0.02658084375 0.6719210515625 0.025781432812499998 0.684400746875 0 0.6923787875 0 1 0.4876307140625 1 0.4890625 0.9776482093750001 0.4890625 0.70917185625
0 0.5553264625 0.59337193125 0.5568156828124999 0.586412675 0.552017628125 0.57986996875 0.5406325171875 0.5784236984375 0.532606209375 0.5896994140625 0.54240216875 0.599664903125 0.5553264625 0.59337193125
0 0.604506125 0.640079453125 0.5998482859375 0.6476369765625 0.6002383171875 0.6578373015625 0.6146921187500001 0.6602452671875 0.6242979 0.6568905078125 0.629455371875 0.641533171875 0.621488696875 0.6355887328125001 0.6121327296875 0.6350435875 0.6079745234375 0.6348013015625 0.604506125 0.640079453125
0 0.5727925046875 0.776803521875 0.564086059375 0.7661186234375 0.5477433328125 0.776909765625 0.5472936640625 0.7839295953125001 0.5479834734375 0.7894500328125 0.5550604859375 0.792993959375 0.5580792140625 0.7947356375 0.570503875 0.796242478125 0.5793199234374999 0.7889272390625 0.5727925046875 0.776803521875
0 0.720515296875 0.604562784375 0.7412064109375001 0.607334178125 0.74418485 0.5934156625 0.7365179562499999 0.5827913375 0.7273618421875 0.57912626875 0.711568709375 0.5813376171875 0.7118088499999999 0.5938778859375 0.720515296875 0.604562784375
0 0.9016096062500001 0.409375 0.8923073468750001 0.4149350765625 0.9051220390625 0.4266422421875 0.9207153187500001 0.4275508171875 0.924133753125 0.4230526453125 0.920034590625 0.409375 0.9016096062500001 0.409375
0 0.7822179515625 0.569796296875 0.792813325 0.5672820890625 0.7965315374999999 0.5581040296875 0.8049978421875 0.5562486609375 0.7929229250000001 0.549281953125 0.7823775171875 0.5510161796874999 0.7706426656250001 0.5550297765625001 0.770143034375 0.5628295890625 0.7748911265625 0.5701522750000001 0.7822179515625 0.569796296875
1 1 1 1 0.5400865140625 0.9916369125 0.5420710171875001 0.9971441249999999 0.521253815625 0.9785820796875001 0.5178235828125001 0.9693357125000001 0.4992783015625 0.9537424328124999 0.49836972656250006 0.9303226953125 0.50561694375 0.9366002953125001 0.521640565625 0.9361506281249999 0.5286603953125 0.928183953125 0.5227159546875 0.8943477546875 0.4808169140625 0.894997275 0.470677159375 0.8826725421875 0.4676103578125 0.8680382375000001 0.43544196875 0.8625906593749999 0.43903901718749994 0.8707475125 0.45830370625 0.837391596875 0.44148520312499995 0.83288365 0.4467027828125 0.8745463062500001 0.480446034375 0.8871111796875001 0.4960531046875 0.9120410796874999 0.530387171875 0.9143103625 0.5438285640625 0.9198981546875 0.554331746875 0.9141507984375 0.5626086812500001 0.9045047265624999 0.5503032484375 0.8901008874999998 0.547115303125 0.8795055171874999 0.5496295109375 0.8749975671874999 0.5548470921875 0.8448505609375001 0.553090515625 0.824549478125 0.5605194453125 0.8073170890625001 0.568910071875 0.791224178125 0.5758013078124999 0.778449775 0.579754334375 0.7651451265625 0.5594068062499999 0.7584774953125001 0.5331828578125 0.7417544109375 0.5173335 0.7298793437500001 0.50724686875 0.723682321875 0.52254363125 0.719464478125 0.5395214984375001 0.7330189421875 0.5559691234375 0.7383069531249999 0.5711521921875 0.755080003125 0.58622156875 0.7644262953125001 0.6032068875000001 0.743225878125 0.6246754765625 0.7352994921875 0.6343912296875001 0.72544389375 0.64164589375 0.7165375953125 0.6340809203125 0.699954725 0.63233179375 0.6686182765625001 0.6328545875 0.6656898 0.645993121875 0.678754309375 0.6538003828125 0.675625978125 0.6700588421875 0.6712179546875 0.6737164609375 0.6639314171875 0.6897326328125001 0.64250053125 0.6822207796875001 0.6571944750000001 0.6971690140625 0.6450599171875 0.7074224593749999 0.6234388531249999 0.6865903578125 0.60388721875 0.6823195734375 0.5500996812500001 0.6423895953125001 0.5951710984374999 0.688074846875 0.6151627265624999 0.7017659765625 0.6351043921875 0.7162370875 0.62880744375 0.7330938124999999 0.6221704265625 0.7389702312499999 0.6216707953125 0.746770040625 0.6185424671875 0.7630285000000001 0.6084370515625 0.774183071875 0.599321225 0.7861781953125 0.600351103125 0.802678940625 0.5952935593750001 0.8164763125000001 0.6020707921875 0.824700125 0.6053796265625 0.8382020890625 0.600471971875 0.8496595171875001 0.5976434187499999 0.8612380906249999 0.6014518859375 0.86694024375 0.5809509515625 0.8774891 0.584999559375 0.895731521875 0.5937060078125 0.9064164187500001 0.56682754375 0.9025016140624998 0.5519740390625 0.9063334984375 0.55404346875 0.9228948140625001 0.5914173765624999 0.9258553734374999 0.603892 0.9265822328125001 0.6208648984374999 0.9385316859374999 0.6280821249999999 0.9561758421875 0.625053721875 0.9708743390624999 0.630491621875 0.983717465625 0.6377207203124999 1 1 1