0 0.1806437234375 0.1355354375 0.1724891859375 0.14681198125 0.1824472390625 0.1535997109375 0.1864487765625 0.1503615078125 0.19266595312499998 0.14675392812500002 0.2000455453125 0.1385449703125 0.20116569062499998 0.1299103515625 0.1910561734375 0.1279227578125 0.1806437234375 0.1355354375
0 0.1546020921875 0.3268320671875 0.13829301875 0.34938515312499996 0.12695415937500001 0.36486555468750004 0.10884156874999999 0.36935436718750003 0.10243065625 0.37372884375000004 0.1082357078125 0.3885549140625 0.1235937234375 0.3907694078125 0.135210859375 0.38258859218749997 0.14949803125 0.3596379875 0.1546020921875 0.3268320671875
0 0.28713184375 0.188671096875 0.2965333390625 0.1808596578125 0.298815903125 0.1676236625 0.29313766406249997 0.1648973140625 0.27474679375 0.162086540625 0.269582840625 0.169926121875 0.2744192125 0.1885866734375 0.28713184375 0.188671096875
0 0.2760360234375 0.1695848859375 0.28649074375 0.1660054453125 0.2903654671875 0.15066752187500002 0.288924771875 0.1479693140625 0.27496518124999997 0.1444197859375 0.2655214140625 0.148197984375 0.2642920734375 0.16566597968750002 0.2760360234375 0.1695848859375
0 0.5978357203125 0.1475241765625 0.5933621703124999 0.144229690625 0.5864369734375 0.13803823906249998 0.56952906875 0.1419589140625 0.5668590328125 0.15672870156250002 0.572192071875 0.1650220828125 0.5865391343749999 0.16703781874999998 0.5992094953125 0.1630890015625 0.601534328125 0.15388624687500002 0.5978357203125 0.1475241765625
0 0.5743055499999999 0.1356531265625 0.5806495390624999 0.1441452671875 0.59215748125 0.144797828125 0.60050575625 0.13275438906249998 0.6006572218749999 0.1279542515625 0.5816428703125001 0.1234109265625 0.57508049375 0.132585540625 0.5743055499999999 0.1356531265625
0 0.8976023281250001 0.300467121875 0.8871053390625001 0.3000133203125 0.8792114578125 0.29765635 0.869616225 0.306234684375 0.8650757515624999 0.31580681718750003 0.8629869250000001 0.3282759171875 0.855455865625 0.34128501093749997 0.8532824984375 0.3456876296875 0.8719093749999999 0.3517647453125 0.882388746875 0.33128544843749996 0.884671309375 0.318049453125 0.889211784375 0.3084773203125 0.8976023281250001 0.300467121875
0 0.9543000968750001 0.0886331421875 0.947889184375 0.09300761874999999 0.9427252312500001 0.1008472 0.9651599093750001 0.10445300937499999 0.9729692468750001 0.0987435 0.9639798718750001 0.0881212875 0.9543000968750001 0.0886331421875
0 1 0.132705353125 0.9969045109374999 0.13001385625 0.9841918796875 0.1299294328125 0.9808138218749999 0.1349001875 0.9762733484374999 0.14447232031249999 0.9926845859375 0.15091881406250002 1 0.1517233390625 1 0.132705353125
0 0 0.537696546875 0.012846271875 0.5387307203125 0.018355425 0.5253241078124999 0.0042021 0.5225414765625 0 0.524852265625 0 0.537696546875
0 0.08258433281250001 0.53151201875 0.0693750359375 0.5417947640625 0.0810097921875 0.554547046875 0.08995689375 0.5611360171875 0.1018100390625 0.5562215453125 0.1061567765625 0.5474163093750001 0.094134546875 0.5361978203125 0.08258433281250001 0.53151201875
0 0.16674696718749998 0.5722084890625 0.1830313921875 0.5665552625 0.17924824374999998 0.5521267109375 0.160857375 0.5493159375000001 0.1601246984375 0.5564167640625 0.159628034375 0.5667839328125 0.16674696718749998 0.5722084890625
0 0.258496996875 0.5282631921875 0.2648656375 0.5198554734374999 0.2609310234375 0.510227059375 0.2383026109375 0.5073881453125 0.238429421875 0.5194878671875001 0.24318125156249998 0.5300819375 0.258496996875 0.5282631921875
0 0.3308663765625 0.598840475 0.3327790859375 0.6080713703125 0.3449105109375 0.6104564828125 0.354784021875 0.6091777328125 0.35951823125 0.598838703125 0.3452803625 0.5879895921875 0.33299747343749997 0.590404615625 0.3308663765625 0.598840475
0 0.47122671875 0.8035330921874999 0.45388907187500005 0.8049543203124999 0.45113449531249994 0.8116576265625 0.45078929375000004 0.817224659375 0.456552075 0.8280174890625001 0.465220896875 0.8273068765625 0.47365371562499997 0.8233299171875 0.47920514062499997 0.8139565453125 0.47122671875 0.8035330921874999
0 0.39820565 0.6515241015625 0.3997555390625 0.6453889328125 0.3920131265625 0.638231825 0.38190360624999997 0.6362442296874999 0.376116175 0.642351259375 0.37658818906249997 0.6488839484375 0.3845243390625 0.655274159375 0.395644809375 0.6574605124999999 0.39820565 0.6515241015625
1 0.66875 0.409375 0.29461248281249997 0.409375 0.29583876875000004 0.41405193437500004 0.28348895937499996 0.4293335765625 0.2949299796875 0.4428527546875 0.294905328125 0.4597526140625 0.27236145624999997 0.46498018124999996 0.256313040625 0.473899753125 0.199111490625 0.502902875 0.2616460765625 0.482193134375 0.2777790359375 0.48134004375000006 0.3008618453125 0.46977854687500004 0.3130778109375 0.48023014062499997 0.295243496875 0.4920185375 0.31690323125000003 0.4986919328125 0.3188582125 0.5119560703125 0.316188178125 0.5267258578125 0.30452876875 0.530873434375 0.3048915890625 0.5462395 0.324916890625 0.5509815828125 0.3401657125 0.5620294546875 0.354579696875 0.551178571875 0.36376280625 0.5610338875 0.3731819234375 0.5741555468749999 0.37806056718750003 0.5968493390624999 0.3731326203125 0.6079552640625 0.3530826671875 0.6201130390625 0.34454065625 0.6329233750000001 0.32096118281249997 0.654852040625 0.3231099 0.66734928125 0.3217960171875 0.6767507953124999 0.331324328125 0.681039078125 0.3606243140625 0.66587 0.36927551875 0.6442262875 0.3892832 0.6280352718750001 0.3949614390625 0.630761621875 0.40717740312500006 0.6412132140625 0.42285596875 0.654760534375 0.4409439078125 0.6671715796875001 0.4790148796875 0.6802914703124999 0.48815571718750006 0.68611354375 0.499469925 0.6875330015625 0.506074575 0.682391628125 0.5169590359375 0.6813116375 0.513429515625 0.691082528125 0.46973316406250004 0.7380355875 0.4594721796875 0.74084813125 0.4497254828125 0.754226603125 0.42318007343749997 0.7626923734375 0.416423959375 0.772633884375 0.44180695156249994 0.768769490625 0.4354383109375 0.7771772078125 0.44318072343750003 0.784334315625 0.455639728125 0.760219296875 0.47013825625 0.7574348953125 0.474872465625 0.747095865625 0.5085191890625 0.723121553125 0.5189316374999999 0.7155088734375 0.527558190625 0.71076501875 0.53564580625 0.7123550937500001 0.530911596875 0.7226941218749999 0.5148209078125 0.727580453125 0.5113336578125 0.7413845859375 0.5327996546875 0.7488248765625001 0.5493623578125 0.7504712343750001 0.5655622390625 0.7367515250000001 0.591762446875 0.7338527875 0.58008541875 0.717067265625 0.596218378125 0.716214175 0.6037670562499999 0.724138178125 0.6190827999999999 0.7223194328125 0.6437753890625 0.72958910625 0.6400098578125 0.736093653125 0.6399429359375 0.7489602703125 0.6556884234375 0.749640971875 0.6654104703125 0.753162359375 0.66875 0.7533067328125 0.66875 0.409375
0 0.8072047296875 0.758913946875 0.80995930625 0.7522106390625 0.806024690625 0.7425822249999999 0.7954854296875 0.7380951828125 0.7854181812500001 0.7401408296875001 0.7875668984375 0.7526380703125 0.7939108890625001 0.7611302109375 0.8072047296875 0.758913946875
0 0.692671265625 0.708221453125 0.6789899546875 0.7119715109375 0.6772886 0.7229068171874999 0.6965389578125001 0.7307164859374999 0.7119638953125 0.7200643624999999 0.7150636734375 0.7077940234375 0.692671265625 0.708221453125
0 0.9756286062499999 0.7727074546875 0.9631519796875001 0.775889375 0.95740681875 0.7860296437500001 0.9558992015625 0.7961980546875 0.961425975 0.803724540625 0.9765479828125001 0.8026726906249999 0.9859494796874999 0.7948612515625 0.9878022984375001 0.7791258078125 0.9756286062499999 0.7727074546875
0 0.9097546781249999 0.7058221765624999 0.915499840625 0.69568190625 0.9143620734375 0.683383425 0.90926504375 0.6783563890625001 0.8977571015624999 0.6777038281250001 0.89003230625 0.6914798187500001 0.8901168484374999 0.6995463 0.8960310953124999 0.7055389921874999 0.9097546781249999 0.7058221765624999
0 0.8349054406249999 0.5526487703124999 0.85439180625 0.5637247828125 0.8455292468750001 0.56520229375 0.8683936671874999 0.5713075515625 0.8797078765624999 0.5727270078125001 0.8836248687499999 0.5614223234375 0.87448403125 0.55560025 0.8574915843750001 0.55145444375 0.8466071218750001 0.5525344343749999 0.8349054406249999 0.5526487703124999