0 0.5469255015625001 0 0.5462447218750001 0.0007176359375 0.5328151 0.019608315625 0.5345981234375 0.031741421874999995 0.5406856375 0.032898753125 0.5538684328125 0.0246830796875 0.559375 0.016409178125 0.559375 0.004718821874999999 0.5545022484375 0 0.5469255015625001 0
0 0.3489678359375 0.0575651671875 0.3436351265625 0.0469015953125 0.3355259421875 0.0571540359375 0.3291916015625 0.066671709375 0.33148055468750004 0.0767566125 0.33959996718749996 0.082589015625 0.348221215625 0.079939278125 0.35607948125 0.0739279078125 0.35937006562499996 0.0638315703125 0.3489678359375 0.0575651671875
0 0.2835250265625 0.0419068703125 0.273379853125 0.04105030625 0.2622310015625 0.057158015625 0.2645220015625 0.0704598890625 0.2718804734375 0.0761476234375 0.285577378125 0.0787516234375 0.2952104859375 0.072005484375 0.2954552703125 0.0581135109375 0.28986959375 0.0484740390625 0.2835250265625 0.0419068703125
0 0.21917588906250002 0.1508309046875 0.22246442812499997 0.1375175984375 0.215868940625 0.1351914984375 0.2097773359375 0.127600228125 0.20242295625 0.1283464296875 0.19735548281249998 0.13596056875 0.1991405515625 0.1513106421875 0.21005075624999997 0.1587458109375 0.21917588906250002 0.1508309046875
1 0 0 0 0.41875 0.06654880937499999 0.41875 0.0674292015625 0.4168345734375 0.0826357109375 0.40042609687499997 0.1006371046875 0.3920543203125 0.1003780046875 0.383427515625 0.0953003046875 0.3749568125 0.097576984375 0.36573990625 0.1100049765625 0.3670304734375 0.1219168109375 0.3542843953125 0.11633318125 0.34786189375 0.1201337875 0.342151290625 0.1335777265625 0.345779390625 0.144489975 0.356431528125 0.15868871874999999 0.350553390625 0.17161650312500001 0.3401448484375 0.171102390625 0.3293251765625 0.17793652499999998 0.3081083953125 0.177930390625 0.2984574921875 0.1733606640625 0.2911555546875 0.15864985468749998 0.289430990625 0.154839025 0.2790567515625 0.1451956890625 0.2697180484375 0.147725334375 0.2594770421875 0.1669997328125 0.258852640625 0.177134678125 0.2436243625 0.18194305156249999 0.22738341874999998 0.1697659796875 0.2218517859375 0.15935761406249999 0.2059344796875 0.17787311875 0.2083823765625 0.1928184828125 0.1801301265625 0.18798965625 0.164201384375 0.1783504125 0.16129661875 0.180612775 0.129560934375 0.1745191265625 0.11875269687500001 0.1717221984375 0.107499025 0.185408875 0.09401818125 0.191732990625 0.0684156671875 0.20694359062499998 0.058441125000000003 0.2099750765625 0.03971798125 0.20742497656249997 0.017789303125 0.200825396875 0.009029267187499999 0.1868775734375 0.010666337500000001 0.182886771875 0 0 0
1 0.559375 0 0.559375 0.41875 0.9959876812499999 0.41875 0.996655078125 0.41788854531249997 1 0.412144059375 1 0.3677778609375 0.989019096875 0.374621290625 0.9801326093749999 0.35899331874999996 0.98087923125 0.3366192046875 1 0.3269163703125 1 0.29995174375 0.9935356406250001 0.2982820515625 1 0.2721117703125 1 0.0434886828125 0.9908300921875 0.031863775 0.997407171875 0.005237160937500001 0.9945907796875 0 0.559375 0
0 0.46966581406249996 0.6281859515624999 0.467123896875 0.6191251453125 0.46610794687499996 0.6167876125 0.45697463125000004 0.61183464375 0.45089120937500005 0.6171112484375 0.4486104375 0.619894215625 0.44760062500000003 0.6272075875 0.4514094109375 0.6343648578125001 0.456735984375 0.635377521875 0.4645962953125 0.6325831203125001 0.46966581406249996 0.6281859515624999
0 0.47988871250000004 0.7512873125 0.487496059375 0.7495170109375 0.49662323906249994 0.744819075 0.49889991875 0.7356021687500001 0.496358 0.7265413640625 0.4890015734375 0.7240705984375 0.4872267296875 0.7248053656250001 0.4816492375 0.7280337687499999 0.47531080625 0.731117503125 0.4725281953125 0.7423826109375 0.47456009374999997 0.7470576796875 0.47988871250000004 0.7512873125
0 0.40607352499999994 0.730820715625 0.4035438796875 0.741061721875 0.40405389999999997 0.7454474578125 0.41039846718749995 0.7520146265625 0.4187687984375 0.7536059578125001 0.4256152046875 0.751690990625 0.42890988124999996 0.7480285859375 0.43676405625000003 0.73558328125 0.43447510312500004 0.725498375 0.4306683609375 0.7215580734375 0.42179005468749997 0.7187979734375001 0.4187462984375 0.71821930625 0.41570254218749997 0.7176406421875 0.40936615468750004 0.723941346875 0.40607352499999994 0.730820715625
0 0.33460660937500003 0.8137311046875 0.3325869828125 0.8283578468750001 0.339439525 0.8360937843750001 0.346030921875 0.8319859453125 0.352367309375 0.8256852421875 0.35414010625 0.8217335078125 0.3559108578125 0.8145648015625 0.3470305078125 0.8085877343749999 0.3414509703125 0.80859916875 0.33460660937500003 0.8137311046875
1 0 0.41875 0 1 0.30641535000000003 1 0.3157017625 0.9966986062500001 0.312137759375 0.9756493625000001 0.323786403125 0.9478425453125 0.312368225 0.939238609375 0.2953786890625 0.9435139812500001 0.290052115625 0.942501315625 0.3062725296875 0.925213403125 0.3199612515625 0.9149495281250001 0.30650913125 0.8984535546875 0.303202184375 0.8828141468750001 0.3163890671875 0.8810324109375 0.3239861859375 0.8631772671875 0.32853955 0.84474345625 0.31331872031249997 0.8386331546874999 0.3052054453125 0.8424516593749999 0.3201487640625 0.8109824390625 0.3181148203125 0.8030904031249999 0.308985596875 0.804571371875 0.3274867828125 0.7845004906249999 0.334318871875 0.76006674375 0.3396270375 0.73212669375 0.34011046718750004 0.6946918421875 0.3413732453125 0.6863543703125 0.33629554375000004 0.6778836671875 0.3248814578125 0.67571366875 0.31979762031250003 0.6575920578125001 0.318524615625 0.6498446890625 0.3096422203125 0.640650653125 0.30759191406249997 0.6070228671875 0.29870747343750004 0.5946118625000001 0.2928586046875 0.5699116515625 0.29105921874999996 0.532042796875 0.292825878125 0.5184401578125 0.3037156296875 0.4937056421875 0.295592128125 0.481439303125 0.279616496875 0.484835240625 0.2666825765625 0.48559287656250005 0.2636285921875 0.46892936875 0.25981571406250004 0.45533816250000003 0.2671619140625 0.44172408750000003 0.26538298125000004 0.43602491875 0.27029435 0.41875 0 0.41875
0 0.959198525 0.662070715625 0.9566688796874999 0.672311721875 0.9571788999999999 0.6766974578125 0.9635234671875 0.6832646265625 0.9718937984375 0.6848559578125 0.9787402046875 0.6829409906249999 0.98203488125 0.6792785859375 0.98988905625 0.66683328125 0.987600103125 0.656748375 0.9837933609375 0.6528080734375 0.9749150546875001 0.6500479734375 0.9718712984375 0.64946930625 0.9688275421875 0.6488906421875 0.9624911546875001 0.6551913468749999 0.959198525 0.662070715625
0 0.8877316093750001 0.7449811046875 0.8857119828125001 0.759607846875 0.892564525 0.767343784375 0.899155921875 0.7632359453124999 0.905492309375 0.7569352421875 0.90726510625 0.7529835078125 0.9090358578125001 0.7458148015624999 0.9001555078125 0.739837734375 0.8945759703124999 0.73984916875 0.8877316093750001 0.7449811046875
1 0.559375 0.41875 0.559375 1 0.77932863125 1 0.7793461796875001 0.9999289593749999 0.7884692687499999 0.9887970859374999 0.7973353015625 0.9722553749999999 0.8127927296875 0.951605828125 0.8143125625 0.94867819375 0.8318141625 0.952005525 0.849060753125 0.9531399890625 0.853106140625 0.9335374125000001 0.8688267625 0.92794860625 0.8652627593750001 0.9068993625000001 0.876911403125 0.8790925453125 0.865493225 0.8704886093749999 0.8485036890625001 0.8747639812500001 0.8431771156250001 0.873751315625 0.8593975296874999 0.856463403125 0.8730862515625001 0.8461995281250001 0.85963413125 0.8297035546875 0.856327184375 0.8140641468750001 0.8695140671875 0.8122824109375 0.8771111859375 0.7944272671875 0.88166455 0.7759934562499999 0.8664437203125 0.7698831546875 0.8583304453124999 0.773701659375 0.8732737640625 0.7422324390625 0.8712398203125 0.7343404031249999 0.8621105968749999 0.735821371875 0.8806117828125 0.715750490625 0.887443871875 0.6913167437500001 0.8927520375 0.66337669375 0.8932354671875 0.6259418421875 0.8944982453125 0.6176043703125 0.88942054375 0.6091336671875001 0.8780064578125 0.60696366875 0.8729226203125 0.5888420578125 0.8716496156249999 0.5810946890625 0.8627672203125 0.5719006531249999 0.8607169140625001 0.5382728671875 0.8518324734375 0.5258618625 0.8459836046875001 0.5011616515624999 0.84418421875 0.46329279687499997 0.8459508781249999 0.4496901578125 0.8568406296875001 0.4249556421875 0.8527308828125 0.41875 0.559375 0.41875