0 0.042910501562499995 0.322342825 0.05244506718750001 0.333497078125 0.06295780937499999 0.32479888125 0.069456503125 0.31686732968750003 0.0696126265625 0.30953892656250004 0.06575470312500001 0.30297716874999997 0.052049962500000005 0.299917959375 0.045817640625 0.3057712546875 0.042910501562499995 0.322342825
0 0.0183297578125 0.2147204078125 0.022697484375 0.22341492343749997 0.0312353859375 0.22401439375 0.040949015625 0.221550971875 0.041105140624999995 0.21422257031249997 0.0384229453125 0.2045979203125 0.026536921875 0.199569446875 0.0190186234375 0.20323548906250002 0.0183297578125 0.2147204078125
0 0.2667509375 0.21958098124999997 0.2630676234375 0.2360980546875 0.27650599374999996 0.24123552187500003 0.280653228125 0.23942975 0.3004156765625 0.2135568328125 0.2977793609375 0.1913536375 0.2829861984375 0.20289673593750002 0.2741589875 0.210664796875 0.2667509375 0.21958098124999997
0 0.7574904265625 0.0339426859375 0.7484197828125 0.0374997328125 0.7423206484375 0.042313898437500004 0.7407224234374999 0.05478344843750001 0.7481948421875 0.06369595156249999 0.7585514578125 0.062326157812500005 0.7621015843750001 0.0468482140625 0.7574904265625 0.0339426859375
0 0.8909017562500001 0.42285981718750004 0.8999953390625001 0.4130134984375 0.8977126984375001 0.4002714625 0.8965599093750001 0.39704507968749997 0.8885318125000001 0.39857836562500004 0.8834752171875 0.4013687703125 0.8779961296875001 0.41356583437500005 0.8780834359374999 0.42510525 0.8823409171875 0.4285496203125 0.8909017562500001 0.42285981718750004
0 0.6964716703125 0.12507011875000001 0.6851183890625 0.115885128125 0.67345285625 0.1213569421875 0.6695261140625 0.1336630015625 0.6707891484375 0.1421395265625 0.6775083343749999 0.1447082609375 0.6872219640624999 0.14224483906250002 0.6943636421875 0.1354069125 0.6964716703125 0.12507011875000001
0 0.5454576125 0.0568005734375 0.5425504734375 0.07337214375 0.5443233109375 0.08398142343750001 0.5560990875 0.0837597546875 0.561068375 0.0694299328125 0.5582988734375001 0.04826586875 0.5454576125 0.0568005734375
0 0.8011741921875 0.6157710984375 0.79604878125 0.6374293203125 0.808954409375 0.6467233046875001 0.82436761875 0.64256310625 0.8286939171875 0.6271396593749999 0.828739796875 0.6145611140625 0.815301428125 0.6094236468750001 0.8011741921875 0.6157710984375
0 0.8598822359374999 0.37769415 0.8707945328125 0.365878565625 0.8758970062500001 0.3505096171875 0.8655403890625 0.35187941093749997 0.8522766328125 0.369820775 0.8365741124999999 0.38234850468750003 0.8356188734375 0.3959116828125 0.8455759374999999 0.397659275 0.8598822359374999 0.37769415
1 0.31875 0.659375 0.74781113125 0.659375 0.757171321875 0.6535722765624999 0.7598350296875 0.6327896921875 0.7609234515625001 0.618187384375 0.780883453125 0.609104028125 0.7743662734375001 0.586628346875 0.7832393625 0.5662817390625 0.7686482046875 0.557917890625 0.7679408484375 0.5389955765625001 0.768919025 0.5191431265625 0.764707425 0.503120209375 0.784864978125 0.5108264109375 0.78362488125 0.4960606125 0.7949367359374999 0.48112764218750004 0.811149059375 0.4707326671875 0.808002940625 0.44639671718749996 0.795584175 0.44552476093750004 0.7975819546875 0.42993782343750003 0.8035064796875 0.4020448265625 0.766824353125 0.419390403125 0.760614971875 0.418954425 0.7686889484375 0.4048425921875 0.76667268125 0.3900222984375 0.7667644375 0.3648652078125 0.76530385 0.3395991234375 0.756481090625 0.31067067812500004 0.74621623125 0.28688338125 0.75378040625 0.27063879687500003 0.7594570468749999 0.27523129062499996 0.761473315625 0.2900515859375 0.772050425 0.299182078125 0.77777294375 0.291196028125 0.7739609 0.272055725 0.7837204078125 0.25701375937500004 0.8304054749999998 0.22883723125 0.787426659375 0.2342074125 0.7717700171875 0.23415659687499998 0.7590390031250001 0.24794144375 0.7383028296874999 0.25697030625 0.723909221875 0.26539601562500004 0.7023095703125 0.2628309625 0.6881409062499999 0.24506045312500002 0.6821105875000001 0.23100680156250003 0.6841083687499999 0.21541986406250002 0.6924257781250001 0.20551904531249998 0.6934039546874999 0.18566659531250002 0.685178303125 0.1704103234375 0.6665272171875 0.1753916625 0.651779934375 0.1743562140625 0.64934116875 0.16894257968749998 0.63847475 0.16817961875 0.63969635625 0.1525381828125 0.6419146296875 0.1474515296875 0.6261018640625 0.1547291171875 0.667757728125 0.08635721406249999 0.6163009265625 0.1456531203125 0.6149276453125 0.131926453125 0.5956565109375 0.12952489218750002 0.5821078953125 0.11913728125 0.5507946140625 0.11903565 0.53229965 0.1166885875 0.5090144671875001 0.1150536703125 0.505909775 0.11483568125000002 0.488324171875 0.1115039859375 0.467656815625 0.10166502968749999 0.4583886203125 0.0884325171875 0.446346471875 0.09073244531249999 0.4385618046875 0.09647674687499999 0.4335052109375 0.09926715 0.442245115625 0.079959671875 0.4414045765625 0.0620764875 0.427833021875 0.05797814999999999 0.4182296375 0.0656917125 0.416608475 0.0844505359375 0.4147209390625 0.10528761874999999 0.3966669609375 0.123941128125 0.38770656406250004 0.13274831874999998 0.3657073546875 0.13330065468750002 0.34497118125 0.142329515625 0.3285154265625 0.148513475 0.31875 0.15390237812500002 0.31875 0.659375
0 0.72191589375 0.24428644687499998 0.7291448796875 0.2489879375 0.734334659375 0.24515840312499998 0.746133375 0.2386474609375 0.7474652296875 0.22825616875 0.743363875 0.2174833953125 0.7301689359375 0.2165569421875 0.7226277 0.22651225625000002 0.72191589375 0.24428644687499998
0 0.166158009375 0.704705759375 0.1562238875 0.6966688953125 0.1511672953125 0.6994592984375 0.1440026734375 0.712586496875 0.13825721562499999 0.7268618203124999 0.14240445156249998 0.7250560484374999 0.15677511718749998 0.7229196109375 0.166158009375 0.704705759375
0 0.701225346875 0.6788430828124999 0.6957734656250001 0.6710592531249999 0.6839025890625 0.6702257656249999 0.6811631546875001 0.670033421875 0.66649886875 0.68380588125 0.6580429156250001 0.7066487875 0.6578592390625 0.7152704359375 0.6750792828125001 0.7103119718750001 0.6851238734375 0.7110172296874999 0.6947523703125 0.7005917140625 0.7004149140625 0.6923547515624999 0.701225346875 0.6788430828124999
0 0.4336417859375 0.7106290671875 0.42652030781250005 0.7014945015625 0.41172631875 0.7090903203125001 0.408776221875 0.724918771875 0.40812247968750004 0.7372079359375 0.42134958125 0.741837165625 0.429124803125 0.7386825671875 0.43450095624999996 0.7254914703125 0.435754465625 0.7157114296875 0.4336417859375 0.7106290671875
1 0.31875 1 0.7085466140625 1 0.705984346875 0.9892807625 0.6972074656249999 0.9477737734374999 0.6823499359375 0.9414881828125001 0.69528295625 0.9077963875 0.69093816875 0.8928125999999998 0.690896740625 0.8686946390625 0.675129853125 0.8633936796875 0.6651039734374999 0.8805139046875 0.6643048609375001 0.8867486796874999 0.6558128390625 0.8735706656250001 0.658876103125 0.8496706921874999 0.657328209375 0.8128651921875001 0.6380800140625 0.804174359375 0.623883959375 0.829389628125 0.622685290625 0.8387417906250001 0.6134400359375001 0.8192200062499999 0.6042362078125001 0.8238161828124999 0.5956983078125 0.8232167125000001 0.5865403578125 0.8152343453125 0.581639890625 0.8106963468749999 0.5737035484375 0.7870725421875 0.5597324390624999 0.7860915921875 0.5499085625 0.7833048703125 0.54163703125 0.7806271421875 0.5266004375 0.787959225 0.5206344875 0.7917342625 0.5034255 0.7915744499999999 0.4886782171875 0.790539003125 0.47342113125 0.7873707999999999 0.4532406375 0.7859538718750001 0.44401832187500007 0.7601428140625 0.42652002499999997 0.7683505359375 0.4203520703125 0.7920325171875 0.39418268749999996 0.8006798984374999 0.3564580171875 0.8200492359375 0.3563891984375 0.8389170546875 0.33374700156250003 0.8383757640624999 0.31875 0.8452347546875 0.31875 1