0 0.4050883328125 0.43184094218749997 0.41133282812500005 0.435359303125 0.4270123859375 0.432460246875 0.42600503749999996 0.4261563171875 0.4260596890625 0.4168003484375 0.42084531406250003 0.41568759843749997 0.4083062234375 0.4172271796875 0.4020116296875 0.422285121875 0.4050883328125 0.43184094218749997
0 0.2245316296875 0.41719745625 0.2224121765625 0.42252186875 0.2244633125 0.428892415625 0.23489206093749998 0.43111791874999994 0.2453435796875 0.42944510156250004 0.2484931546875 0.4265262984375 0.250608053125 0.42198155000000004 0.2485478078125 0.41717033125 0.24751768593749998 0.414764721875 0.23815549531250002 0.4087075171875 0.241273190625 0.4112463609375 0.227703975 0.4103803328125 0.2245316296875 0.41719745625
0 0.302332784375 0.50483815 0.2950581671875 0.49891418125 0.287756221875 0.49766819375000004 0.28460664687500004 0.5005869984375 0.27933761874999996 0.5088302125 0.2824052140625 0.5199453625 0.28865881875 0.5219043953125 0.30225080625 0.518872103125 0.30541404375000003 0.51361430625 0.302332784375 0.50483815
0 0.182082553125 0.3552116765625 0.1747942703125 0.3516266984375 0.165404753125 0.3502474765625 0.1591283765625 0.3521867640625 0.1601220640625 0.36082968437499996 0.1642607703125 0.367333465625 0.171549053125 0.37091844375 0.18408814375 0.36937886249999996 0.185168365625 0.36320816875 0.182082553125 0.3552116765625
0 0.163070421875 0.213606428125 0.156757609375 0.221783028125 0.1525688015625 0.22385555 0.1483617796875 0.22904672656249997 0.1389221640625 0.23624380937499997 0.13576348124999998 0.240721940625 0.1346787046875 0.2476722984375 0.144050003125 0.2521701765625 0.154506078125 0.2497176953125 0.1576693171875 0.2444599 0.1650168046875 0.237909246875 0.167118040625 0.2357034890625 0.167149921875 0.2302458421875 0.16929670000000002 0.2202434453125 0.1735219421875 0.2119336109375 0.16939234375 0.20387050312500002 0.1694014515625 0.202311175 0.163070421875 0.213606428125
0 0.0939246953125 0.0742611890625 0.0949366015625 0.079785453125 0.09799053437500001 0.09323959375 0.09371519218749999 0.11012573125 0.0915775234375 0.1185688 0.0957344484375 0.1219539265625 0.1072206453125 0.12190705312500001 0.11246234531249999 0.118341821875 0.11150053906249999 0.10424125312500002 0.1083919546875 0.10014308125 0.10637270000000001 0.0883148859375 0.10640457968749999 0.0828572390625 0.10645467812500001 0.0742809359375 0.1065093328125 0.0649249671875 0.1065138859375 0.064145303125 0.0939246953125 0.0742611890625
0 0.058546112500000004 0.231893925 0.0627850171875 0.2212450984375 0.0607384359375 0.2140948890625 0.051371690625 0.208817346875 0.0472011015625 0.20777121250000002 0.0430168515625 0.20906407031250002 0.0388234921875 0.21191625625000002 0.038809828125 0.2142552484375 0.0366630484375 0.22425764531249998 0.03973064375 0.2353727921875 0.0522560703125 0.23617220312499998 0.058546112500000004 0.231893925
0 0.0021498046875 0.23375422656249997 0.005244725 0.240191390625 0.0040142109375 0.272090996875 0.0133900625 0.2758092109375 0.016639834375000002 0.2557377984375 0.018813940625 0.24105741875 0.030318353125000003 0.237891890625 0.027250759375 0.22677674374999998 0.02519506875 0.22118585937500002 0.027373728125000003 0.205725815625 0.0106002890625 0.21713455937499998 0.0032937875 0.2166682359375 0.007432496875 0.22317201875 0.0021498046875 0.23375422656249997
0 0.9879368 0.42479516093749997 0.9827315359375 0.42212308125 0.9743675859375 0.42392913437499996 0.965980865625 0.4296335046875 0.9648687625000001 0.441261846875 0.971099596875 0.44711920000000005 0.9836159140625 0.44947793750000004 0.9930327578125 0.446179175 0.9909816234375001 0.43980862812500005 0.988939596875 0.431878753125 0.9879368 0.42479516093749997
0 0.8238438374999999 0.45176008124999995 0.8217016125000001 0.46098281406249997 0.8248056421874999 0.46586065000000004 0.836278175 0.468152771875 0.8446512343749999 0.464787390625 0.8467661312500001 0.46024264375 0.8467843500000001 0.4571239875 0.8468025671875001 0.45400532968749996 0.8478600171874999 0.45173295625 0.83744493125 0.4471684609375 0.8280463062500001 0.44734856875 0.8238438374999999 0.45176008124999995
0 0.576511353125 0.2495654234375 0.571269653125 0.25313065625000003 0.5691228749999999 0.263133053125 0.5732843546875 0.265738515625 0.5837131015625 0.2679640171875 0.58580978125 0.266537925 0.5931117265625 0.2677839109375 0.5931618249999999 0.25920760781249996 0.5931982609374999 0.25297029531250004 0.5859281984375 0.2462666609375 0.576511353125 0.2495654234375
0 0.5298780265625 0.1888725015625 0.526851421875 0.170740378125 0.5111490921875 0.1775377546875 0.5016912578125 0.18785349375 0.500615590625 0.1932445234375 0.5089567671874999 0.195336790625 0.5204520734375 0.1937305921875 0.5298780265625 0.1888725015625
0 0.6378678093750001 0.471088721875 0.6451743078125001 0.47155504375 0.6649925734375 0.4751597703125 0.675471421875 0.46880897031249996 0.6734703828125 0.45386211875000004 0.6536430109375 0.45181672187500005 0.6463274015625 0.45290972656250006 0.6379588984375 0.45549544375 0.63688323125 0.46088647343750005 0.6378678093750001 0.471088721875
0 0.7539870734375 0.5296875 0.7565997734375 0.523123965625 0.7482904781249999 0.51557405 0.7305734484374999 0.5097635671875 0.7190553718749999 0.5152680875 0.7148437921874999 0.5212389281250001 0.713981271875 0.5296875 0.7539870734375 0.5296875
0 0.4162171078125 0.552500578125 0.4047309109375 0.5525474499999999 0.3963077546875 0.5644891328125 0.39937079531249997 0.5763839453124999 0.413947359375 0.5835539015625 0.429645134375 0.5775361890624999 0.42757577968750005 0.5742842984375 0.42762132499999994 0.5664876578125 0.42349627968750003 0.5576448843749999 0.4162171078125 0.552500578125
0 0.4488030078125 0.6941921890625 0.4477592203125 0.694125571875 0.442522075 0.6969111390625 0.438264953125 0.7106786203125 0.44762258906249996 0.7175154906250001 0.47060864531249996 0.71508275625 0.4685575109375 0.708712209375 0.4675273875 0.7063066 0.46235855781249996 0.6973972093749999 0.4488030078125 0.6941921890625
0 0.9041371500000001 0.8921689078125 0.91139355 0.901211534375 0.9239007609375001 0.9051296015625001 0.9364444062499999 0.9028103546875 0.9375428453125 0.8935210046875 0.935509928125 0.8840318015624999 0.9250993968749999 0.8786876421875001 0.9094289484375 0.880027371875 0.9041371500000001 0.8921689078125
0 0.8293899234375001 0.8179823531249999 0.8355979859375001 0.827738025 0.8449556203125 0.8345748953125 0.8522985562500001 0.8288039062500001 0.8554936765625 0.8180884625000001 0.848228165625 0.810605165625 0.8399006515625 0.8061739046875 0.8293899234375001 0.8179823531249999
0 0.7279551609375 0.6648770109375001 0.7195684390625 0.67058138125 0.7184608921875 0.681430059375 0.71842445625 0.6876673703125 0.728853203125 0.689892875 0.7434753125 0.6892661921875 0.7466749874999999 0.6777710859375 0.7456812984375001 0.6691281640625 0.7404805890625 0.6656764203125001 0.7279551609375 0.6648770109375001
0 0.8489432109375 0.688197921875 0.8489933078125 0.6796216171875 0.8469330656249999 0.6748103999999999 0.8333638499999999 0.673944371875 0.8301869500000001 0.6815411593749999 0.8228303499999999 0.6896511390625 0.8269553937499999 0.6984939125 0.8373795890625001 0.7014990812499999 0.8478356609375 0.6990466 0.8489432109375 0.688197921875
0 0.6974940890625 0.6956909890625 0.7080230359374999 0.680763884375 0.720612225 0.670648 0.7248374671875 0.6623381671875 0.7312869125000001 0.630771646875 0.7112773609375 0.659912809375 0.6945403546875 0.6650842406249999 0.68714276875 0.6802111984375 0.692297934375 0.6914595828125 0.6974940890625 0.6956909890625
0 0.516486496875 0.7582342359375 0.523797553125 0.7579208937499999 0.529052915625 0.7520166703125 0.530155909375 0.74194765625 0.524973415625 0.7353772562499999 0.5176714718750001 0.7341312703125 0.5103558625 0.7352242765625 0.5019645875000001 0.7417083109375 0.5008843656249999 0.7478790046875 0.50396106875 0.757434825 0.516486496875 0.7582342359375
1 0.4796875 1 0.9587230109375 1 0.9495262953125 0.9871004265625001 0.9558163375 0.9828221484374999 0.9694128781250001 0.9790101921875 0.968455625 0.964129959375 0.9476026859375001 0.9588992890625001 0.934060796875 0.9533552765625 0.9330762203125001 0.9431530296874999 0.9111658281250001 0.9401947328125001 0.90073708125 0.9379692296875 0.89765126875 0.9299727375 0.9019266078125 0.9130866000000001 0.9030250468750001 0.90379725 0.8842961125000001 0.8924625031250001 0.8895788031249999 0.8818802937499999 0.870827096875 0.87444386875 0.8803532453125001 0.8524331703125 0.8773403046875 0.8319620546875001 0.8531510546875 0.8616164109375 0.8490260124999999 0.8527736359375 0.8407303781250001 0.842884728125 0.8334694234375 0.8346217671874999 0.8168417250000001 0.8210812640625 0.793937646875 0.8094800453125 0.78039120625 0.8047156984375 0.7616167265625 0.8011775906249999 0.73652488125 0.806595746875 0.738671659375 0.79659335 0.754569828125 0.7562704234375 0.7126316703125 0.78557194375 0.6844221296875 0.7884512562499999 0.6855615593750001 0.772144928125 0.6876946734375 0.7644815250000001 0.6825258453125 0.7555721328125 0.6700322984375 0.7493150749999999 0.650145715625 0.757405309375 0.629224459375 0.7638695999999999 0.6156233640625001 0.76846121875 0.5968352218749999 0.7672621046874999 0.581164775 0.768601834375 0.5822541046875 0.7608718109374999 0.5750159203124999 0.7487105281249999 0.5446823734375 0.7576939171875 0.5342445171875 0.757027740625 0.5227264390624999 0.7625322609375 0.5091207890625 0.7679035437499999 0.495578903125 0.7623595328125 0.480952240625 0.76376588125 0.4796875 0.7662532625 0.4796875 1