0 0 0.1963590890625 0.00009111406249999999 0.1964824765625 0.00871214375 0.2015143921875 0.020150325 0.2021369015625 0.025531123437499997 0.194872728125 0.02369946875 0.18037193437500001 0.0127683078125 0.1766401453125 0 0.178589346875 0 0.1963590890625
0 0.2869707453125 0.0519723546875 0.30059230625 0.0520720578125 0.3048037671875 0.039112129687500004 0.29759131562499996 0.031875509375 0.2861388609375 0.02490718125 0.2806313078125 0.032948675 0.2782086890625 0.0413719390625 0.2869707453125 0.0519723546875
0 0.405690790625 0.0444602 0.40014042656250004 0.033464235937499996 0.397309 0.031527823437500005 0.38267339843750003 0.0376466828125 0.37461647343750004 0.054888759375 0.372461634375 0.068103203125 0.3835195515625 0.07105767187499999 0.39918346875 0.06506607343750001 0.4040572421875 0.0609111796875 0.4145938703125 0.060629112500000006 0.4100718171875 0.04976040625 0.405690790625 0.0444602
1 0.5390625 0.359375 0.5390625 0.1529509734375 0.53828926875 0.15127248437500002 0.52403393125 0.15505938125000002 0.5275276718749999 0.1658008296875 0.5067222015625 0.17115614375 0.496678325 0.16198311406250002 0.49781912031250003 0.15498723125 0.4791827546875 0.153473921875 0.46120870781249995 0.16076564843750002 0.4516861234375 0.1548291546875 0.4407406890625 0.144751546875 0.4322606859375 0.145288128125 0.42786538749999997 0.133642103125 0.40600306249999996 0.126178521875 0.398326403125 0.14108864062499998 0.396917825 0.14329334375 0.3934811671875 0.15793517031249998 0.3900159671875 0.15988535937499998 0.3687731453125 0.142189359375 0.35617989687499996 0.1422169125 0.357124265625 0.16215894687500002 0.349701115625 0.175514425 0.3355725328125 0.17852400156249998 0.3052587453125 0.184288640625 0.265957934375 0.19369914375 0.255421309375 0.1939812125 0.261366209375 0.20899103437500002 0.23764536875000003 0.2322247125 0.2280942421875 0.21359658124999997 0.21450122187499998 0.226188515625 0.22043185312500002 0.23485251875 0.207838603125 0.234880071875 0.1862155171875 0.2195160328125 0.1609308046875 0.2330400984375 0.17741233125 0.2477678515625 0.178215675 0.2621413875 0.17346865312499998 0.2655189578125 0.1487891734375 0.2624647859375 0.135294365625 0.2615877609375 0.10693898906249999 0.28107587343749996 0.111982334375 0.2951811171875 0.09874103749999999 0.292749453125 0.09395120312500001 0.2770895703125 0.0765966609375 0.27414887656250003 0.0673703984375 0.28569520000000004 0.07332956874999999 0.3070508390625 0.0835002015625 0.31544655 0.08004927187500001 0.3237425578125 0.06978042500000001 0.3288158046875 0.06775234375 0.3412529265625 0.06521724062499999 0.35679933125 0.065746025 0.359375 0.5390625 0.359375
0 0.5968574828125 0.1993527859375 0.5814185375 0.191098109375 0.570769428125 0.198503315625 0.56962863125 0.2054991984375 0.579024459375 0.2122130125 0.5930405578125 0.21632657187499998 0.6096202984375 0.21758536875 0.6151278515625 0.209543875 0.5968574828125 0.1993527859375
0 0.714451003125 0.20518233125 0.707126065625 0.20506885000000002 0.6935045046875 0.2049691453125 0.690053575 0.2132651546875 0.6913496671875 0.2181835890625 0.702802121875 0.2251519171875 0.717959015625 0.222269596875 0.714451003125 0.20518233125
0 0.854640515625 0.259009584375 0.8664732359375 0.263645953125 0.8793199953125 0.2620637578125 0.887912484375 0.25440403749999996 0.8847990078125001 0.2413306265625 0.8697545984375001 0.23708980937500002 0.8587109515625 0.24048115781249998 0.8551332671875 0.249554484375 0.854640515625 0.259009584375
0 0.7833628984375001 0.359375 0.7876483265625 0.35460292656250003 0.7875073 0.349034428125 0.7869860078124999 0.34579788906250003 0.7770688874999999 0.33584753749999996 0.767828353125 0.3410480421875 0.7642506671875 0.3501213703125 0.768631696875 0.3554215765625 0.77524480625 0.359375 0.7833628984375001 0.359375
0 0.9732321265625 0.194385059375 0.9649770921874999 0.1806753640625 0.9561168234374999 0.18354390781250002 0.947777846875 0.1896489890625 0.9490882093749999 0.20091324375 0.9552723499999999 0.20802260625 0.9655411953125 0.20294935937499997 0.9732321265625 0.194385059375
0 1 0.0658137515625 0.9954142734375001 0.058354025 0.993596890625 0.0501990515625 0.9802288390625 0.0485447078125 0.977411684375 0.052954115625 0.9760173796875 0.061504635937499996 0.97527111875 0.072514378125 0.9850472140625002 0.0768962296875 0.995710596875 0.075836840625 1 0.06957395 1 0.0658137515625
0 0.0129085828125 0.745230353125 0.007472975 0.7482894734375 0.005683490625 0.75926340625 0.0134231109375 0.7723495484375 0.0173674828125 0.778435371875 0.0300785484375 0.78374020625 0.042921953125 0.780664878125 0.0391099140625 0.766198890625 0.0419600546875 0.7562891687500001 0.026365268749999997 0.7459627171875 0.0129085828125 0.745230353125
0 0.059823295312500004 0.6997240234375 0.059243589062500004 0.710847671875 0.059856871874999995 0.7146553640625 0.0710599140625 0.7216394734375 0.0851130953125 0.718713859375 0.08826148125 0.706975146875 0.08007449062500001 0.6966324875 0.059823295312500004 0.6997240234375
0 0.38155323281250003 0.573474340625 0.383061259375 0.571795065625 0.3706484390625 0.564661240625 0.3606719640625 0.5652925156249999 0.351308775 0.5697314812500001 0.3558664265625 0.579624996875 0.3719085859375 0.587207965625 0.38155323281250003 0.573474340625
0 0.45198505000000005 0.5653974484375001 0.46123269375 0.576804315625 0.4763465296875 0.5749429109374999 0.482991915625 0.572033503125 0.4858420546875 0.5621237812500001 0.4794781265625 0.555738528125 0.4713079234375 0.5528615390625 0.4595251765625 0.5570010765625 0.45198505000000005 0.5653974484375001
1 0.5390625 1 0.5390625 0.69465810625 0.5213601640625 0.6924673796875 0.4997500640625 0.6963236953124999 0.4829455046875 0.68584753125 0.46769933437500005 0.6960890984375 0.441846615625 0.6956885796875 0.42615307343750003 0.7086736312499999 0.3803641984375 0.7170013281250001 0.3432096828125 0.7329282015625 0.3018125484375 0.744598240625 0.2842959453125 0.753625884375 0.2626522703125 0.7425508640625 0.23452911875 0.7409364203125 0.20506385468750002 0.7475524281249999 0.19495504531250002 0.7565638640625 0.19182344843750002 0.7757682453125 0.17929508125 0.784480253125 0.1398533453125 0.7917275359375 0.1432180109375 0.8089370046875001 0.1601716984375 0.8184986765625 0.153228065625 0.8232370687499999 0.15704010156249998 0.8377030578125 0.1548032453125 0.8514204718750001 0.1398553234375 0.8598330515625001 0.119305878125 0.8647535765625001 0.11632340468749999 0.8830434624999999 0.11090458750000001 0.8935682515625001 0.10866773125 0.9072856671875 0.1257705421875 0.9159328437500001 0.1221915734375 0.937880709375 0.11798253125 0.9485552109375 0.11876172812500001 0.9589140781250001 0.10956445156250001 0.9699042171875 0.1160942921875 0.98284064375 0.10887355624999999 1 0.5390625 1
0 0.7704156484375 0.45556363906249997 0.7614286234375001 0.45920950312500003 0.7591184890625 0.4605096296875 0.7543857375 0.4702330203125 0.7597950765625 0.47566048437499997 0.7626265015625 0.4775968953125 0.7699514390625 0.47771037656250004 0.77700859375 0.47303267968749996 0.77789588125 0.4675914375 0.774923428125 0.4600865265625 0.7704156484375 0.45556363906249997
0 0.8930793703125 0.43030037656250003 0.8911352328125 0.422922721875 0.8862329140625 0.414385978125 0.876978109375 0.41324066249999997 0.8679910859375 0.41688652499999995 0.8656952234374999 0.4245324703125 0.8664700249999999 0.4262143671875 0.869822740625 0.43138731875 0.8730487 0.4373375890625 0.8843601296875001 0.43873741875 0.8889803953125 0.4361371671875 0.8930793703125 0.43030037656250003
0 0.87436074375 0.50649153125 0.8846438609374999 0.507764103125 0.8890106187499999 0.5067184921875001 0.8954197265625 0.4995815765625 0.8968140343750001 0.49103105468749997 0.8947431390624999 0.484430721875 0.8910101578124999 0.48158973125 0.8784026390624999 0.4752714671875 0.868387303125 0.4787900734375 0.8645418375 0.4830722234375 0.8619924640625 0.4922728078125 0.86148544375 0.4953820875 0.8609784234375001 0.49849137031249996 0.8674160734375 0.5040460906249999 0.87436074375 0.50649153125
0 0.9587964625 0.5676931749999999 0.9734463359374999 0.5679201359375 0.9810105124999999 0.56013315625 0.9767562390624999 0.5540556296875 0.9703185890625001 0.5485009078124999 0.9663320984375 0.5472145578125 0.959133915625 0.5463237578125 0.9533728531250001 0.5559198921874999 0.953513878125 0.561488390625 0.9587964625 0.5676931749999999
1 1 1 1 0.571206246875 0.9898993203125 0.5699562515625 0.984152528125 0.585898203125 0.9881532906250001 0.593530371875 0.9563881140625 0.5824622578125 0.9485561578125001 0.5854580593750001 0.9502467875 0.594390353125 0.92977876875 0.5783762515624999 0.9052260437499999 0.57454475625 0.8772081203125 0.572663453125 0.8398229078125 0.576759971875 0.831469659375 0.576519234375 0.8231306828125 0.5826243156249999 0.8212293546874999 0.59428411875 0.8032553078125 0.6015758453125001 0.7955501046875 0.6037943234375 0.786577353125 0.6137860078124999 0.753051875 0.6199461968750001 0.7408674312500001 0.630333425 0.71634325 0.6391935703125 0.6785777703125 0.6456220500000001 0.6649562109375 0.645522346875 0.6400089484375 0.6376769953125001 0.6279512609375 0.6472869046875 0.6317127828125 0.6628195328125 0.6327696375 0.675638428125 0.616204165625 0.68072545 0.6027236296874999 0.6861942453125 0.58896104375 0.6805260421874999 0.5833124656249999 0.6829990390624999 0.5618446765625 0.679549315625 0.549265696875 0.6859226875 0.5475196671875 0.7094968093749999 0.55536589375 0.712846828125 0.551914965625 0.721142834375 0.560169996875 0.7348525312499999 0.5565923140625 0.7439258578125 0.547605290625 0.7475717203125 0.5390625 0.7523795390625001 0.5390625 0.7841564765625 0.5466626015625 0.785519378125 0.5390625 0.7881894593750001 0.5390625 0.96786891875 0.5467104546875 0.9782259 0.5586842015625 0.9884307671875 0.555478503125 1 1 1