0 0.031922640625 0.4705395171875 0.0199687515625 0.46160773125 0.0101250625 0.4615901734375 0.0071178140625 0.4673601140625 0.004150078125 0.4779153765625 0.016552490625 0.479505078125 0.031922640625 0.4705395171875
0 0.107783434375 0.49080586875 0.0980187734375 0.5003589578125001 0.0985858359375 0.5073728359375 0.10948462656249999 0.5118475078125 0.12335115156250001 0.5057669171875 0.124678925 0.5021390953125 0.1245998984375 0.4925684515625 0.1193065984375 0.48868130625 0.107783434375 0.49080586875
0 0.1979909515625 0.41927048750000007 0.20841949999999998 0.40790348749999994 0.204902496875 0.3930464359375 0.1962502453125 0.393443528125 0.1801766984375 0.3994376765625 0.1782245484375 0.4096647328125 0.1801589 0.41783611093750006 0.1979909515625 0.41927048750000007
0 0.338553153125 0.17712345000000002 0.326502440625 0.177019453125 0.31525195156249997 0.1710590765625 0.30107324062499996 0.180439284375 0.302343703125 0.19042457343750002 0.3176565421875 0.19507212499999999 0.32812460468750004 0.1884904484375 0.338553153125 0.17712345000000002
0 0.280413709375 0.2270998890625 0.26266068593749997 0.2352361546875 0.2862740734375 0.2380009125 0.2975245640625 0.24396128906249998 0.307113375 0.23366535000000002 0.30262029687499997 0.223921825 0.2928161234375 0.228689590625 0.280413709375 0.2270998890625
1 0.4796875 0.6390625 0.4796875 0.2431602859375 0.4742229078125 0.24683405937499997 0.45281654375 0.24415574375000001 0.451216096875 0.255868503125 0.43912587031249994 0.2509791859375 0.4395348796875 0.238851778125 0.42668394374999996 0.2446041625 0.3986169890625 0.236881203125 0.377953540625 0.24195962031249998 0.37979106875 0.25895878906249997 0.36522114375000003 0.26206796718750003 0.34686154375 0.258405034375 0.33762443124999997 0.270186678125 0.3525282609375 0.2869616390625 0.3579005859375 0.3004194265625 0.3441704 0.30245754687500004 0.33251090156249996 0.30862457656250003 0.3013793890625 0.3202846703125 0.273237328125 0.344573259375 0.25216486875 0.36177908125 0.23507573124999998 0.3681014359375 0.24181142812499998 0.3411345328125 0.22892097812499998 0.34210159687499997 0.22304281406249998 0.34959900625 0.1917927625 0.3469031359375 0.1644074953125 0.3189678296875 0.1794693765625 0.354884075 0.18638484375 0.3702422140625 0.20200986875 0.3715901515625 0.20535102031250002 0.3857043515625 0.2253327859375 0.40083828125 0.22080411562500002 0.4278916234375 0.21217358281249998 0.45147247031250004 0.203815721875 0.4669683796875 0.18762363437500001 0.4586065625 0.17623680625 0.45668865625 0.1561404203125 0.4687809515625 0.1510446859375 0.48882041718749997 0.161767625 0.492552234375 0.1621983515625 0.5036085828125 0.1549529015625 0.5099484953125 0.1647392796875 0.5235791625 0.1435482796875 0.5264290218750001 0.15466243125 0.53643186875 0.13603015624999998 0.5408538703125 0.10142115468749999 0.5424422328125 0.1325348703125 0.5491805750000001 0.136012359375 0.5592523046875 0.1392566875 0.5821942953125 0.13839915625000002 0.6016637890625 0.1363896953125 0.6255039578125 0.1395993109375 0.6390625 0.4796875 0.6390625
0 0.533139053125 0.5932487656250001 0.5461085328124999 0.6018523453125 0.56778756875 0.5964457234375 0.5741142546875 0.5816062265624999 0.5672383015625 0.5710334109375 0.5539961515625 0.5705147671875 0.5336844015625 0.5770788875 0.528997678125 0.5849909453125 0.533139053125 0.5932487656250001
0 0.612601915625 0.4947978078125 0.6079151921875 0.5027098640625 0.6062752296875 0.5096373046875 0.6085217703125 0.514509065625 0.6144789578125 0.5165822984374999 0.6215880703125001 0.51428485625 0.6305129921875 0.505802828125 0.634144615625 0.49343365625 0.6313705281249999 0.486333334375 0.625940890625 0.4864886609375 0.612601915625 0.4947978078125
0 0.639497346875 0.2989804921875 0.645278684375 0.300310871875 0.658305471875 0.295301340625 0.6578747453125 0.2842449921875 0.6524055921875 0.2796149953125 0.6425619046875 0.279597440625 0.63275773125 0.28436520625 0.63297309375 0.2898933796875 0.6345557453125 0.2965790546875 0.639497346875 0.2989804921875
0 0.67282804375 0.204242459375 0.681735171875 0.21415886562500003 0.7015193703125 0.2053661859375 0.6979055437499999 0.1993369234375 0.69614704375 0.19190839843750002 0.6923573656249999 0.18513628437500002 0.6836656031249999 0.180748053125 0.669447378125 0.1853429390625 0.6708936921875 0.19607107968749998 0.67282804375 0.204242459375
0 0.7267549234375 0.2196019390625 0.7377327390625 0.233647253125 0.7462091390625 0.232507309375 0.7527511875 0.22319598749999997 0.7483944484375 0.20940999374999997 0.7282368328125 0.1935332109375 0.7294677828125 0.19873318125 0.729058771875 0.21086058749999997 0.7267549234375 0.2196019390625
0 0.7544523796875 0.244237625 0.7445118671875 0.2530478609375 0.74627036875 0.2604763859375 0.7485169078125 0.26534815 0.7649816703125 0.26562502656250003 0.77660165625 0.254672675 0.7746673046874999 0.2465012953125 0.7698225265625 0.23527206562499997 0.7544523796875 0.244237625
1 1 0.6390625 1 0.24120118124999998 0.9967944140625 0.2426897296875 0.986190015625 0.2533138765625 0.9711715671875 0.26376514218749997 0.954746315625 0.2682735859375 0.9556650812499999 0.2767731703125 0.9617012968750001 0.28841704687499997 0.9641631984375 0.29881698437500004 0.9526005218750001 0.29615622343750003 0.9460940671875001 0.2686706765625 0.9170727546874999 0.2892450015625 0.9214294953125 0.3030309953125 0.8987348703125001 0.30876582343750003 0.89676100625 0.29580912187499997 0.86912478125 0.2991425125 0.8679155453125 0.3171263 0.8521936984374999 0.3246061546875 0.8368808578125 0.3199586015625 0.8290683453125001 0.319284634375 0.80938096875 0.319249521875 0.7869412203125 0.3352978453125 0.7786623875 0.3603643984375 0.7858900390625 0.3724229203125 0.783098153125 0.383721034375 0.75991549375 0.3920126265625 0.76167399375 0.399441153125 0.7416744312500001 0.4027056578125 0.723472884375 0.418184009375 0.6978500343749999 0.439259421875 0.6841988750000001 0.4508681859375 0.6859968875 0.4630820328125 0.6855878765625001 0.47520944062500003 0.6678743671875 0.4881310296875 0.6436761171875001 0.49675082656249997 0.62732989375 0.5108299140625 0.6230343828125 0.5250129984374999 0.5857915499999999 0.5570407625 0.589620740625 0.5685981984375 0.5754815437499999 0.5827637265625001 0.5786468453125 0.596135071875 0.568042446875 0.6067592187499999 0.571480421875 0.612045628125 0.5561497875 0.625796509375 0.54829165 0.6390625 1 0.6390625
1 0.4796875 0.6390625 0 0.6390625 0 0.953754703125 0.02916414375 0.9552560812499999 0.05703745 0.9806346218750001 0.0701432625 0.985195734375 0.08408881406249999 0.9886857875 0.092428878125 0.9915883125 0.4796875 0.8657796140624999 0.4796875 0.6390625
0 0.6599766640625 0.8338466203125 0.6462859875 0.8406700624999999 0.643669953125 0.8527110296875 0.6558965156250001 0.853557878125 0.6631814796875 0.8520032875 0.673121990625 0.843193053125 0.6754258390625 0.8344517031249999 0.67370685 0.8318084984375 0.6599766640625 0.8338466203125
0 0.6959629093749999 0.7318529421875 0.708950184375 0.7220580890624999 0.70855896875 0.7157870625 0.7030898203125 0.7111570656249999 0.69139080625 0.7125387734374999 0.68564898125 0.715993715625 0.6852004578124999 0.7233358015625 0.6866072593749999 0.729278621875 0.6959629093749999 0.7318529421875
0 0.7242630218749999 0.7267056421875 0.716274659375 0.7252888203125 0.7061187859375 0.72857088125 0.7063736625000001 0.7388843781250001 0.706764875 0.7451554046875 0.7142256875 0.7443436671875 0.723365975 0.7413898125 0.7313148249999999 0.7380213109375 0.7309236109375 0.731750284375 0.7242630218749999 0.7267056421875
0 0.751673928125 0.8194068921875001 0.7488998390624999 0.812306571875 0.73800105 0.8078319 0.7271812875 0.8129278718749999 0.7204633874999999 0.821496340625 0.720366565625 0.8303241328125001 0.725308165625 0.8327255703125 0.7338240796875001 0.8363709500000001 0.746011128125 0.8324324765625001 0.751049553125 0.8260061249999999 0.751673928125 0.8194068921875001
0 0.7618885984375 0.6390625 0.7565208234374999 0.6459089265625 0.7565998484375 0.6554795703125 0.7627328875 0.6582956546875 0.7705453999999999 0.658969625 0.7776545125000001 0.6566721828125 0.7803100625 0.6494165359374999 0.7780635234375 0.644544775 0.776344534375 0.6419015703125 0.7681868015625 0.6390625 0.7618885984375 0.6390625
1 1 0.6390625 0.8054746359375 0.6390625 0.8048600109375 0.64228244375 0.7962867875 0.652250178125 0.7948621906250001 0.664705790625 0.774159228125 0.6649988859375 0.7720134296875 0.692881521875 0.7841036578125 0.6977708406249999 0.7861170359375 0.7155128625 0.7906891406250001 0.7348270296875 0.7938544421875 0.7481983765625 0.7853602453125 0.7677367546875 0.797041459375 0.7847534796875 0.7939373875 0.7993512109375 0.7842912671875 0.8232602625000001 0.7974365953125 0.8326066953125 0.819234171875 0.8415560390625 0.8259342734375 0.8513860046874999 0.8414624749999999 0.8615617312499999 0.8530646640625001 0.8690078124999999 0.8608198671875 0.8832948937499999 0.876075396875 0.9015555578125 0.89248285 0.9154455484374999 0.9022297125 0.9242908953125 0.9250033656250001 0.9281267109375 0.936566040625 0.9307874703125 0.9526791031249999 0.9295786421875001 0.9600035796874999 0.932809375 0.96600028125 0.939667928125 0.9634632734374999 0.9612795390625 0.9789124499999999 0.9618846218750001 0.9851818234374999 0.9606582390625 0.9989515250000001 0.9634054390625 1 0.9641579390625001 1 0.6390625