0 0.300426496875 0.261441990625 0.290824534375 0.26107332968749997 0.28269930468750004 0.266865909375 0.2914382328125 0.28348022031250003 0.3045897875 0.28211988906249996 0.3142125265625 0.27926750624999996 0.3180705765625 0.2689022515625 0.310808378125 0.2584491828125 0.300426496875 0.261441990625
0 0.20626083125 0.1662583953125 0.243930309375 0.16465241875 0.2457570515625 0.155735309375 0.21900325468749998 0.149960134375 0.201872196875 0.1413325765625 0.197747246875 0.153892003125 0.20626083125 0.1662583953125
0 0.207758340625 0.1691985921875 0.19471067343749998 0.154453696875 0.185271725 0.167996090625 0.1872199203125 0.17943212656250002 0.19632963750000001 0.1777470390625 0.207758340625 0.1691985921875
0 0.1747268328125 0.1570778453125 0.1743177 0.14213991718750002 0.156632065625 0.141121746875 0.1555436875 0.15311947812499999 0.16434495 0.1600706515625 0.1747268328125 0.1570778453125
1 0 0 0 0.3844324125 0.0054841890625 0.3771262984375 0.024871896875 0.38855362968749996 0.0333854828125 0.4009200203125 0.054149246875 0.39493440625 0.039645628125 0.37080722499999996 0.03472319375 0.3502697515625 0.051095109375 0.3590377328125 0.057251365624999995 0.3450301609375 0.0386227984375 0.33346240625 0.05364265 0.3167428765625 0.06078339218749999 0.30684279999999997 0.07245821875 0.299321225 0.0810341359375 0.30202448125000003 0.0912322296875 0.288341665625 0.07943595 0.2755100953125 0.082780978125 0.2663121390625 0.09148477656250001 0.2100097109375 0.1089242890625 0.21000100625 0.130897884375 0.21237080625 0.13828475 0.20349760312499998 0.0959597359375 0.1823719328125 0.0962889703125 0.1705146265625 0.1091944015625 0.16812742187500002 0.10855992656249999 0.148941575 0.12000940625 0.13717208125 0.118861909375 0.11915353437500001 0.097976690625 0.104786003125 0.08240547499999999 0.089435509375 0.0878025875 0.0755683625 0.0772992515625 0.0582080234375 0.0690941234375 0.037205371875 0.0875181234375 0.041304164062499996 0.073187190625 0 0 0
0 0.7766166765625 0.3517898921875 0.784988028125 0.3470241859375 0.78603485 0.34146854531250004 0.779060328125 0.3256002609375 0.7661341171875 0.3312085109375 0.767569290625 0.34381184375 0.7766166765625 0.3517898921875
0 0.750535696875 0.3984378890625 0.7394985625 0.3854658953125 0.73217403125 0.38467596249999997 0.7230227578124999 0.392803140625 0.7269399265625001 0.4124541625 0.7367256765625 0.423512834375 0.746348415625 0.42066045 0.752730015625 0.41090079843750005 0.750535696875 0.3984378890625
0 0.710817346875 0.365033640625 0.7009484875 0.36685915156250004 0.7116563875 0.3916884515625 0.7218337046875 0.3812266796875 0.7201108515625 0.3740385640625 0.71736195625 0.3691850421875 0.710817346875 0.365033640625
0 0.47934103125 0.398199778125 0.48724091718749996 0.388159278125 0.4847796984375 0.37789054218749996 0.4795280296875 0.36921037343749996 0.4703975359375 0.3741165046875 0.4635029140625 0.3850434546875 0.4652049890625 0.395452615625 0.47378090625 0.3981558703125 0.47934103125 0.398199778125
0 0.86876238125 0.0548485359375 0.8795741734375 0.0635726125 0.8917204625 0.06132583125 0.8948193671875 0.051100999999999994 0.8865726828125 0.0365404359375 0.881054115625 0.0300544390625 0.8700761 0.047098725 0.86876238125 0.0548485359375
1 0.3296875 0 0.3296875 0.26258101875 0.33210089531250003 0.2635033015625 0.34847280937499997 0.27227128437500003 0.3638602390625 0.2769317703125 0.3797606890625 0.280424959375 0.396645625 0.28802564531249997 0.41428970468750004 0.29548590468749997 0.43035316406249996 0.3128901484375 0.44323781874999996 0.3137239875 0.46898635156249996 0.3186127125 0.49024235781250003 0.31468084531249996 0.500131996875 0.3096342890625 0.511006121875 0.30869522968749996 0.5263935515625 0.3133557171875 0.533780415625 0.3044825140625 0.5433616 0.308072221875 0.5615810328124999 0.3047020484375 0.5772561390625001 0.30394731875000003 0.587904921875 0.298760340625 0.58852183125 0.2814878171875 0.5907784828125 0.28428759062500003 0.6002765546875001 0.3007614765625 0.62104031875 0.2947758625 0.6193797984375 0.2779246109375 0.61816996875 0.2695691984375 0.630049359375 0.26951658749999996 0.6378661343750001 0.27236026875 0.6501962109375 0.2808034953125 0.6564563578125 0.2506907 0.6580753203125 0.273984040625 0.6722113625 0.276731203125 0.690205453125 0.26911311250000003 0.6888533906250001 0.24362560000000003 0.6859622625 0.22163997968750002 0.6903748890625 0.20366533750000002 0.6897196359375 0.1877005359375 0.698829353125 0.18601545 0.70555775 0.20085686093750002 0.723181053125 0.2115381671875 0.7288450656250001 0.19547684999999998 0.7176033640625 0.175035890625 0.7040634546875 0.15823725 0.7075331515625 0.129713021875 0.705401165625 0.1075869765625 0.7085416265625 0.0909200578125 0.71494400625 0.07793936093750001 0.7216963953125 0.0498803125 0.73166914375 0.031949575 0.74316018125 0.0137379921875 0.7517984328125 0.006778115625 0.7599233953125 0 0.3296875 0
0 0.4864050875 0.321825053125 0.47674079375 0.331119528125 0.4822178046875 0.34404761562499997 0.4865057640625 0.34539924375000003 0.492578909375 0.3442758515625 0.49992421875000004 0.341844740625 0.49748377968749996 0.32835495937500003 0.4864050875 0.321825053125
0 0.9814527234374999 0.1777051140625 0.9853523265625 0.16089777031250002 0.9805721250000001 0.15749239375 0.9664776390625001 0.14830313906249998 0.9578186093750001 0.15848406406249999 0.9718715390625 0.17411540625 0.9814527234374999 0.1777051140625
0 0.759394578125 0.20054990312499998 0.7459761234375 0.20410440625 0.7438617062499999 0.2184367328125 0.7518622671874999 0.2319704203125 0.759432921875 0.2337872265625 0.7718253328125 0.2325673203125 0.768688084375 0.20955482656250002 0.759394578125 0.20054990312499998
0 0.116207675 1 0.1171090609375 0.9976218015625001 0.106543390625 0.9899245999999999 0.09515624375000001 0.9920309578125 0.0922581359375 1 0.116207675 1
1 0.3296875 0.4390625 0 0.4390625 0 0.944878828125 0.002197196875 0.944882190625 0.0258728671875 0.9576611515625 0.0457320421875 0.974363275 0.0767737984375 0.9814900765625 0.0919566609375 0.9786816 0.1109352390625 0.9751710046875001 0.12004495625 0.97348591875 0.13875663437500002 0.9721694937500001 0.1476410078125 0.9662364875 0.1554785609375 0.965859125 0.178970440625 0.967948075 0.19107517499999999 0.9721433843749999 0.21112135156249998 0.959856103125 0.23237735937499998 0.9559242343750001 0.2365438640625 0.9369227171875 0.2297946875 0.9253023515625 0.24421840625 0.9226342984375 0.24871093125 0.9314548921875 0.2626008515625 0.93317518125 0.2767784484375 0.9294802531249999 0.288082484375 0.9402580781250001 0.30585123125 0.9283920671875 0.303001659375 0.8999643578125 0.30355623593750003 0.89235496875 0.30011053125 0.8779787375 0.3075805078125 0.8562213546875 0.3156641828125 0.8568708656249999 0.32643441875 0.8720370296875 0.3296875 0.8701850906249999 0.3296875 0.8356394874999999 0.3294534265625 0.8350169640624999 0.32350495 0.8168140843749999 0.31092874843749996 0.8073439828125 0.3256817015625 0.792818625 0.318461059375 0.7759234671874999 0.32330359531249997 0.76966570625 0.32441274999999997 0.7544469312500001 0.3296875 0.753471225 0.3296875 0.4390625
0 0.75825133125 0.9541862328124999 0.76063265 0.9376597359375001 0.7512975890625 0.9350969046875001 0.7447322 0.934166546875 0.7353555843749999 0.9380458062500001 0.7395812078125 0.9490605671874999 0.7468849609375 0.9530715453124999 0.7519320640625 0.95428275 0.75825133125 0.9541862328124999
0 0.8131814593750001 0.6276672765625 0.8217573765624999 0.63037053125 0.8246101609375 0.619118828125 0.81334768125 0.601898915625 0.8040333984375 0.5961150375 0.8029034656250001 0.6145548562500001 0.8131814593750001 0.6276672765625
0 0.8393039921875001 0.5745771890625 0.8492559640625 0.5598675 0.8437581734374999 0.55016045625 0.8372135640625 0.54600905625 0.8271193593749999 0.5435866468749999 0.819486371875 0.551432975 0.8244711406250002 0.5623073140625 0.8292305656250001 0.568933734375 0.8393039921875001 0.5745771890625
0 0.7213778375000001 0.75403366875 0.7037337578124999 0.7465734078125 0.6941110187499999 0.7494257921875 0.6932895421875 0.75922935 0.6977405109375 0.7744920343749999 0.7070547953125 0.780275909375 0.7166983109375 0.77420248125 0.7235929328124999 0.7632755328125 0.7213778375000001 0.75403366875
0 0.6570072578125 0.859239578125 0.6512425671875001 0.85172670625 0.642645871875 0.8522444953124999 0.6327770125 0.8540700062500001 0.6332276984374999 0.86256584375 0.6422543046875 0.8737649375000001 0.648573571875 0.8736684218749999 0.655898103125 0.8744583531250001 0.658955453125 0.8706756125 0.6570072578125 0.859239578125
0 0.5571231734375 0.945277046875 0.5485888125 0.9361317 0.54782966875 0.936272125 0.5391706390625 0.9464530484375 0.5415903 0.963163875 0.546862746875 0.9686229984375 0.5518267375000001 0.9827183828125001 0.5607318890625 0.9735643343749999 0.5603227578125 0.9586264046874999 0.5571231734375 0.945277046875
0 0.736730134375 0.685777415625 0.7273950734375 0.6832145828125 0.724050046875 0.6924125421875 0.72447995625 0.7041294234375 0.7292393796875001 0.7107558453125 0.739867384375 0.7087899109375 0.7434377546875 0.703839871875 0.7472958046875 0.6934746171875 0.736730134375 0.685777415625
1 0.3296875 0.4390625 0.3296875 0.8984132359375 0.3304542640625 0.8992686875 0.3517102703125 0.89533681875 0.358542559375 0.8940730046875001 0.36765227500000003 0.8923879171875001 0.3815629734375 0.8908871625 0.3971549671875 0.9030166125000001 0.407782971875 0.9010506796875 0.412275496875 0.909871271875 0.41473671406249996 0.920140009375 0.409935734375 0.9199556781249999 0.40103058281250004 0.9291097296874999 0.40146049218749996 0.9408266109374999 0.41319443749999996 0.9633213156250001 0.42788505781249997 0.9584590921875 0.44788967656250006 0.9526139015624999 0.45771698125000004 0.9572304796874999 0.4655960890625 0.950411025 0.46190426406250007 0.93500791875 0.45669415156250004 0.9198856609374999 0.4701541609375 0.9098890687499999 0.49040490312500007 0.9050707515624999 0.5144513625 0.8995503140625001 0.5415759484375 0.8870260921875002 0.5486751359375 0.88356810625 0.569172 0.8797766609375 0.59118715 0.8757043703124999 0.6138192109375 0.8543595578125001 0.6224159078125 0.8538417671874999 0.6270746546874999 0.8368939984375 0.6377649906249999 0.8252649312500001 0.6479007515624999 0.8212452499999999 0.6579326234374999 0.8333307937499999 0.6696490031250001 0.8193671296874999 0.6639466484375001 0.8021911234375001 0.6675585749999999 0.7907989953125 0.665118134375 0.7773092140625 0.65637920625 0.7606949015625 0.6662480671875001 0.7588693921875 0.672341990625 0.75452495625 0.6827862046875 0.7418690140624999 0.698235965625 0.736866365625 0.709089315625 0.73914835 0.72700029375 0.7444144406250001 0.7295654015624999 0.7385779515625 0.746245771875 0.7387096734374999 0.7648743390625 0.750277428125 0.7870940546875 0.7536741 0.78036565625 0.738832690625 0.7584543953125 0.7267997546875 0.7461243171875 0.718356528125 0.7322551734375 0.7134151937500001 0.720909584375 0.7090794625 0.7161917140625 0.6960109515624999 0.72134270625 0.681116928125 0.7229648828125 0.6647308562500001 0.728691228125 0.639006403125 0.7286113296875 0.61221116875 0.7206315437499999 0.5954564343750001 0.7252487359374999 0.5849507578125 0.7383795125 0.5868114703125 0.7571119703125 0.582274 0.7868607828124999 0.5939295687499999 0.7761528796875 0.56910026875 0.7499952171875 0.5492736171875 0.75081669375 0.5394700578125 0.7738163296875 0.5395052609375 0.793963184375 0.5507921703124999 0.7945593171875001 0.5367406921875 0.8145847156249999 0.52767445625 0.7838098578125 0.5183534812499999 0.764689046875 0.5047319781249999 0.7414432890625 0.5036699 0.7430446859375001 0.49050487187499997 0.73510645625 0.4673080484375 0.711881475 0.46302492656250005 0.7036763468749999 0.44202227499999996 0.7036954390625001 0.4390625 0.3296875 0.4390625