0 0.139534390625 0.3390625 0.1388673875 0.3223762984375 0.1302840328125 0.316920375 0.12277694218749999 0.31652754375000003 0.11503689843750001 0.322798265625 0.1107530203125 0.3390625 0.139534390625 0.3390625
0 0.320479665625 0 0.3204601734375 0.000049843749999999995 0.3339755734375 0.01215145 0.337880553125 0 0.320479665625 0
0 0.39289126093750004 0.0483652703125 0.3795966171875 0.0456824015625 0.3753014 0.06050478593750001 0.37239774375 0.07341280156249999 0.3835164390625 0.08270124375 0.3951670453125 0.07678093750000001 0.4006323515625 0.0607419890625 0.39289126093750004 0.0483652703125
0 0.4245214953125 0.0554620609375 0.4151486234375 0.04299999375 0.3993982578125 0.034478434375 0.40905733125 0.053564540625000004 0.41668444375 0.069200275 0.4245015234375 0.0794042640625 0.4336284109375 0.075528565625 0.43008081249999996 0.0601063015625 0.4245214953125 0.0554620609375
0 0.5154665796875 0.049337739062500004 0.5271172484375 0.0434174390625 0.5285409734375001 0.0260787109375 0.5248034078125 0.016088131250000002 0.51738435 0.017876553125 0.5096612171875 0.028355709375 0.5076115062500001 0.0402200765625 0.5154665796875 0.049337739062500004
0 0.20080842968749998 0.1417052328125 0.20917544375000002 0.1595563515625 0.20879550624999998 0.1704197609375 0.22073134687499998 0.1774510046875 0.226859375 0.16810002968749999 0.2314708015625 0.1531047109375 0.2250955328125 0.148417771875 0.21323693437500002 0.13691394375 0.20080842968749998 0.1417052328125
0 0.2434971375 0.169122178125 0.2548460515625 0.18588944999999998 0.2627391203125 0.1939207515625 0.27746331875 0.193602925 0.277103353125 0.1805241296875 0.2659466640625 0.1723220109375 0.2546000046875 0.169551640625 0.2434971375 0.169122178125
0 0.27522363906249997 0.2108989765625 0.26772853125 0.214860103125 0.26734859375000003 0.22572351406250002 0.27431178749999996 0.2369711765625 0.28328670312500004 0.2374408140625 0.2856351015625 0.2202877640625 0.27522363906249997 0.2108989765625
0 0.30835365000000003 0.19848433125 0.302832265625 0.1927537640625 0.29249152968750003 0.18459434218749998 0.28526237656250003 0.18095107500000002 0.2739457625 0.174795540625 0.2775772984375 0.190343909375 0.28672226875 0.20932405156249997 0.299510740625 0.2176115171875 0.3119392453125 0.2128202296875 0.30835365000000003 0.19848433125
0 0.312833071875 0.163892190625 0.30384946875 0.166840225 0.30243430625 0.1807613359375 0.3069117765625 0.1929672375 0.31992826875 0.194736715625 0.3302509859375 0.18004025937499998 0.32573552031249997 0.1689206828125 0.312833071875 0.163892190625
1 0.659375 0.087566303125 0.6540482203125 0.06007715 0.6423596796875 0.0670838265625 0.627995446875 0.0804804421875 0.6185844578124999 0.06910469375 0.6082057890625 0.0620316203125 0.5979589359374999 0.0745553796875 0.5868782968749999 0.064180596875 0.5768414468749999 0.047330453125 0.5624772140625 0.0607270703125 0.5718120921875001 0.0742755015625 0.5670866875 0.092529815625 0.5494028171875 0.08398616249999999 0.5484169296875 0.06543296875 0.536102409375 0.06696524375 0.5098415828125 0.069944378125 0.500372690625 0.0835971625 0.48156891718750006 0.0837015328125 0.47177811406250003 0.08318919999999999 0.4526324 0.0930706328125 0.4470350890625 0.0895127578125 0.435706453125 0.1095982453125 0.42468182812500005 0.12099293281250001 0.41157132656249995 0.0985403046875 0.413031221875 0.1269132578125 0.4059540421875 0.11892465468749999 0.39838294687500003 0.1250584109375 0.39762307343750003 0.14678523125 0.386200428125 0.1461875078125 0.38354476718749997 0.1286353125 0.3707182453125 0.12143410624999999 0.3598076 0.129569821875 0.3490868640625 0.132273846875 0.3555561421875 0.1576438921875 0.3671107890625 0.17783845781250002 0.35682606875 0.19144855 0.3416078890625 0.2058888390625 0.3172248296875 0.22529115000000002 0.29109600625 0.24786713124999998 0.2707164703125 0.2696556484375 0.2648712265625 0.29655800781249997 0.2624795703125 0.3181994390625 0.25709018906250003 0.3320656921875 0.25962154375 0.3390625 0.659375 0.3390625 0.659375 0.11041903281250001 0.649852775 0.1099207546875 0.6486769203125 0.09679926562499999 0.659375 0.088822121875 0.659375 0.087566303125
1 1 0.3390625 1 0.05480926093750001 0.9953107421875 0.0683407125 0.98852939375 0.0778002390625 0.9668820312499999 0.0643995 0.9619198796875 0.04819146875 0.9400155515625 0.04213806875 0.95064553125 0.0807250453125 0.9520997187500001 0.0918423203125 0.9403133921875 0.0863183734375 0.9288472953125 0.0979863546875 0.940119690625 0.118204978125 0.9036471875000001 0.1334716171875 0.8995192 0.11976083125 0.8799888765624999 0.12487283906249999 0.8836457609374999 0.1520537453125 0.880372371875 0.16660402968750002 0.8690980234375001 0.19913760625000002 0.8673216515625001 0.2235806078125 0.8554924968750001 0.2192812171875 0.78515998125 0.17511653437500002 0.8304004359375 0.2253289890625 0.8541648374999999 0.257242475 0.8330090171875 0.256135434375 0.8229542796875 0.28014524375 0.813670440625 0.282113034375 0.8053696859375 0.3086682265625 0.8235519140625 0.315753653125 0.8311878625 0.33455519218749996 0.829495940625 0.3390625 1 0.3390625
0 0.7252617906250001 0.254177634375 0.7362996093749999 0.2547552203125 0.7297547890625 0.2311035859375 0.706010821875 0.224953921875 0.694758865625 0.2304991171875 0.7090905078125 0.2422902421875 0.7252617906250001 0.254177634375
0 0.72611834375 0.2296865 0.7321287937500001 0.24226899375 0.7456691046875 0.250338315625 0.7517019453125 0.2359324296875 0.74472885 0.22452635937499998 0.7301402390625 0.2200825765625 0.72611834375 0.2296865
0 0.7635515374999999 0.2659956390625 0.771744246875 0.26887794375 0.78445039375 0.274450021875 0.788215321875 0.2721934359375 0.7915315375 0.2564185953125 0.777991228125 0.2483492734375 0.7706326812500001 0.2479642171875 0.7630599968749999 0.253701940625 0.7610490484375 0.258503903125 0.7635515374999999 0.2659956390625
0 0.3101283890625 0.36676859687499996 0.30208460000000004 0.38597644531249997 0.3113032203125 0.412221590625 0.32405219375 0.41656911093750004 0.318555675 0.389291940625 0.3101283890625 0.36676859687499996
0 0.4762485390625 0.4650175640625 0.47584265312499996 0.4502747484375 0.4602485703125 0.448231946875 0.45188454843750003 0.4502478703125 0.44598018906250003 0.46098008593749995 0.464739615625 0.4779100984375 0.4762485390625 0.4650175640625
1 0.659375 1 0.659375 0.6461153890625 0.6415958390625 0.63806075 0.6227507578125 0.6235798499999999 0.613552575 0.623098528125 0.5991781031250001 0.6125319578124999 0.57763683125 0.6224459265625001 0.563519325 0.60453201875 0.5361165234375 0.623953646875 0.5130354125000001 0.6251994562500001 0.4887775125 0.6337444718749999 0.481270046875 0.6112692609374999 0.46291650625 0.6090820609375001 0.45942898281250005 0.629755128125 0.4498249125 0.6145309921875001 0.42928911562499994 0.62204398125 0.4373737796875 0.6543637765625 0.41653818749999993 0.670448659375 0.4010725875 0.6647321859374999 0.38158509218750003 0.6686196359375 0.3703107421875 0.7011532125000001 0.36352939375000004 0.7106127390625 0.34188203125 0.697212 0.33691987968750003 0.68100396875 0.3150155515625 0.67495056875 0.32564553125 0.7135375453125 0.32709971875 0.7246548203125001 0.3153133921875 0.7191308734375 0.3038472953125 0.7307988546875 0.315119690625 0.751017478125 0.2786471875 0.7662841171875 0.27451919999999996 0.75257333125 0.2549888765625 0.7576853390625 0.2586457609375 0.7848662453124999 0.255372371875 0.7994165296875 0.2440980234375 0.8319501062499999 0.24232165156250002 0.8563931078125 0.230492496875 0.8520937171875002 0.16015998125 0.807929034375 0.2054004359375 0.8581414890625 0.2291648375 0.890054975 0.20800901718749998 0.8889479343750001 0.19795427968749998 0.91295774375 0.188670440625 0.9149255343749999 0.1803696859375 0.9414807265625 0.1985519140625 0.9485661531249999 0.20618786249999999 0.9673676921875 0.202123140625 0.9781961734374999 0.20407740625 1 0.659375 1
0 0.100261790625 0.886990134375 0.11129960937500001 0.8875677203125001 0.10475478906249999 0.8639160859375 0.081010821875 0.857766421875 0.069758865625 0.8633116171874999 0.0840905078125 0.8751027421875002 0.100261790625 0.886990134375
0 0.10111834374999999 0.862499 0.10712879374999999 0.87508149375 0.1206691046875 0.8831508156249999 0.1267019453125 0.8687449296875001 0.11972885 0.857338859375 0.1051402390625 0.8528950765625 0.10111834374999999 0.862499
0 0.1385515375 0.8988081390625 0.146744246875 0.90169044375 0.15945039375 0.907262521875 0.163215321875 0.9050059359375 0.1665315375 0.8892310953125001 0.152991228125 0.8811617734375 0.14563268125 0.8807767171875 0.13805999687499998 0.886514440625 0.13604904843750001 0.891316403125 0.1385515375 0.8988081390625
0 0.310102090625 0.4992613796875 0.3044118703125 0.5038708109375 0.306528909375 0.5223835593749999 0.3183580640625 0.5266829468750001 0.3243052515625 0.5147261750000001 0.317417809375 0.5008709921875 0.310102090625 0.4992613796875
0 0.59321829375 0.3877161046875 0.5772387625000001 0.3966943109375 0.5825863609375 0.401881328125 0.5858373546875 0.41431942499999996 0.59591253125 0.41607343593749996 0.602651053125 0.407838465625 0.6021595109375 0.3955447671875 0.59321829375 0.3877161046875
0 0.6061531546875 0.571185825 0.606132715625 0.5454220046875 0.5999081265624999 0.53896229375 0.589832953125 0.537208284375 0.578495340625 0.54520259375 0.5767189671875 0.5696455953124999 0.5903021046875 0.5764903609375001 0.6061531546875 0.571185825
0 0.5109631515624999 0.55270995 0.5151563578125 0.5382078 0.509894415625 0.5305716671875 0.50161605 0.5301384765625 0.49036409062499997 0.5356836734375 0.49620323125 0.5531643921875 0.5080323875 0.55746378125 0.5109631515624999 0.55270995
0 0.417780190625 0.6349365140625001 0.42267907656250003 0.6266052796875 0.4213105453125 0.61303889375 0.4142517921875 0.6040819390625 0.40409096250000004 0.604777040625 0.40120302499999994 0.6083063125 0.4008604046875 0.61810276875 0.40687085468750006 0.630685259375 0.417780190625 0.6349365140625001
0 0.3979929015625 0.6473958640624999 0.39206810625 0.6323642578124999 0.37747949531249997 0.627920471875 0.371617965625 0.6374281328125 0.374077625 0.6461444249999999 0.3845586859375 0.6626412484374999 0.3974789703125 0.6620905421875 0.3979929015625 0.6473958640624999
0 0.7236511703125 0.584677321875 0.7201787859375 0.5719822828125001 0.7155969234375 0.5686141890625 0.707851275 0.5661233203125 0.7061783734375 0.5691641140625 0.7018323015625 0.5814500296875 0.7092867218750001 0.5922678859375 0.7168867578125 0.5989222468750001 0.7216870421875 0.596045103125 0.7236511703125 0.584677321875
0 0.767263234375 0.793429515625 0.7542266843750001 0.7854478921875 0.74000785 0.7888749625 0.7380073171875 0.801283615625 0.7398068 0.8170194500000001 0.7544798484374999 0.8230011515625 0.768844296875 0.8154105890625001 0.767263234375 0.793429515625
0 0.7769870640625001 0.8961305968750001 0.7640233203125 0.886067228125 0.7505135234375 0.89161695625 0.7376035562500001 0.9024119625000001 0.73734873125 0.909698075 0.7455485937499999 0.9215977171875 0.7674038671875 0.9237841359375001 0.7785681249999999 0.9181116703125 0.7769870640625001 0.8961305968750001
0 0.7460905624999999 0.5253704 0.7359993765625 0.52275679375 0.7385807062499999 0.538533540625 0.747526009375 0.5515149671875 0.7585256234375 0.572946115625 0.76872601875 0.5724371046875 0.7699811109375 0.558946665625 0.756381134375 0.544678890625 0.7460905624999999 0.5253704
1 1 1 1 0.371812471875 0.9911598734375 0.3713498859375 0.987850471875 0.3763906015625 0.9729954078125 0.375613265625 0.9552313796874999 0.368427040625 0.9445577390625001 0.38246740468749996 0.9423023796875001 0.40216217031249996 0.9489749546875 0.41293911406249995 0.9484289 0.4285522109375 0.9401372 0.4416744375 0.9231359859375001 0.45746925000000005 0.90120790625 0.457364575 0.8882441640625001 0.44730120625 0.8690620593749999 0.43586966406250005 0.8586258703125 0.42072466718749996 0.8430253625 0.41886554687500005 0.8010969296875 0.40832929218749997 0.84300633125 0.44180566718750003 0.850278734375 0.45782788906250005 0.8433687046875 0.47623630781250004 0.8477685515625 0.4848087671875 0.8597874609374999 0.47709546875 0.8642063390625001 0.4627278046875 0.8706067187500001 0.4588916125 0.8754971812499999 0.47583196875 0.861404928125 0.49803566718750003 0.847912503125 0.5254846453125 0.8423477453125001 0.5502201281250001 0.838346678125 0.5750374328125 0.8339278 0.5894050953125 0.8396729171875 0.6043046203125 0.8334181515625 0.603977321875 0.7997086125 0.5824005859375 0.8010712546875001 0.6106268984375001 0.8005252015625001 0.6262399953125 0.7880156734375 0.6255853968749999 0.7809236265624999 0.6491981796875 0.795378253125 0.661425121875 0.804214346875 0.67752916875 0.8005773156250001 0.6919377421874999 0.8219055687499999 0.6867971390625 0.81510475 0.7020829375 0.8128493921875 0.7217777015625 0.809066746875 0.74034976875 0.793175009375 0.7468176328125 0.798701703125 0.767962396875 0.7885550828125 0.789329784375 0.8069553421875 0.8007204125000001 0.805663846875 0.8152517265625001 0.804935775 0.8360691890624998 0.823972265625 0.851664221875 0.839063125 0.8680955687499999 0.8254805203125001 0.8757270437500001 0.8235701656250001 0.9079531984375 0.7967325921875 0.9138482890624999 0.829915109375 0.928098 0.82929625 0.94579284375 0.8514601203125001 0.9615515281250001 0.8628047375 0.9955140671875 0.86397724375 1 1 1
0 0.8834265078125 0.42827910312500006 0.8941175203124999 0.4361379875 0.89866298125 0.44054695468750005 0.9066270515625 0.43679258593750003 0.9088096015625 0.41917956562500003 0.902918871875 0.4084435359375 0.889627496875 0.40774802499999996 0.8837905421875 0.41787037187500004 0.8834265078125 0.42827910312500006