0 0.1482562890625 0.156712371875 0.1416538484375 0.1632966328125 0.14230755 0.16954155625 0.143206390625 0.178128325 0.15038081875 0.1770083703125 0.152617428125 0.178472646875 0.16281991875 0.176426646875 0.16672114843750002 0.17389089375 0.16358570156250002 0.163839846875 0.157994178125 0.1601791546875 0.1482562890625 0.156712371875
0 0.1985940734375 0.10023215468749999 0.20849538750000002 0.10526017031249998 0.2201430359375 0.1070687671875 0.2282723453125 0.105119721875 0.2266637640625 0.0997038921875 0.216190459375 0.08921156875 0.19982445625 0.0821325703125 0.1985940734375 0.10023215468749999
0 0.2488407546875 0.10258894999999998 0.25091393906250004 0.10249199687499999 0.24744694374999998 0.11912730468749999 0.25369216875 0.12903291875 0.268694728125 0.1330379328125 0.274260578125 0.12650214843750002 0.2714263078125 0.1093770875 0.261744459375 0.0964944421875 0.25552490781250004 0.09678530468749999 0.2488407546875 0.10258894999999998
0 0.2939511265625 0.1553899 0.2849229765625 0.1487521765625 0.2712021484375 0.14704053125 0.262991125 0.1482089640625 0.2575069890625 0.1555253640625 0.25529605312500003 0.1642575640625 0.256031465625 0.17128310156249998 0.263777884375 0.17562745468750002 0.27709015312499996 0.1734360234375 0.288957265625 0.1673899921875 0.2939511265625 0.1553899
0 0.80797734375 0.0961224390625 0.8024932078125 0.1034388390625 0.827723934375 0.11559432968750001 0.8459740234375 0.1108186671875 0.8481032468749999 0.10130585156250001 0.841531171875 0.088277775 0.8337030421874999 0.08315280625 0.8202273484375 0.083783009375 0.8070785062500001 0.08753567031250001 0.80797734375 0.0961224390625
0 0.8032123406250001 0.040650271875 0.7943732890625 0.0457702578125 0.8210795375 0.042168009374999996 0.827600265625 0.0348031328125 0.8236733656249999 0.027142409375 0.8133634859375001 0.0182113171875 0.8025890062500001 0.0147930125 0.79415851875 0.023816073437499998 0.7973756812499999 0.034647734375 0.8032123406250001 0.040650271875
0 0.7236352171875 0.0765336609375 0.7259278640625 0.06858207656250001 0.718263159375 0.0650183390625 0.705824059375 0.0656000625 0.6994667546875 0.0745261703125 0.705466840625 0.08208993906249999 0.7161596078125 0.08472763125 0.7236352171875 0.0765336609375
0 0.5995989234375 0.25491038593750004 0.6058745156249999 0.2452036640625 0.5993841546875001 0.232956203125 0.5848718671875 0.2336348796875 0.5766608468750001 0.23480331250000003 0.57390359375 0.2482676796875 0.577912209375 0.25670901874999996 0.591796465625 0.25998189531250004 0.5995989234375 0.25491038593750004
1 1 0.3 1 0.1608794046875 0.99706189375 0.1610168078125 0.989943503125 0.1527209015625 0.949516425 0.1546115046875 0.9408407999999999 0.1612927203125 0.9417396390625001 0.1698794890625 0.917898028125 0.17099446093749998 0.901230846875 0.17098947656250002 0.9055663125000001 0.18255327500000001 0.882107590625 0.177374846875 0.861431796875 0.1689285265625 0.8400719328124999 0.17384961875 0.8256156875 0.1651124359375 0.8118388171875001 0.17281665156249998 0.7990985375 0.180472390625 0.807034053125 0.1965744515625 0.8007584624999999 0.2062811734375 0.7794803109374999 0.21198288281250002 0.7721937999999999 0.2319345609375 0.749879059375 0.237684746875 0.7212630515624999 0.2429451796875 0.722652165625 0.2562156390625 0.7086301578125 0.2615780109375 0.7041009 0.2680653171875 0.686151990625 0.265766965625 0.676628871875 0.284254365625 0.6641640953125 0.2746396125 0.64534201875 0.27395096875 0.6148722953125001 0.27145372343749996 0.6113235890625 0.287308415625 0.6286444703124999 0.29355832187500003 0.6310595671875 0.3 1 0.3
0 0.9471210859374999 0.12177718281250001 0.9321185249999999 0.11777216875 0.9154770156249998 0.1279636625 0.9153392640625 0.1365989078125 0.928513778125 0.143042721875 0.9472541421875 0.14295075156249998 0.9511553718750001 0.1404149984375 0.9507468093749999 0.136511921875 0.9471210859374999 0.12177718281250001
0 0.0280241953125 0.7721286921875 0.0328546296875 0.75856736875 0.01618745 0.7585623859374999 0.002737428125 0.7693890640625 0.0172753875 0.7789068625 0.0280241953125 0.7721286921875
0 0.1060137171875 0.7708347640625 0.1197905859375 0.7631305484375 0.11019045000000001 0.75102851875 0.09679647031250001 0.752439334375 0.09393183125 0.7549266109375 0.08885625781249999 0.7661460890625 0.08599162187500001 0.7686333656250001 0.1060137171875 0.7708347640625
0 0.1691290375 0.8165182046874999 0.16659125156250001 0.82212794375 0.18647559375 0.8329645859374999 0.1998439015625 0.8213572953125 0.19758161875 0.8096965421875 0.1907900796875 0.8045230953125 0.1833705125 0.803301203125 0.17101312500000002 0.8046635421874999 0.1696753546875 0.811786034375 0.1691290375 0.8165182046874999
0 0.15015042812499999 0.9437000624999999 0.13964675625 0.952820078125 0.144855390625 0.9627741703125 0.150283484375 0.9648736312499999 0.1628860125 0.9658531374999999 0.1700604421875 0.9647331843749999 0.1733896828125 0.9567331218749999 0.167062746875 0.9460468921875 0.15015042812499999 0.9437000624999999
0 0.2828623453125 0.758642121875 0.301194146875 0.7546470750000001 0.3029148078125 0.74123118125 0.29301349375 0.7362031671875 0.277464615625 0.7369303234375 0.27061703593750003 0.7411727375 0.2694426921875 0.7498564609375 0.2828623453125 0.758642121875
0 0.3488307171875 0.7022153656250001 0.336146478125 0.70045524375 0.3262708359375 0.7056237046875 0.325969659375 0.7126977203125 0.33180631875 0.7187002578125 0.34113564531249996 0.7182639640625 0.349019815625 0.7139730734375 0.3488307171875 0.7022153656250001
0 0.4450634359375 0.5667140390625001 0.4482292515625 0.5571527484375001 0.44580354375000003 0.5439307640625 0.43502906250000006 0.5405124578125 0.4204607375 0.5506069968749999 0.418658365625 0.5632422734375 0.426731634375 0.5707090875 0.4450634359375 0.5667140390625001
1 0.509375 1 0.509375 0.6223068421875 0.4901177671875 0.62893085 0.46971278281249995 0.6330228515625 0.47677513125 0.6507346187499999 0.48700329687500005 0.658885096875 0.486400940625 0.6730331265625 0.464964059375 0.647364790625 0.43842593281250003 0.6227194546874999 0.4233976984375 0.6085179640625 0.4019351453125 0.5726531515625 0.39748759843750003 0.579921075 0.405913390625 0.6007068265625 0.37525456875 0.5864518750000001 0.370561884375 0.5913779515625001 0.402037834375 0.6134390562500001 0.41540144687499997 0.6316405796875 0.426584490625 0.6389619625 0.44944085468750006 0.6582884218749999 0.46607766875 0.6779057421875001 0.4713680125 0.6886404484374999 0.46891193906249995 0.695030803125 0.452627646875 0.6887324203125 0.43778851406249997 0.6862886359375 0.4250482328125 0.6939443765625001 0.3951504984375 0.6969114390625 0.36353210156250004 0.71329439375 0.334860053125 0.7279706890625001 0.3131219953125 0.7093763671875 0.300279025 0.6762462 0.279986121875 0.661506478125 0.2765191265625 0.6781417859375 0.2742521515625 0.696289846875 0.2884072171875 0.7121010453125 0.2998610734375 0.731960753125 0.31521615625 0.7492847046875 0.3219516546875 0.7638740109375 0.30626502499999997 0.7732364109375001 0.30470779062500003 0.788213534375 0.29308581562499997 0.7966014125 0.2743197796875 0.78649690625 0.24818551718749998 0.7955634609375 0.238636728125 0.803854384375 0.24744540937499998 0.8183467375 0.24048575 0.8414208765625 0.24042971093749999 0.8508367359375001 0.2192076 0.847122584375 0.2398273546875 0.8649847671875002 0.2299517125 0.8701532296875001 0.2090307796875 0.8593650609375001 0.191791609375 0.8538957703125 0.12488244374999999 0.8217251765625001 0.1824062453125 0.863747925 0.1939161375 0.8741917703125001 0.2165834046875 0.881760521875 0.2120798203125 0.8984443062499998 0.20332248125 0.9043449062499999 0.20397618281250002 0.9105898296875001 0.202010384375 0.9216638750000001 0.205799534375 0.9379598437500001 0.19357520156250002 0.9604957515624999 0.19848265625 0.9775238578125001 0.1943619609375 0.9879142421874999 0.2052998671875 0.9928937796875001 0.204914225 1 0.509375 1
0 0.609939653125 0.3581639546875 0.6127482484375 0.36509254062499996 0.6289508265625 0.3706103078125 0.6352264187500001 0.3609035828125 0.6355275953125 0.35382956875 0.630809240625 0.34855916875 0.6182067140624999 0.3475796625 0.609939653125 0.3581639546875
0 0.7073292265625 0.3 0.7051777296875 0.3027216890625 0.70583143125 0.3089666125 0.706648559375 0.316772765625 0.7134400984375 0.3219462109375 0.723806015625 0.321461440625 0.7317718984375 0.3179511640625 0.73237425625 0.303803134375 0.7293573562500001 0.3 0.7073292265625 0.3
0 0.7223818390625001 0.35761213281250004 0.71212330625 0.36907399375 0.7124758296875 0.3823929328125 0.7308333031250001 0.3885943609375 0.7417455359374999 0.383377421875 0.7459479453125001 0.373767653125 0.749358896875 0.36654820624999995 0.7411222046875 0.3575201609375 0.728519678125 0.35654065468749996 0.7223818390625001 0.35761213281250004
0 0.8435719734375 0.4107773375 0.8329334265625 0.39858430624999996 0.823304740625 0.40623409375 0.8228401359374999 0.41174687656250003 0.8230292359375 0.423504584375 0.84024273125 0.4187773984375 0.8435719734375 0.4107773375
1 1 1 1 0.40050012031249993 0.9870045281250001 0.3977941125 0.974698484375 0.4195494046875 0.9720229453125 0.433794390625 0.9450715593750001 0.435054790625 0.935282325 0.411195053125 0.9110578234375 0.41860342500000003 0.9124469390625001 0.431873884375 0.9078359671874999 0.43758057812499995 0.86743925625 0.41985884218749997 0.8587636312499999 0.4265400578125 0.852488040625 0.4362467828125 0.8263537812500001 0.4453133375 0.8134500765624999 0.4514078453125 0.773977875 0.45246935468749994 0.7387641234375 0.4345052359375 0.728097028125 0.442064021875 0.7227202765625 0.4603575125 0.694645890625 0.490694590625 0.6674189984375001 0.509225484375 0.6520592203125 0.5217103468750001 0.6171676234375 0.5366775015625 0.590078484375 0.5465731500000001 0.5762199 0.5534967515625 0.5407866828125 0.5433872609374999 0.5276635125 0.5573364 0.5444380796875 0.5683184750000001 0.550846728125 0.5797853203125 0.53657958125 0.58280584375 0.517155146875 0.5962652296875 0.509375 0.5937969046875 0.509375 0.8750850187499999 0.5247215578125 0.8775241578124999 0.5455047390625001 0.8969475718750001 0.5500293015625 0.920269078125 0.56442950625 0.9384221234375001 0.5726918734375 0.9576466437499999 0.5804639640625 0.9721874734375 0.6013031843750001 0.982195025 0.6167143078125 0.9901031171875001 0.631831296875 1 1 1