0 0.5269046796875 0.31673358125 0.519701040625 0.32277469999999997 0.5256955999999999 0.331339 0.5379582953125001 0.3391397546875 0.5488059421875 0.3419492625 0.5550740765625 0.34118571875 0.5607106843749999 0.3353354859375 0.56484105 0.32760328125 0.5645742874999999 0.3100794671875 0.550440584375 0.312833865625 0.5386574328125 0.3153019359375 0.5269046796875 0.31673358125
0 0.3083474796875 0.2886224140625 0.319468703125 0.2821040765625 0.32130931406249996 0.2725853484375 0.3176653046875 0.263734721875 0.31064405 0.26355728125 0.3050986359375 0.2662982359375 0.3009378734375 0.27506686406249997 0.30072509062499997 0.28232185468750004 0.3083474796875 0.2886224140625
0 0.2626608515625 0.06285745625 0.262296084375 0.07529458125 0.2645250453125 0.079153959375 0.2691045578125 0.0827270109375 0.2799522046875 0.085536515625 0.2841737625 0.07469503281249999 0.28447773593750003 0.0643307625 0.28155645156250003 0.057457546875 0.27227583593750004 0.054457154687499995 0.2637179453125 0.053434171875000006 0.2626608515625 0.06285745625
0 0.1845971515625 0.409375 0.18163365625 0.40319937968749997 0.16608490781250002 0.40096253125 0.16276845625 0.40756286406250003 0.16258005 0.409375 0.1845971515625 0.409375
1 0 0 0 0.409375 0.155511846875 0.409375 0.1574054265625 0.40408525468749995 0.169796525 0.380888646875 0.18240040468750002 0.3504370484375 0.191481865625 0.30698911562500003 0.19757443125000002 0.28559247656250003 0.21381550625 0.2908431640625 0.234666490625 0.2986304734375 0.25415640625 0.326205340625 0.267020234375 0.34012921406249996 0.287324065625 0.3665722078125 0.288266384375 0.33444297500000003 0.27461903906249996 0.3206145421875 0.2604921515625 0.296517284375 0.22765205000000002 0.2716013765625 0.23211678593750001 0.2524684765625 0.24869223125 0.24631846875000002 0.2609921375 0.226231140625 0.23315029687500002 0.21722996249999998 0.23062417656249998 0.19688319375000002 0.2263486359375 0.18294587499999998 0.20920245468749998 0.1819363390625 0.210563521875 0.162148784375 0.21114107187500003 0.1424566734375 0.215842175 0.141884015625 0.22765572343749998 0.1383795171875 0.23164091562500003 0.1089777921875 0.23237045312500001 0.084103546875 0.220381334375 0.0669749484375 0.21857793593750002 0.048605592187500005 0.2050217828125 0.03166788125 0.1939073734375 0.011334559375 0.1945332890625 0 0 0
1 1 0 0.6 0 0.6 0.409375 0.9123290687499999 0.409375 0.9112541515625001 0.4027976953125 0.9234020718749999 0.3878925015625 0.9336553999999999 0.35772723281249996 0.9385388859375 0.3509360140625 0.94638086875 0.323129928125 0.965192090625 0.293987640625 0.9698931921874999 0.2934149828125 0.9856243250000001 0.2894332703125 0.9895791218750001 0.261067971875 0.98156838125 0.24138930625000002 0.9942870375 0.2336436578125 0.9920040953125 0.20500547500000002 1 0.2057994140625 1 0.1754084671875 0.9983398390625 0.1753174203125 0.9989173890625 0.15562530937500002 1 0.1541197765625 1 0
0 0.3305733859375 0.9649784546875001 0.32479160937499996 0.94915916875 0.3175339890625 0.9304214859375 0.3087937125 0.935617065625 0.3075238375 0.9522953390625 0.3094488265625 0.9665189875 0.3146294703125 0.97621515625 0.3216811234375 0.9753561703125001 0.3305733859375 0.9649784546875001
0 0.315447059375 0.8418614281250001 0.320566909375 0.8536304515625 0.325207215625 0.8551306453125 0.333886696875 0.8520079218750001 0.335848896875 0.838343484375 0.3368451953125 0.830993053125 0.3205737234375 0.8267787921875 0.315447059375 0.8418614281250001
0 0.051053851562499995 0.9391297015625 0.053829965625 0.9243333953124999 0.0518745796875 0.9111461765625 0.048770909375 0.91049151875 0.04081415 0.9155916562499999 0.0349951609375 0.9276604531250001 0.035565896875 0.93482 0.039932628125 0.9456480375 0.051053851562499995 0.9391297015625
0 0.149949415625 0.8413667874999999 0.1440392328125 0.856544865625 0.1492806734375 0.8641681796875 0.15554880937499999 0.8634046359374998 0.16266125625 0.860472796875 0.1644106734375 0.85406335 0.16239449374999998 0.84294898125 0.15624794687500002 0.8395668171875 0.149949415625 0.8413667874999999
0 0.127798159375 0.851294178125 0.1340966921875 0.8494942078125 0.1443432078125 0.8461805968749999 0.14464718125 0.8358163265624998 0.1409423765625 0.829038553125 0.1340427109375 0.824715403125 0.12774417968750001 0.8265153749999999 0.1267174828125 0.8349022312500001 0.12644390781249998 0.8442300750000001 0.127798159375 0.851294178125
0 0.0300105296875 0.8580424093750001 0.0360658828125 0.8645338531250001 0.039861878125 0.868202346875 0.048541359374999996 0.8650796203125001 0.0550526734375 0.8560246609375 0.056954078124999995 0.8444330796875 0.049392484375000004 0.8360596656249999 0.041587714062499996 0.83597766875 0.0352587828125 0.838814065625 0.030375296875000003 0.8456052843750002 0.0300105296875 0.8580424093750001
0 0.302350540625 0.676155453125 0.305119840625 0.6882108046875001 0.314491646875 0.688101915625 0.32395464375 0.684883746875 0.32895971875 0.6739468203125 0.327065128125 0.6586867453125 0.31468084531249996 0.655031696875 0.3058493765625 0.663336559375 0.302350540625 0.676155453125
0 0.2018575453125 0.7751456796875 0.21132054375 0.7719275109374999 0.21783185781249997 0.7628725515625 0.20954754375 0.752521728125 0.206443871875 0.751867071875 0.20098965156249998 0.7514987453125 0.194599925 0.756407996875 0.1943871453125 0.7636629859375 0.19730843125 0.7705362015625 0.2018575453125 0.7751456796875
0 0.3704761609375 0.5893698015625001 0.3765315171875 0.595861246875 0.38740956249999997 0.5976343281250001 0.39467399531249997 0.5895203515625 0.398834759375 0.5807517234375 0.3866024609375 0.5719145390625 0.377017875 0.5792784156249999 0.3704761609375 0.5893698015625001
0 0.5199187890625 0.445173334375 0.5136506546875 0.44593687812500005 0.511779646875 0.45649203125 0.51292111875 0.470811125 0.5245826796874999 0.47248876093750003 0.5332317640625 0.4704024609375 0.5365178187499999 0.46483855468749996 0.5368825859374999 0.4524014328125 0.5308576296874999 0.44487355937500006 0.5199187890625 0.445173334375
0 0.5310667375 0.5708404296875 0.5314619031250001 0.5573668796875 0.5237179249999999 0.5552120281249999 0.515312021875 0.5490069125 0.5065717453125 0.5542024921875 0.503917221875 0.5648530890625001 0.5067473140625001 0.5748355859375 0.5176861546875 0.5745358140625 0.526304840625 0.573485940625 0.5310667375 0.5708404296875
0 0.53082723125 0.4459099859375 0.539324328125 0.44900582343749995 0.5712661406249999 0.451311225 0.5412865296875 0.43534138593750005 0.5355047500000001 0.4195220984375 0.5200471921875 0.41417596874999996 0.5089259703125 0.42069430468749996 0.5048563984375 0.42635365312499995 0.5202227640625 0.434809065625 0.53082723125 0.4459099859375
1 0 0.409375 0 0.782097740625 0.0002269296875 0.78215069375 0.015350117187500002 0.7988975203124999 0.028365931249999997 0.8076392609375 0.049162934375 0.79064776875 0.0626651078125 0.7828066765624999 0.082823765625 0.7875801484375 0.099642390625 0.7731387234375 0.11374569375000002 0.771420753125 0.134117134375 0.7689392359375 0.1521988203125 0.7646711953125 0.1605135328125 0.77398559375 0.1873962859375 0.76244911875 0.1817057 0.7435205500000001 0.19358004374999999 0.7379431984375 0.20093567031249998 0.7267199421875 0.20807851562500002 0.7227516749999999 0.2208883625 0.7118967453125 0.22540707968749998 0.7175426500000001 0.22971301562500002 0.7304435437500001 0.24463023593750002 0.7275937015625 0.2491557671875 0.7063879484375001 0.254252034375 0.6923417390625 0.2644681515625 0.69006455625 0.2666735296875 0.6681087046874999 0.2685445375 0.6575535484375 0.2764708984375 0.6534898390625 0.2935866828125 0.655535803125 0.3029584890625 0.6554269140625 0.31369135937500003 0.635530471875 0.3245086109375 0.63937640625 0.3313238984375 0.6199571765625 0.3537723140625 0.626517175 0.37423494687500003 0.6209263796875 0.34359340625 0.6009062765625 0.3523336828125 0.5957106953125 0.36197906562500004 0.586273965625 0.37002701718750003 0.5780645484375 0.38304964531249996 0.5599546296875 0.39390410781249996 0.5359124796875 0.39821685625000003 0.521961715625 0.40111456093750003 0.503019703125 0.3947924453125 0.4790044421875 0.40491737031249997 0.47983653750000005 0.44598780624999995 0.49032446875 0.41507950625 0.45278054843750004 0.411199134375 0.42536968125 0.4276225921875 0.42440180625 0.43539696718750004 0.4255202296875 0.4441676390625 0.419288225 0.44859230937500005 0.409375 0 0.409375
0 0.84612206875 0.8197798875 0.8323784625 0.8198012 0.829408590625 0.835864946875 0.8384475421875 0.847160159375 0.844862709375 0.8414201984375002 0.8464084796875 0.8313148640625 0.84612206875 0.8197798875
0 0.8129029624999999 0.8874606968750001 0.815556609375 0.8821789390625 0.8240714859375 0.8687454234375 0.814983884375 0.8591089499999999 0.8086416921874999 0.8623607890624999 0.805817771875 0.8734482234375001 0.8129029624999999 0.8874606968750001
0 0.7911586125 0.77688999375 0.7890158375 0.7647547250000001 0.7847976328125 0.75948365 0.7734400953125 0.7633464171875 0.7668303296875 0.775721409375 0.7708295625 0.7884569906250001 0.782741084375 0.7870060062500001 0.7911586125 0.77688999375
0 0.76655168125 0.8278197875 0.7759798328125 0.8258449062500001 0.769667503125 0.8067797578124999 0.7595692796875 0.789002190625 0.7498790890625 0.778612753125 0.7431775593750001 0.7728177265625 0.7352464828125 0.7663460703125 0.73541126875 0.7820279578125 0.7437989359375 0.7942289375 0.7564291796875 0.8108716328125001 0.76655168125 0.8278197875
0 0.6382272828125 0.8368400812499999 0.6449288625 0.8426350859374999 0.6543570109375001 0.8406602046875001 0.657205209375 0.8287433734375 0.6525547859375 0.8169135687499999 0.6445596453125 0.8162695031249999 0.639821753125 0.8250759859375 0.6382272828125 0.8368400812499999
0 0.8374623734375 0.6464603015625 0.8363732890625 0.66229494375 0.8473173015625001 0.6725316640625 0.8573967375 0.6696510078125 0.8632335937500001 0.6623286546875 0.8568482875000001 0.6457516796875 0.854583840625 0.637763328125 0.844528778125 0.6398145765625 0.8374623734375 0.6464603015625
0 0.9594931843750001 0.6390330875 0.9533942390625001 0.6339910812499999 0.9438687890624999 0.6392835078125 0.9390137015625001 0.6523432421875001 0.9467302859375 0.6695124546875 0.9584472109375 0.6746965218750001 0.9668891109375 0.6637511484375 0.958379771875 0.6556971015624999 0.959225609375 0.6481562828125 0.9594931843750001 0.6390330875
0 0.9128577171875 0.6529781109374999 0.9199484468750001 0.645502984375 0.9171543859375 0.6342734875 0.9069875140625001 0.6262954625 0.898492684375 0.6315882 0.8883159968750001 0.6377863921875 0.8898319062500001 0.649998021875 0.894050065625 0.6552691359375 0.9059615890625 0.6538181515625 0.9128577171875 0.6529781109374999
0 0.8991063468749999 0.5893660828125 0.8860626234375001 0.5868228859375 0.88027436875 0.592486478125 0.8806580328125 0.600703934375 0.8829224796874999 0.6086922859375 0.8922533296875 0.610034946875 0.8987901218750001 0.6001480453125 0.8991063468749999 0.5893660828125
0 0.8563728609375 0.6193641718749999 0.8611449578125001 0.6270470593749999 0.8741157515625 0.6320783890625 0.8814441937499999 0.6377970312500001 0.8894725703125002 0.640951165625 0.8910182921875001 0.63084586875 0.8904728640625 0.6303726187500001 0.8844627125000001 0.6200745453125001 0.8785097203125 0.6100562578125001 0.8698301078125 0.6078078609374999 0.8610531937499999 0.60887700625 0.8563728609375 0.6193641718749999
0 0.9396948265624999 0.4621118234375 0.9436697359374999 0.4756767578125 0.9523736749999999 0.4770957546875 0.9574620421875 0.4739966703125 0.9615397874999999 0.46275647031249995 0.9606508375 0.45046847031250004 0.953225046875 0.448067371875 0.943699596875 0.45335979687499994 0.9396948265624999 0.4621118234375
0 0.9585511296875 0.4581619640625 0.963177321875 0.4708211890625 0.9738106468750001 0.47035234531250003 0.9809500265625001 0.46121847968749996 0.98003675 0.44975984843749994 0.9690683671875 0.4403524390625 0.9607967890625 0.445492125 0.9585511296875 0.4581619640625
1 0.6 0.409375 0.6 0.8160585687499999 0.6035873875 0.8038707921875 0.6033740484375001 0.7898476765625 0.60667893125 0.7836601734374999 0.6147072109375 0.78681431875 0.6223707140625 0.802409184375 0.6424808390625 0.7983066531249999 0.6577216171875 0.789838775 0.6717328 0.7806942390625 0.6881301015625 0.775391153125 0.703054559375 0.7777052484375 0.712074675 0.7683422859375 0.7281126390625 0.7539923578125001 0.7443938078125 0.7313486109375 0.7577968671875001 0.7429386484375 0.75447319375 0.7284679765625001 0.75476509375 0.7185153828124999 0.769908525 0.71336501875 0.7696464859375001 0.7010006515625 0.7804014359375 0.6963848968749999 0.7869813406249999 0.7063268203125 0.792356071875 0.7147626875 0.8070185390625 0.704712425 0.8190273593749999 0.6999439296875 0.8110045203125 0.6753022046874999 0.7989525859375 0.660241909375 0.7999686953125 0.6468954390625 0.8148932015625 0.64920953125 0.816828125 0.6258340984374999 0.8281857078125 0.6219713406249999 0.8393729734375001 0.623914240625 0.8447045890625 0.612521334375 0.85987234375 0.6065416 0.875706828125 0.5778291 0.8888290609375 0.55639656875 0.896236015625 0.5381394984375 0.9018594828125 0.5167940046874999 0.90224868125 0.5035238843750001 0.9095583828125001 0.4885843484375 0.906040065625 0.4807487328125 0.9020165062500001 0.46884256718749995 0.909228859375 0.4572205484375 0.917159934375 0.463692221875 0.9327843296874999 0.46344178906250005 0.9352002125000001 0.44496628906249996 0.9404102078125 0.43772027812500003 0.9516218406250001 0.43883381562499996 0.9652736875000001 0.4206424390625 0.9503005312500001 0.41998711875000005 0.9381026468750001 0.4099031046875 0.9382311156250001 0.409375 0.6 0.409375