0 0.1971404125 0 0.1968948703125 0.0005335890625 0.19755131875 0.009403996874999999 0.21152670312500002 0.01433786875 0.220469021875 0.005937746875 0.2228167390625 0 0.1971404125 0
0 0.4295726734375 0.067852403125 0.42581772031250004 0.06681859999999999 0.41083269062500005 0.0681240109375 0.40051771875000003 0.0728875921875 0.39324149375 0.0839188390625 0.399871084375 0.08900270625 0.41397579531249995 0.0907135578125 0.42625029999999997 0.08757568125000001 0.4318952171875 0.0793539359375 0.4295726734375 0.067852403125
0 0.236090003125 0.127549115625 0.24316732968750002 0.1088596421875 0.23457820625 0.10215007031250001 0.2288637203125 0.0994905640625 0.2249794390625 0.10167978281250001 0.2164946734375 0.111292090625 0.216106690625 0.120961159375 0.222313515625 0.1302734703125 0.236090003125 0.127549115625
0 0.17261880000000002 0.11985029375 0.183649978125 0.10985285 0.18041233125 0.0959269546875 0.17032122656249998 0.0888038625 0.16418397499999998 0.09037280156250001 0.159419375 0.0955782828125 0.153774459375 0.103800028125 0.15367991875 0.1124636765625 0.16018018125 0.12077056875 0.17261880000000002 0.11985029375
0 0.1013284203125 0.17508136093749999 0.0963301390625 0.167187990625 0.08689548281250001 0.1689353078125 0.0822602109375 0.170917765625 0.07377544375 0.180530071875 0.0783509609375 0.1926518875 0.0903668109375 0.19596005625 0.09813537343749999 0.191581615625 0.1013284203125 0.17508136093749999
0 0.93128636875 0.08967672343750001 0.9279193953124999 0.07897385 0.9208322562500001 0.0726778 0.908920759375 0.0856915046875 0.9166643499999999 0.100857965625 0.93128636875 0.08967672343750001
0 0.9689884703124999 0.405281678125 0.9595190296875 0.40158837031249994 0.9477368609374999 0.41137905156250004 0.9463392359375 0.42728740781249996 0.9493779828125 0.43355507656250003 0.9573106578124999 0.4313942375 0.9637413484374999 0.4288198796875 0.96759084375 0.421190034375 0.9700676843749999 0.40992364375 0.9689884703124999 0.405281678125
0 0.650331103125 0.045997423437500004 0.6529372703125 0.0315080109375 0.648431325 0.030267446875 0.64092141875 0.0281998421875 0.6332821828124999 0.0293552578125 0.6236236609375 0.042989246875 0.6236932312500001 0.053870498437500004 0.6265678671874999 0.0579205640625 0.6288208390625 0.0585408453125 0.6336202234374999 0.0587759875 0.6361666343750001 0.058390846875 0.6418463359375 0.0556097296875 0.64602405625 0.052415089062499996 0.650331103125 0.045997423437500004
0 0.802782225 0.08796982812500001 0.788747084375 0.09714023125 0.7772931406250001 0.11136611874999999 0.7767758312499999 0.12425821249999999 0.7784767109375 0.1323299609375 0.7796852546874999 0.13374890156250002 0.7834402078125 0.13478270625 0.787125590625 0.12493525937500001 0.797604675 0.12238928125 0.803577815625 0.11860274062500001 0.8072284125 0.1033146671875 0.8095759265625 0.0952713015625 0.823809965625 0.09375912656249999 0.8269084703124999 0.085922521875 0.839700284375 0.0698925515625 0.8539940796875 0.05427610468750001 0.8639460421875 0.03963669375 0.823213271875 0.07078444375000001 0.805716615625 0.077915621875 0.802782225 0.08796982812500001
1 0.46875 0.459375 0.8965399671875 0.459375 0.8941774921875 0.4531161453125 0.8971118859375 0.4430619359375 0.893779696875 0.437799690625 0.894003565625 0.4259130171875 0.8834549093749999 0.41757774375 0.87352791875 0.4126722546875 0.871792253125 0.3991598796875 0.8654908875 0.3985112140625 0.86032849375 0.3884002421875 0.8651528484375 0.36909048437499997 0.8691316703125 0.358237615625 0.860930528125 0.341858975 0.85739944375 0.32893849999999997 0.8482234406250001 0.3242397703125 0.845115121875 0.3070908515625 0.8496112531250001 0.28334589062500004 0.84588126875 0.2627671875 0.8594588578125 0.25238460625000003 0.8684011765624999 0.24398448281250001 0.8614085765624999 0.2290247828125 0.8498154906250001 0.22148816875000002 0.8409079593750001 0.23532891875 0.8307570984374999 0.2423101 0.8334578078125 0.2191570390625 0.8309363671875 0.1999972765625 0.8241676359374999 0.17315090625000001 0.8389537671875 0.164187265625 0.8341793531249999 0.1444072234375 0.8194529781250001 0.1392665890625 0.80992378125 0.14967755625 0.8036572015625 0.1544695171875 0.7970276125 0.149385646875 0.7890949375 0.1515464859375 0.7792972734375001 0.143417971875 0.770837478125 0.133485378125 0.7537885578125 0.11684321093750001 0.7378884250000001 0.11572426093749999 0.7352724421875 0.10522814843749999 0.7402261234375 0.0826953703125 0.7426681796875 0.0659883546875 0.7296426828125 0.0689194703125 0.7211927015625 0.0839724015625 0.7205112828125 0.09464689062500001 0.7110168703124999 0.1104984828125 0.691690009375 0.11278093281249998 0.6841801015625 0.11071332656249999 0.671179575 0.09409954375 0.6602429390625 0.0954333375 0.650480059375 0.0927454515625 0.6465609921875 0.089494046875 0.658765928125 0.07547491875 0.66917544375 0.062047690625 0.6749496859375 0.0506029234375 0.6565379265625 0.0553097375 0.63724585 0.06303281250000001 0.629770728125 0.0664058328125 0.61168719375 0.075547853125 0.608752803125 0.08560206249999999 0.5924299046875 0.0887115546875 0.583875565625 0.08744260937500001 0.574803921875 0.09906575625 0.5632456203125 0.0969697671875 0.5495734890625 0.11601599843749999 0.5342950203125 0.1183268328125 0.5216575062500001 0.111588878125 0.49903324062500004 0.114049709375 0.48483398749999995 0.1210025078125 0.4707640609375 0.12473228437499999 0.46875 0.1254634875 0.46875 0.459375
0 0.397558084375 0.8182465796875 0.38658666249999996 0.8141397484375 0.3773161203125 0.8181046671875001 0.36991056875 0.8323589375000001 0.36818471875 0.8438320875 0.372854775 0.847290253125 0.38562161875 0.850805184375 0.38862558125 0.851632228125 0.4002436375 0.8396239421875 0.402720478125 0.8283575515624999 0.397558084375 0.8182465796875
0 0.1815661875 0.7576940984375 0.1039055453125 0.7819336 0.09476432968750001 0.782675496875 0.089248740625 0.78767421875 0.0892835265625 0.79311484375 0.09261571406249999 0.7983770921875 0.0948686859375 0.798997371875 0.1141607625 0.791274296875 0.1815661875 0.7576940984375
0 0.11132538437499999 0.8871663296874999 0.1174974234375 0.8910380171875001 0.1359091828125 0.886331203125 0.1494519859375 0.8705079953125001 0.141484528125 0.8672282078125001 0.1264647125 0.8630929937499999 0.11840271093750002 0.86847685625 0.11037549687499999 0.8793013421874999 0.11132538437499999 0.8871663296874999
0 0.1271809171875 0.85785913125 0.12175987031249999 0.854194203125 0.11258386875 0.8494954734375 0.10869958906249999 0.85168469375 0.104556653125 0.8603199609375001 0.1074660765625 0.86981065 0.1090028421875 0.8756647984375 0.11530420625 0.8763134609375001 0.12111323593750001 0.8703093187500001 0.1271809171875 0.85785913125
0 0.08330504375 0.8664173328124999 0.0799131 0.8752593609375001 0.0847472703125 0.8809351296875001 0.0951318125 0.8870528015625 0.1036165796875 0.877440496875 0.10188091562499998 0.863928121875 0.09420689531250001 0.8596429140625 0.08330504375 0.8664173328124999
0 0.029767909375000002 0.4660732046875 0.02729106875 0.47733959531250003 0.028991946875 0.48541134374999995 0.036044303124999996 0.4862667671875 0.0411371265625 0.485496490625 0.0471102671875 0.48170994843750004 0.049293668750000005 0.47144898125 0.0420424140625 0.46293532812500005 0.036492040625 0.462493425 0.029767909375000002 0.4660732046875
0 0.8906822062499999 0.48640300156249994 0.8872902625 0.495245028125 0.8897421328124999 0.5035235375 0.89783891875 0.5035803015625 0.9062291437500001 0.5026316453125 0.9108296296875 0.4952085609375 0.9074626578124999 0.4845056875 0.903379478125 0.4790366796875 0.8957402453124998 0.4801920984375 0.8906822062499999 0.48640300156249994
0 0.9587235843750002 0.5757395875 0.9497812671875 0.5841397109375001 0.9466827625 0.5919763171875 0.9506713984375 0.6061089749999999 0.9661139796875 0.6060157421875 0.9712068031250001 0.605245465625 0.9777320359375 0.59400745625 0.97887100625 0.5845451484375 0.9762898109375 0.5794896609375 0.9675713609375001 0.5760031140625 0.9587235843750002 0.5757395875
0 1 0.6490176453125 0.9983218546875001 0.6485556234375001 0.99038918125 0.6507164609375 0.9826901906250001 0.66597615 0.9896132203124999 0.6700545984375 0.9956211453125 0.6717086859375 1 0.671471803125 1 0.6490176453125
0 0.9825631953125 1 0.98301668125 0.9984462046874999 0.980107259375 0.9889555125000001 0.9754372015625 0.9854973484375 0.968842396875 0.9858541031249999 0.9604869578125002 0.9922433843749999 0.9586971203125 1 0.9825631953125 1
1 0.5463146609375 0.459375 0.5367015703125 0.46498074375 0.5270430453125 0.4786147328125 0.51885171875 0.4872216171875 0.50791508125 0.48855541406249997 0.5030809125 0.48287964375000003 0.4923431734375 0.4918716671875 0.48848386406250005 0.4745159890625 0.4815358640625 0.48998244062499996 0.4780841640625 0.5129287421875001 0.4743639953125 0.5173355640625 0.46875 0.51631751875 0.46875 1 0.9371284171875001 1 0.9392005640625001 0.992900134375 0.9494807515625 0.9826959296875 0.9512066015624999 0.9712227796875 0.9536834421875 0.9599563906250002 0.9644809359375 0.93686009375 0.9494263359375001 0.9272842546875001 0.953862709375 0.9176435671875 0.9640733265625 0.8965581125 0.9666794937500001 0.8820686984375001 0.9817590640624999 0.8720996359375001 0.9963115140625 0.8500371437500001 1 0.842530834375 1 0.8239041484375 0.9994599578125001 0.8031107375 0.985191134375 0.7991822859375001 0.9781985359375 0.7842225875000001 0.9778007406250001 0.76890613125 0.982590309375 0.7441557484375 0.98525623125 0.7155620609375 0.9832521 0.6835102093750001 0.9780201343750001 0.6625179859375001 0.9756628062499999 0.645575828125 1 0.63342145625 1 0.613406725 0.9796665984375 0.615178059375 0.961876503125 0.6233146578125 0.9513278484375001 0.6149793828125001 0.9422463875 0.60161700625 0.9343734703125002 0.58967356875 0.9166779171874999 0.58914651875 0.9068454671874999 0.5755773796875 0.9131370171875 0.55124051875 0.9067660796875 0.5397106046875 0.900171278125 0.540067359375 0.8925917984375001 0.527118503125 0.8899758156249999 0.516622390625 0.8817746734374999 0.5002437515625 0.8599263718750001 0.48336644062499995 0.847711621875 0.47240004375 0.82710624375 0.459375 0.5463146609375 0.459375
0 0.918911259375 0.53979575 0.9249789421875001 0.5273455609375001 0.9165191453125001 0.5174129656249999 0.9115904359375001 0.520400846875 0.905358640625 0.5306334328125 0.9042196703125001 0.540095740625 0.9098048296875 0.5459782718749999 0.918911259375 0.53979575