0 0.05457399375000001 0.3490809171875 0.0689670796875 0.3521889453125 0.07662713125000001 0.3471023359375 0.0741076765625 0.33834481250000004 0.06491340625 0.33550973906250003 0.055337421875 0.338143415625 0.05287618125 0.34350298437500004 0.05457399375000001 0.3490809171875
0 0.13708221874999998 0.2883315234375 0.1347845703125 0.2913473421875 0.133254034375 0.298324 0.147483528125 0.30377577968749997 0.1594116890625 0.2973450359375 0.1601751171875 0.2864075359375 0.15628872031250002 0.2822829203125 0.1448513296875 0.2816824140625 0.13708221874999998 0.2883315234375
0 0.0979780125 0.16082031875 0.1189913859375 0.158787146875 0.1298797859375 0.1523018109375 0.122106990625 0.14405257968750002 0.109575309375 0.1441787328125 0.0946914484375 0.1481019515625 0.0943097359375 0.153570703125 0.0979780125 0.16082031875
0 0.2507582609375 0.34918785625000004 0.2336858140625 0.35456439375 0.22958497812499998 0.36846311875 0.23336231718749997 0.3741502359375 0.25213257499999997 0.37435163125000004 0.26400620625000004 0.3687021375 0.26279916718749996 0.356092953125 0.2507582609375 0.34918785625000004
1 0.3796875 0 0.193972175 0 0.19359565 0.001960975 0.17745390625 0.008954603125 0.1762542359375 0.026142103125 0.108120678125 0.01550781875 0.115184578125 0.0339133 0.1471445671875 0.039511884375 0.1445197375 0.047215201562499996 0.14003350312500001 0.051684335937500006 0.1619267328125 0.06694784687500001 0.1550374765625 0.09089364062500001 0.1523618 0.11427654843749999 0.1586622734375 0.1436195296875 0.16102181875 0.169619146875 0.1561575546875 0.194455371875 0.1638758203125 0.20348585312499998 0.17285565625 0.2243442671875 0.0897439125 0.27878906875 0.1936545921875 0.2403344375 0.1772947265625 0.250453065625 0.1970502140625 0.251490303125 0.19765741875 0.2726932359375 0.20586645781250001 0.2746924671875 0.21435183281249998 0.287683790625 0.18901581875 0.2918423453125 0.202154703125 0.3129191265625 0.24434504218750003 0.306509034375 0.2620755359375 0.30665583750000003 0.257262121875 0.315812471875 0.27056459843749997 0.33454550312500003 0.28819339843749997 0.366051490625 0.3133186609375 0.3948146171875 0.3515209078125 0.41563909218750006 0.3796875 0.419390321875 0.3796875 0
0 0.3071382984375 0.4086041609375 0.30795625625 0.396885409375 0.29460293437499996 0.39383197187499996 0.2875464 0.4052231734375 0.293185140625 0.414144471875 0.3071382984375 0.4086041609375
0 0.290276609375 0.3810590140625 0.28157311093750004 0.3711926921875 0.2590291984375 0.3802025203125 0.2410297359375 0.39886030781250004 0.241909590625 0.41615699062499995 0.2270367828125 0.4647752359375 0.2938358234375 0.38987112968750004 0.290276609375 0.3810590140625
0 0.40699415468750005 0.20880043593750003 0.41252383281250005 0.21928423437500003 0.420460221875 0.225189715625 0.42697145000000003 0.2216110140625 0.42789846875000004 0.2083297640625 0.42225972812499996 0.199408465625 0.410658746875 0.20115170937500002 0.40699415468750005 0.20880043593750003
0 0.4627117328125 0.023538684375 0.44875489062499996 0.014180653125000001 0.43354384843750005 0.022791375 0.43310760468750004 0.0290413734375 0.44509398125 0.036727721875 0.46216642812500003 0.031351184375 0.4627117328125 0.023538684375
0 0.50930503125 0.11851034687499999 0.518063059375 0.12759542031249999 0.531689034375 0.12674260937499998 0.5371605015625 0.12310931562500001 0.5328887046874999 0.10955510937499999 0.5216694390625001 0.105829603125 0.509959396875 0.109135346875 0.50930503125 0.11851034687499999
0 0.7808621265625 0.4142646984375 0.769642859375 0.41053919375000003 0.7609938921875 0.3998916203125 0.7533883703124999 0.40419698125 0.7526794750000001 0.41435323124999995 0.7589217343750001 0.4295791203125 0.7808621265625 0.4142646984375
0 0.769864665625 0.42231253437499994 0.7585945515625 0.43426662031249996 0.7585473890625 0.464844553125 0.7866136125 0.43652183906250003 0.7837087609375 0.4183347234375 0.769864665625 0.42231253437499994
0 0.777680940625 0.3850854921875 0.7789425078125 0.3969134265625 0.7869879578125001 0.40125640625000003 0.79437535625 0.40007604687500004 0.7953023734375 0.38679479687499996 0.7934955031250001 0.3827793640625 0.780196709375 0.378944675 0.777680940625 0.3850854921875
1 1 0 0.52838469375 0 0.5276641046874999 0.004993760937499999 0.5249302140625 0.014259578125 0.5334701203125001 0.0264696515625 0.5327066953124999 0.037407151562500005 0.527893278125 0.046563785937500005 0.5205058796875 0.0477441453125 0.5140528640625 0.0654399375 0.5194734828125 0.0774862375 0.5202442796875 0.0963454203125 0.53327041875 0.1040863578125 0.5455257640625 0.0929681140625 0.5592607984375 0.090552803125 0.57042921875 0.10995790000000001 0.5871236375000001 0.1249484546875 0.57656241875 0.126746290625 0.5609114484375001 0.12670866875 0.5458639984375 0.1329756390625 0.5457586203125 0.1494364796875 0.5727924484375 0.1508558578125 0.588719753125 0.1618855703125 0.6114854703124999 0.16464908125 0.612637978125 0.178039515625 0.6053633234375 0.1925557171875 0.5954019421875 0.1857598015625 0.5804635515625 0.1904642734375 0.5793729421875 0.2060892734375 0.5879673796875 0.2175180953125 0.608813478125 0.2029303328125 0.6147248703124999 0.20794537968750001 0.6254496812499999 0.20380379531249998 0.6344803609375 0.20898261875 0.6212397828125 0.2192650203125 0.63629091875 0.2278963921875 0.6484372015625001 0.21834064843749998 0.6533633625 0.22251985625 0.6662804421875 0.23182329531249998 0.666556778125 0.24281538593750002 0.670883103125 0.2555883421875 0.659994703125 0.26207367812500004 0.6672221953124999 0.27813540937500003 0.690914928125 0.26761767187499996 0.6994548359375 0.27982774374999997 0.7238638328125 0.2889504390625 0.7425250312499999 0.2907143359375 0.760146465625 0.2924236390625 0.7381552265625 0.3234176515625 0.7301679921875 0.3331917625 0.736079384375 0.33820680937500003 0.746807878125 0.3489635671875 0.75900869375 0.33862657343749997 0.7710967640625 0.3149537375 0.7841192203125 0.307796334375 0.7940769171875 0.29969390625000003 0.7955566078125 0.3083968390625 0.7782115093749999 0.31767962656250004 0.7887764109375001 0.3307801328125 0.8010354421875 0.3345602296875 0.8117639343749999 0.3453169859375 0.8214526640625 0.35601915 0.8414808046874999 0.3531501375 0.847824759375 0.3370168453125 0.8564700421874999 0.3327660765625 0.8686708578125 0.32242908125 0.8763345921875001 0.3322408125 0.8983877296875 0.3302622328125 0.9238328062499999 0.324541178125 0.9255306187500001 0.3301191109375 0.9258069546875 0.341111203125 0.9393238671875 0.341820890625 0.9451225187500001 0.3335000984375 0.95448038125 0.333991421875 0.9609952921874999 0.34531106093749997 0.990163175 0.34605837031250003 1 0.34146744375 1 0
0 0.65045594375 0.4732833828125 0.6270903921875 0.47911362031250004 0.6259452515625 0.4955198703125 0.6337725781250001 0.5029878531249999 0.6484928468750001 0.5014083828125 0.6572435078125001 0.4806967734375 0.65045594375 0.4732833828125
0 0.04144241875 0.8006013109375001 0.0457613765625 0.7835775843749999 0.0379340484375 0.776109603125 0.0233228421875 0.776126571875 0.0165389609375 0.7836115234375 0.0210834078125 0.79325948125 0.027980034375 0.7991103703125 0.04144241875 0.8006013109375001
0 0 0.7420280437500001 0.0242424921875 0.7330486390625 0.0395080640625 0.72365666875 0.0310226875 0.710665346875 0.014441017187499999 0.709010634375 0.0092458890625 0.7236360171875 0.0091913578125 0.7244172671875 0.0022984171875 0.73346471875 0 0.7345799546875 0 0.7420280437500001
0 0.2612538390625 0.7462767375 0.27454894531249996 0.735213084375 0.28018400312499997 0.7292360421875 0.2835722578125 0.7105952234374999 0.27673016562499997 0.7039630828125001 0.257905378125 0.7045429390625 0.25336461250000003 0.7097933234375 0.2575273453125 0.7249100296875 0.2583489875 0.7280896203125 0.2513469859375 0.7386995734375 0.2612538390625 0.7462767375
0 0.34191170937500004 0.7269881859375 0.3380835265625 0.7369806624999999 0.3353496359375 0.7462464796875 0.35204405156249996 0.7612370343749999 0.37196313281250004 0.7599305203125001 0.36364134843749996 0.744595446875 0.357290028125 0.7309320578125 0.34191170937500004 0.7269881859375
1 0.3796875 0.5296875 0 0.5296875 0 0.6466513859375 0.016505806249999998 0.6495264515625 0.0254274265625 0.6562677734375 0.033472875 0.6606107546875 0.0453465078125 0.6549612609375 0.05426444375 0.6468042421875 0.06438941718749999 0.65125640625 0.063735053125 0.6606314078125 0.055366106250000005 0.6758742671875 0.0471607484375 0.6887733765624999 0.0473280234375 0.7013279671875 0.0674070125 0.6827793640625 0.07440901562499999 0.6721694125 0.08458851875 0.6758403265624999 0.08798414375 0.6869961921875001 0.07490715625 0.6949348453125 0.058547290625000005 0.7050534734375 0.062546434375 0.72251393125 0.0871698703125 0.7136132843749999 0.1030389625 0.71052590625 0.11830453437499999 0.7011339359375001 0.12848403749999998 0.7048048515625001 0.142764378125 0.6945770390625 0.1385471140625 0.68024158125 0.1433605296875 0.6710849484375 0.15222762031249998 0.6786075203124999 0.167824059375 0.6794263921875 0.19152047656249999 0.6838069953125 0.195846803125 0.696579953125 0.2063534890625 0.6955633671875 0.220582984375 0.701015146875 0.24050206406250002 0.6997086343750001 0.2528119421875 0.6878091390625001 0.2713640765625 0.691135534375 0.28345583125 0.682361040625 0.30047374531250004 0.6777657546875 0.3200619609375 0.6662484 0.3258097609375 0.6736072 0.353828821875 0.67586241875 0.36407022499999997 0.7085487640625 0.372762671875 0.6737200640625 0.3796875 0.6695162046875 0.3796875 0.5296875
0 0.4188694421875 0.6362363984374999 0.4213306796875 0.6308768312499999 0.42280668749999994 0.624681421875 0.414979359375 0.6172134421875001 0.40436361249999997 0.6197925265625 0.40064448906249994 0.6282225015625 0.4033275328125 0.6346362765625 0.411591103125 0.6358542578125 0.4188694421875 0.6362363984374999
0 0.51865284375 0.5296875 0.513843765625 0.5314470796874999 0.5102337046875001 0.538314553125 0.5140110421874999 0.5440016703125 0.5229326624999999 0.55074299375 0.531414353125 0.548835975 0.5350789468749999 0.54118725 0.537703775 0.5334839312499999 0.5324983609375 0.5296875 0.51865284375 0.5296875
0 0.579919903125 0.631362228125 0.5803052984375 0.6407918203125 0.584191696875 0.6449164375 0.5934405 0.646970259375 0.6061357734375 0.64450035625 0.60854248125 0.639922040625 0.6137376109374999 0.6252966546875001 0.6018057640625 0.6168290578125 0.5934331328125 0.6171735765624999 0.5825992624999999 0.6228776625 0.579919903125 0.631362228125
0 0.6603780718750001 0.6896903859375 0.6608143171874999 0.6834403859375 0.65928009375 0.6755187015625 0.6424257734375 0.677770240625 0.6377759468749999 0.684583125 0.6371761109375 0.6931768734375 0.6482863171875 0.6984648796874999 0.6578623015625 0.695831203125 0.6603780718750001 0.6896903859375
0 0.7545860140625 0.8051965953125 0.7500997796875 0.8096657296875 0.7507578296874999 0.8151890734375 0.7565056296874999 0.8225478703124999 0.7584215640625 0.8250008031250001 0.7635113171875 0.8268362609375 0.7743451859375 0.821132175 0.776697365625 0.817335109375 0.7762574359375 0.8086867671875 0.77034604375 0.8036717187499999 0.7748322765625 0.7992025843749999 0.7622460656250001 0.8001099859374999 0.7545860140625 0.8051965953125
0 0.78227420625 0.797240975 0.7855062390625001 0.8107405890624999 0.7926209859375 0.8134664796875001 0.799568459375 0.8036377781249999 0.8094716265624999 0.7963166015625001 0.8102895828125 0.7845978515625001 0.8109439500000001 0.7752228515625 0.7952929796875 0.7751852296875 0.7865386328125 0.7809984984375 0.781888809375 0.7878113828125001 0.78227420625 0.797240975
0 0.7050554359375 0.782209115625 0.7013871609375 0.7749594999999999 0.6900043015625 0.7735777453124999 0.6811408968749999 0.7809535125 0.6714558515625 0.7851496890625 0.65805168125 0.79777584375 0.6400522171875 0.8164336296875 0.6634723 0.8098221421874999 0.6795595140625 0.8036097625 0.685085509375 0.7991952203125 0.6883683875 0.79701524375 0.7012817828125 0.7914203421874999 0.7050554359375 0.782209115625
0 0.6913498718750001 0.9038111593749999 0.688779571875 0.9107332265625001 0.6875799015625 0.9279207265625 0.6891686531250001 0.9350611593749999 0.6936585703125 0.945490365625 0.7032345546875 0.9428566890625 0.7089786734375 0.935317146875 0.7119306859375 0.9229263296875001 0.7132431015625 0.9190746703125001 0.715649809375 0.9144963546875001 0.71471910625 0.9128792625 0.7049758468749999 0.902958346875 0.6913498718750001 0.9038111593749999
0 0.986002096875 0.7640271203125 0.9725397125 0.7625361828124999 0.96378536875 0.7683494515625 0.9612696 0.7744902687499999 0.9629674109374999 0.7800682015625 0.9709037984375 0.7859736828124999 0.9823411890625 0.7865741890625 0.9942693515624998 0.78014344375 0.9940475453125 0.7683701015625 0.986002096875 0.7640271203125
1 1 0.5296875 0.5419081390625 0.5296875 0.549908275 0.5380452796874999 0.558884425 0.5440053515625001 0.568518625 0.555488765625 0.56600285625 0.5616295828125 0.5747063546875 0.5714959078125 0.5996061265625 0.5735873515625001 0.6090767328125001 0.5874145140625 0.6037180156249999 0.60438365 0.6123124515624999 0.6158124734375 0.6218375890625 0.6288583859375 0.6261639156250001 0.64163134375 0.6126506859375 0.655819996875 0.6002899625 0.6833990828125 0.5737071125 0.7353230703125 0.5993120984375 0.7123599234375 0.618951159375 0.6851629781249999 0.6424766171874999 0.6620906484375 0.6575822828125 0.66994076875 0.675534584375 0.681860915625 0.704924271875 0.6943815671875 0.7326161499999999 0.7013242859375 0.7574068625000001 0.7049782296875 0.7716363562499999 0.7104300109375 0.7833500812499999 0.7220226078125 0.782314003125 0.7368663578125 0.8036582421875 0.7450440281249999 0.8094605749999999 0.7516215781250001 0.8273546609375 0.7494246312499999 0.8528542671875 0.7429223265625 0.8671891406250001 0.731913265625 0.8816367546875 0.7342400453125 0.9047841859375 0.73153480625 0.915290871875 0.7305182203125 0.9192900140625 0.7479786781250001 0.9445169703125 0.745382621875 0.955899828125 0.7467643781250001 0.96722815625 0.7489273828125 0.9801960812499999 0.74255123125 0.98955394375 0.743042553125 1 0.740829290625 1 0.5296875
0 0.5620656125 0.573184559375 0.5708744875 0.566590040625 0.567206209375 0.559340425 0.55795740625 0.5572866015625 0.546301896875 0.5598110953125001 0.54187019375 0.5634989796875 0.54838510625 0.5748186203125 0.5620656125 0.573184559375