1 0 0 0 0.36875 0.09725764375 0.36875 0.0981849171875 0.36778559843749997 0.106875128125 0.35173917499999996 0.1146610140625 0.326120890625 0.12074524843750001 0.3013963609375 0.127237921875 0.299899921875 0.1454727015625 0.2984556859375 0.16106402656250002 0.3041409109375 0.1647812640625 0.3002748375 0.1573967578125 0.28693023125 0.1589789203125 0.27126819687500003 0.15484075 0.25717537031250004 0.139406390625 0.2504508609375 0.1513179546875 0.24419459375 0.1567118609375 0.249973146875 0.16889988125 0.257445875 0.1718447765625 0.253507034375 0.179473696875 0.22892803750000001 0.168987328125 0.2205615546875 0.171184865625 0.2060115734375 0.17352687656250002 0.19569149218749998 0.1667452515625 0.1887281265625 0.151285909375 0.1925419953125 0.15578798124999998 0.1834794984375 0.159831646875 0.1722656671875 0.16250008437500002 0.1545978296875 0.1708763609375 0.14062997500000002 0.1745935984375 0.1367639 0.17616326875 0.12637105625 0.18207804375 0.1079549984375 0.1852173828125 0.087169309375 0.1785927265625 0.0791666578125 0.1809347375 0.06884657968749999 0.178196778125 0.0506693796875 0.1677229 0.037033709375 0.1734682171875 0.024926125 0.167942328125 0.009648482812500001 0.1693995734375 0 0 0
0 0.21501231562499998 0.0973549421875 0.22041871249999997 0.0978643046875 0.228324090625 0.087014303125 0.231124509375 0.078845559375 0.2291588921875 0.060741128125 0.21818913125 0.060761687499999995 0.212154865625 0.0644094625 0.2039355546875 0.0773380328125 0.201135134375 0.0855067765625 0.2041995203125 0.09633621875000001 0.21501231562499998 0.0973549421875
0 0.1862053515625 0.2569681578125 0.1866387765625 0.2696578703125 0.19017406406249998 0.2773694578125 0.200214515625 0.278315415625 0.2118121453125 0.27413771875 0.21723103593749998 0.26937789218749997 0.21586830156249998 0.2576546984375 0.20908667812499998 0.2506913328125 0.19967409375 0.245588234375 0.1903934890625 0.24998423125000002 0.1862053515625 0.2569681578125
0 0.22100530312500002 0.3066260421875 0.22485452343749998 0.3122590609375 0.2308762984375 0.3138804734375 0.23829828125 0.311417515625 0.24140014375000002 0.3064393890625 0.2445144984375 0.2961920765625 0.244526990625 0.2909228875 0.2423669296875 0.28966530625 0.2372869578125 0.2818081875 0.22568932656250001 0.28598588281250004 0.219956503125 0.2928242796875 0.22100530312500002 0.3066260421875
0 0.20346098906250001 0.36875 0.201402359375 0.36380724999999997 0.20113839531250002 0.3448090640625 0.1951291125 0.3379184625 0.186947278125 0.3350394671875 0.18383292499999998 0.3452867796875 0.18425385625 0.36324568125 0.188586815625 0.36875 0.20346098906250001 0.36875
0 0.3676675171875 0.36875 0.371669128125 0.36192964375000003 0.3727554046875 0.3599238375 0.36983549375 0.3533243015625 0.3547025765625 0.3497904125 0.3420311625 0.3507047234375 0.331519809375 0.35287661875 0.3316392984375 0.36764490156249996 0.3333721828125 0.36875 0.3676675171875 0.36875
0 0.558348553125 0.306242971875 0.5429017015625 0.3047876515625 0.5380981890625 0.31065952812500003 0.535743684375 0.3262487953125 0.540365246875 0.33195458125 0.5480886734375 0.33268224218750003 0.55551065625 0.33021928125 0.5603266625 0.3190782171875 0.558348553125 0.306242971875
0 0.484296546875 0.194912946875 0.4880012921875 0.1963160625 0.495737209375 0.191774534375 0.49793474687500006 0.17722454999999998 0.49069471406250004 0.16810984843750001 0.478952609375 0.16805764375 0.47367819375 0.17704737343750002 0.47551182968749994 0.18565271249999998 0.484296546875 0.194912946875
0 0.45 0.22278324375 0.45564491875 0.223835734375 0.4590732078125 0.211509853125 0.4570950984375 0.198674609375 0.45 0.1959874515625 0.45 0.22278324375
0 0.5585663515625 0.1492066015625 0.553498871875 0.13608029375 0.5420707015625 0.13394951718749998 0.5346362250000001 0.141681665625 0.5338388984375 0.1521472765625 0.5334874875 0.1700334109375 0.5472451781250001 0.16711329531250002 0.5529655109375 0.165544090625 0.556839715625 0.16063872968749998 0.5585663515625 0.1492066015625
0 1 0.05807322031249999 0.9940214390625 0.05636559375 0.9815069921875 0.056240623437500005 0.9776327874999999 0.06114598125 0.9763645578125001 0.0747294453125 0.9933311093749999 0.0868686765625 1 0.09107074375 1 0.05807322031249999
0 0.784013790625 0.07241826875 0.7785824078125 0.082447284375 0.778714390625 0.09194637812499999 0.788440909375 0.0949709046875 0.79461965 0.09555303281250001 0.8042141875000001 0.0890784671875 0.7954419609375 0.07454904531249999 0.784013790625 0.07241826875
0 0.4027328296875 0.899750340625 0.4092005203125 0.9087922765624998 0.4169364375 0.9042507484375001 0.4201827734375 0.903502528125 0.4234540953125 0.89221593125 0.42256226249999995 0.8773748828125001 0.4103492578125 0.88044053125 0.4027328296875 0.899750340625
0 0.273928146875 0.9434809171874999 0.2813876046875 0.9252103921875001 0.271058203125 0.9158046265625 0.267196490625 0.9154407953125 0.2589896734375 0.9231001781250001 0.26065384687500004 0.9380139906250001 0.2598690125 0.9432104140625001 0.273928146875 0.9434809171874999
1 0.45 0.36875 0.0210212484375 0.36875 0 0.509750434375 0 0.697686709375 0.0011880328125000001 0.7006457296875 0.0192158765625 0.7213175328125001 0.029689753125000003 0.734953203125 0.039548256250000004 0.7474768234375 0.0490928234375 0.7620790125 0.055704987500000004 0.7753508515624999 0.06725264843749999 0.7922499078125 0.07603736562499999 0.8015101421875 0.0916037078125 0.8177337437500001 0.1099704703125 0.8257886031249999 0.126648071875 0.8294680234375 0.137266425 0.8473336 0.138434715625 0.8759036421874999 0.1428243578125 0.91426384375 0.1510686515625 0.8907968953125 0.1645748703125 0.8636094046875 0.1685560734375 0.8787415187499998 0.190326140625 0.8850088687500002 0.1982565 0.8636204921874999 0.2099736203125 0.8742110750000001 0.2187583375 0.8834713109375001 0.2340856984375 0.8701583484375 0.254323571875 0.8710109812500001 0.2646404828125 0.8856859359375001 0.2774813546875 0.8784631515625 0.2929656828125 0.86411090625 0.3130465890625 0.866002821875 0.32569301875 0.8756268859375 0.3505774390625 0.8716469265625001 0.366024290625 0.8731022484375 0.367832940625 0.8922459640625 0.3745895796875 0.9097477093750002 0.37286294375 0.9211798375000001 0.40076178125000006 0.9491060734375001 0.3864761609375 0.9140298187500001 0.38453552812499997 0.885387009375 0.3688247109375 0.8649335031250001 0.3761396953125 0.8424330734375001 0.3880012921875 0.8572535625000001 0.38698996874999997 0.827644234375 0.400892134375 0.828954021875 0.41203135468749996 0.8226249890624999 0.42424436249999997 0.8195593421874999 0.431145475 0.8412909890625 0.4450851171875 0.8267932124999999 0.45 0.8189054078125 0.45 0.784683928125 0.44489610468749996 0.776179896875 0.45 0.769353365625 0.45 0.36875
0 0.7545667921874999 0.971087665625 0.7573297343750001 0.9787264875 0.7621082640625 0.9833929890625001 0.7648837015625001 0.9857626203125001 0.7730780265625 0.9833724281249999 0.775890940625 0.9699344953125 0.7739003390625 0.9623684406249999 0.76417381875 0.9593439125 0.758139553125 0.9629916875 0.7545667921874999 0.971087665625
0 0.5740205875 0.942482753125 0.5750693874999999 0.9562845156249999 0.5803063265625 0.9631023515624999 0.58494038125 0.9635389484375001 0.5940640171875 0.9601822343750002 0.5981201734375 0.9436992156249999 0.5868614609375 0.93525996875 0.5845444343749999 0.9350416703125 0.579910378125 0.934605075 0.5740205875 0.942482753125
0 0.4788904734375 0.9240334390625 0.4768499015625 0.9375441375000001 0.4797573203125 0.9494128625 0.48964080781249997 0.9513981062500001 0.49474576406250004 0.94871685 0.49986321250000004 0.9407664015625 0.5042083171875 0.932743190625 0.4957500265625 0.9161352 0.48756819062499995 0.9132562046875 0.47936137343749996 0.9209155843750001 0.4788904734375 0.9240334390625
0 0.7197223015625 0.875046371875 0.7220768062499999 0.8594571046875 0.7199292359375 0.8529303328125 0.7063410046875 0.849541975 0.7009346078125 0.8490326109375002 0.6922818734374999 0.8492714703124999 0.68963841875 0.8564009312499999 0.6880687484375001 0.8667937734375 0.689443975 0.8732477796874999 0.6917360203125 0.8840044562500001 0.6989885421875 0.88784996875 0.7163065046874999 0.8821030640625 0.7197223015625 0.875046371875
0 0.76906315 0.7869365734375 0.7719580765625 0.8040744875 0.7753488875000001 0.8075561703125 0.7813706609375 0.8091775828125 0.78493093125 0.8063507921875 0.7930057671874999 0.78919231875 0.7921014421875 0.7796204609374999 0.7806857640625 0.7722204968749999 0.7724789453125 0.779879878125 0.76906315 0.7869365734375
0 0.9777455390625001 0.7433531390624999 0.9853119984374998 0.745120084375 0.9902599890625 0.7434781109374999 0.9929034421875 0.7363486515625001 0.9932173750000001 0.73427008125 0.9924575250000001 0.7289281265625001 0.989380646875 0.723367875 0.98583286875 0.7209254749999999 0.9785678515625001 0.7223491515625 0.9734504031250001 0.7302995953125 0.9758994140624999 0.7400169875 0.9777455390625001 0.7433531390624999
0 1 0.6010729218749999 0.9932032546875 0.6098881281249999 0.9903903406250001 0.6233260578125 0.9931532859375001 0.6309648812499999 0.9945410031249999 0.6321496984375 0.9982457484375 0.6335528109374999 1 0.6337180874999999 1 0.6010729218749999
1 0.45 0.36875 0.45 0.8417402828124999 0.45050118125000005 0.8423032687500001 0.45450736875000003 0.8468970015625 0.4634615453125 0.8498487640625001 0.46901241718750003 0.8545880296874999 0.475637075 0.86259068125 0.4833480078125 0.86858753125 0.49492065468749996 0.8749482093750001 0.5057209578124999 0.8812361218749999 0.51574891875 0.8874512703124999 0.5284203328125 0.88653695625 0.5354088921875 0.8713842843750002 0.5445200359375 0.8732967625000001 0.5496374828125 0.8653463171875 0.5556717499999999 0.8616985406250001 0.5644814515625 0.8604203984375001 0.5686446046875 0.8639748484374999 0.579601875 0.8692234765624999 0.5891964125 0.8627489125000001 0.5921163234375 0.8693484484375 0.6022887578125 0.8797934999999999 0.6049447046875 0.8673948515625 0.613622425 0.856617615625 0.6184134453125 0.856014928125 0.626136871875 0.8567425875 0.6262688546875 0.86624168125 0.639398678125 0.8674787046875 0.640773903125 0.8739327093749999 0.6498850468749999 0.8758451843749999 0.6633537890625 0.8644652624999999 0.66369270625 0.8518483140625002 0.6632592828125 0.839158603125 0.6675918953125001 0.8364045796875 0.6708132484375 0.8461947359374999 0.680370309375 0.8555277374999999 0.6878172765625 0.8425264015625 0.6975437953125001 0.845550928125 0.71100004375 0.83944019375 0.711219471875 0.8120549656249999 0.712280765625 0.8205875421875 0.7216808578125 0.8309598265624999 0.733881371875 0.833163365625 0.7312878859375 0.8192160734375001 0.7472680984375 0.791207596875 0.758250353125 0.785917846875 0.7663126984374999 0.7740285625000001 0.7799384046875 0.761609353125 0.7805912578124999 0.7469138390625 0.7895579265625 0.7445964109375 0.7966784671875 0.7389428328125 0.7913220390625 0.7173567171874999 0.8007471171875 0.717190625 0.8162314437500001 0.7028383796875 0.8273456812500001 0.7070477234375 0.830798953125 0.6841834640625001 0.8371346609374999 0.683726309375 0.840876884375 0.6693218578125 0.8484433421875 0.6710888015625001 0.8605368562500001 0.6532548734375 0.8560722609375 0.6465098046875 0.851789615625 0.6281870749999999 0.8676948765624999 0.6317937312499999 0.8694215125 0.6203616000000001 0.8847488734375 0.6070486390625 0.8950907671875001 0.6111852171875001 0.9130365968749998 0.601281175 0.92202825 0.5884253703125 0.928244465625 0.5731999328125 0.9164078546875001 0.54784106875 0.9188943421874999 0.54175089375 0.9161438890625 0.528842884375 0.9229754812500002 0.5147294984374999 0.9300960249999999 0.5090759203124999 0.9364692078125 0.49281119687499997 0.9216627171875 0.48192955 0.9274080328124998 0.4698219671875 0.9403808890625001 0.4720982734375 0.9448954531249999 0.4577665890625 0.9492780359375 0.43393581093750005 0.9517520296875001 0.4331148234375 0.9536356343750001 0.42064340937499994 0.9569319406249999 0.3988184359375 0.9608061453125 0.39391307656249996 0.9656096578125 0.3880412015625 0.968278096875 0.3703733640625 0.9681637609374999 0.36875 0.9478537750000001 0.36875 0.9481847 0.37375063750000004 0.9398334046875 0.3771801140625 0.9386342890625 0.36875 0.45 0.36875