0 0.1802573171875 0.2465670796875 0.1863259078125 0.24169761875 0.18631570625 0.225559678125 0.183784065625 0.2227472359375 0.174424753125 0.22460604218750002 0.1706374953125 0.2365253234375 0.1736779125 0.2437733578125 0.1802573171875 0.2465670796875
0 0.27101749375 0.1487142546875 0.2651890109375 0.1332083953125 0.2558256171875 0.128612025 0.24924825 0.1290458921875 0.24546303281249998 0.144192759375 0.2500256984375 0.1582924 0.255846021875 0.16088790625 0.26040052343750003 0.1620771921875 0.266471153125 0.16043532031250002 0.27101749375 0.1487142546875
0 0.203188321875 0.10303466406249999 0.191549715625 0.1010712390625 0.18345826406250001 0.10756385312500001 0.18194621718749998 0.1168501890625 0.1829637703125 0.1257213765625 0.186258575 0.1351872078125 0.193090328125 0.1369711390625 0.1976448328125 0.138160425 0.2049812828125 0.13792477187500002 0.20927323593749997 0.1239859109375 0.2120470203125 0.10965061875 0.203188321875 0.10303466406249999
0 0.16570481718750002 0 0.1598360796875 0.0047090984375 0.1659189515625 0.0224327546875 0.1783166421875 0.0245943953125 0.1821038984375 0.012675115625 0.18133869375 0.0027941359375 0.1731527046875 0 0.16570481718750002 0
0 0.42717314999999995 0.553913740625 0.4345014390625 0.5407677359374999 0.4309563265625 0.535539284375 0.4205815015625 0.5317544921875 0.411478615625 0.53905868125 0.41350964062499995 0.55034588125 0.4165480171875 0.5543663265625 0.42717314999999995 0.553913740625
0 0.3390625 0.539352853125 0.347465265625 0.5266460453125 0.348222309375 0.5236166703125 0.346952409375 0.515755275 0.3436576046875 0.50628944375 0.3390625 0.5069072125 0.3390625 0.539352853125
0 0.8932785265625001 0.3195729359375 0.9089689796875 0.32797281875 0.9059244828124999 0.3142696078125 0.886682796875 0.290958509375 0.8656828375 0.2876262984375 0.8578376109375 0.2834263578125 0.8446808375 0.2810665046875 0.8406391921874998 0.2907679875 0.8454521640625 0.30063024843749997 0.85329943125 0.3080577765625 0.8520417734375 0.319561909375 0.8657073234375 0.32635735781249997 0.8796150171875 0.31600507499999997 0.8932785265625001 0.3195729359375
0 0.783484121875 0.322097928125 0.7731113374999999 0.321540721875 0.7700811234375 0.330430628125 0.8351344703125001 0.387217921875 0.783484121875 0.322097928125
0 0.532384484375 0.5050132281249999 0.53820276875 0.504381146875 0.5409847140625 0.5029562078125001 0.54578544375 0.49345293906250004 0.5447699312500001 0.48780933906249996 0.5435041125 0.48640311875000003 0.537934096875 0.47957023281250005 0.5285768234375 0.4846566265625 0.525546609375 0.4935465328125 0.528334678125 0.501804359375 0.532384484375 0.5050132281249999
0 0.860193284375 0 0.8675322671875 0.0116581515625 0.8789185249999999 0.0146313671875 0.8857482375 0.0131877109375 0.891055703125 0.0048924468749999995 0.8908253125 0 0.860193284375 0
1 0.3390625 0 0.3390625 0.4487339265625 0.34260944531250004 0.4490044328125 0.3433746515625 0.45888541250000003 0.3486902765625 0.46350050156249994 0.3653840015625 0.4581784546875 0.37550443906250003 0.4597454515625 0.3896767234375 0.46774890625000004 0.40915239375 0.461001921875 0.4233267203125 0.47223296406250004 0.4425480015625 0.46326818281250004 0.4579820265625 0.46622268125 0.4625365296875 0.4674119671875 0.470642265625 0.48351247031250005 0.48051035625000005 0.4860892578125 0.483782715625 0.46005161875 0.4880869109375 0.46547828593749996 0.48683129375 0.48021000625 0.503791646875 0.4964712859375 0.517951690625 0.4851092125 0.5181958765625 0.47118906718750003 0.5108451421875 0.44883160312500003 0.52349518125 0.44998345000000006 0.53335715 0.44287747499999996 0.539680128125 0.44022581250000004 0.5477674984375 0.42727802031250006 0.5657229609375 0.41690701875 0.5677519453125 0.4249666296875 0.5404432921875 0.44687920312499996 0.5407038015625 0.45877976406250004 0.5604359000000001 0.45747816406249997 0.57282746875 0.4499570390625 0.5824432109375 0.45354361875000004 0.592537121875 0.41315196875 0.598105096875 0.41675726874999997 0.605704096875 0.431649765625 0.6031847 0.4482028546875 0.62090005625 0.458207171875 0.637846128125 0.45187533437500005 0.62745701875 0.4254974234375 0.6314925421875 0.4061131765625 0.636804090625 0.40427308906250004 0.6484467765625 0.412691690625 0.6552662890625001 0.39511009218750004 0.6443786046875 0.380434528125 0.668150309375 0.36620385624999996 0.6711886859374999 0.370224303125 0.6853568890625 0.37177258125 0.6901698625 0.38163484062499997 0.700538565625 0.3757368703125 0.708111040625 0.348670721875 0.71721800625 0.34782170625000003 0.7227757796875001 0.33528906406250003 0.7412257343750001 0.3067605375 0.740963184375 0.2916323890625 0.747794940625 0.29341631874999996 0.749821884375 0.2982483421875 0.7650096828125 0.311895396875 0.777403290625 0.307601859375 0.787261178125 0.29404070625 0.783451475 0.2704565171875 0.79229793125 0.257706940625 0.8127891140625 0.25660355625000003 0.8228952703125 0.23557743593749997 0.809730334375 0.22030722656249999 0.8066878781250001 0.20983160625 0.7960525421875 0.19414625000000002 0.8086903375000001 0.17593256875000002 0.810700959375 0.15494388750000002 0.8182815953125001 0.140788090625 0.835227665625 0.134456253125 0.8352154234375 0.1150907234375 0.8455820875000001 0.1059651640625 0.8458262734375002 0.0920450203125 0.8417560625 0.05656027031250001 0.8384571765625001 0.0406392625 0.84021953125 0.027115546875 0.8356487046875 0.0001055546875 0.835749421875 0 0.3390625 0
1 0 1 0.3390625 1 0.3390625 0.5796875 0 0.5796875 0 1
0 0.7468920359375 0.64137484375 0.7546325140625 0.644661575 0.770403146875 0.6386555609375 0.7462862734375 0.6247650109375 0.74599179375 0.6297501624999999 0.7468920359375 0.64137484375
1 0.3390625 0.5796875 0.3390625 1 0.60287184375 1 0.6033622765625 0.9987355984375 0.6055123453125001 1 0.6336019609375001 1 0.617631709375 0.9720893953124999 0.6253601859375 0.9563903125 0.6313025812499999 0.9402248421875001 0.6333807390625 0.931908915625 0.638434896875 0.923104578125 0.6488400921874999 0.9043079140625 0.651811290625 0.8962251796875 0.656853446875 0.8684350296875 0.6592212843749999 0.8475396265625001 0.664280240625 0.8463296124999999 0.667560321875 0.856044703125 0.6791674390625 0.85527905625 0.6854043140625 0.8341284328124999 0.679145834375 0.8211045921875 0.6666480781249999 0.8254342062500001 0.6699065546874999 0.800974834375 0.6826963890625001 0.7878629015625 0.6895342265625001 0.7757277921875 0.694595584375 0.778314940625 0.7237714203125 0.7909954796875001 0.736855734375 0.7728983953124999 0.7219589359375 0.7487603015625 0.7323689296875 0.7375579640625001 0.7177738109374999 0.7198262078125 0.693067978125 0.7159059625 0.6879898140625 0.6867386734375 0.6728081375 0.6827743828124999 0.6757793375000001 0.6746916515625 0.6787481359375 0.662811753125 0.67695965625 0.658548203125 0.6701050140625 0.6441031765625 0.660865734375 0.62397341875 0.6638417328124999 0.6234850109375001 0.6700810109375 0.6061315515625 0.5773583015625 0.5816709515625 0.54640696875 0.5796875 0.3390625 0.5796875