0 0.206885346875 0.0768556171875 0.2071279296875 0.067376715625 0.2047592296875 0.056010503125 0.19905288906250002 0.0543776546875 0.1899615 0.0509211109375 0.1836737921875 0.0619480015625 0.1849787390625 0.0712996765625 0.1915550453125 0.0791669765625 0.2000664578125 0.0784672203125 0.206885346875 0.0768556171875
0 0.0492576875 0.34941068125 0.0599453984375 0.3474810078125 0.058060475 0.3339730328125 0.053370482812499995 0.322797665625 0.041474021875 0.321673728125 0.0374114109375 0.3262117140625 0.0368788390625 0.3336124671875 0.0415688328125 0.344787834375 0.0492576875 0.34941068125
0 0 0.41922507031249995 0.00113371875 0.419579853125 0.0111926609375 0.41875286875000006 0.0106126859375 0.4145965703125 0.0082439859375 0.403230359375 0.0009427078125 0.390167684375 0 0.38984345781249996 0 0.41922507031249995
0 0 0.44678921875000005 0.0017597109375 0.4521092484375 0.0076110453125 0.4547811734375 0.0187337421875 0.45596872499999996 0.026665178125 0.4511126703125 0.0327103015625 0.44956467968749997 0.032807890625 0.43904670156250003 0.026811562500000004 0.435335703125 0.014576318750000001 0.43739260468749996 0 0.44352513125000004 0 0.44678921875000005
0 0.07874066874999999 0.459375 0.07995735781249999 0.457241265625 0.0788462 0.44366967968750004 0.073333646875 0.4378169140625 0.0716411234375 0.4369050671875 0.062549734375 0.4334485234375 0.060083446875 0.43260029062500005 0.053989528125 0.43940726874999997 0.053360757812500006 0.44050995625 0.0499743203125 0.4555023078125 0.05241035000000001 0.459375 0.07874066874999999 0.459375
0 0.3880411140625 0.0850839984375 0.38920245625 0.07658055625 0.3877525171875 0.06618980625000001 0.379144903125 0.0605914984375 0.3730997796875 0.0621394875 0.3698109328125 0.066613859375 0.3691333671875 0.07297553749999999 0.373678365625 0.0831118296875 0.37672463125 0.0881163609375 0.3828171609375 0.098125425 0.3908922015625 0.1111244875 0.38760474375 0.09878281562499999 0.3880411140625 0.0850839984375
0 0.4796875 0.05100060468749999 0.470014165625 0.0499677984375 0.46334027187500004 0.0526184765625 0.4615989515625 0.0569656171875 0.46657893437500003 0.0702191359375 0.4696252 0.0752236671875 0.473445228125 0.0801645859375 0.4796875 0.08262217656250001 0.4796875 0.05100060468749999
0 0.231198334375 0.22304711406250002 0.2221055546875 0.2364066125 0.23119555625000002 0.256679196875 0.24454334531250002 0.25137784218750003 0.2458998640625 0.22183844531250002 0.231198334375 0.22304711406250002
1 0.4796875 0.459375 0.4796875 0.10038049843750001 0.4517784265625 0.098761825 0.4539045421875 0.1196069390625 0.434560421875 0.12119729374999999 0.42677398125000005 0.127092425 0.4082036265625 0.128619165625 0.3804944765625 0.115132309375 0.38005810625 0.1288311265625 0.3706265453125 0.1453714640625 0.35757013125000003 0.13593492812500002 0.3420488203125 0.10883411875 0.3273486796875 0.0932267453125 0.32318847812499996 0.108282709375 0.321784553125 0.1262650546875 0.3149168703125 0.1331356453125 0.32110559843750003 0.1494427734375 0.3297118203125 0.171857121875 0.321055415625 0.1715178046875 0.3116740375 0.1659831125 0.30703145 0.166364796875 0.301373903125 0.15947295625 0.288221290625 0.14373835625 0.27690480625 0.1467707203125 0.272115834375 0.1629293734375 0.2871059640625 0.18061489375 0.2854608453125 0.1912600984375 0.2630216671875 0.19310491093749999 0.2700329546875 0.20408943750000003 0.263598865625 0.23089329374999998 0.2539261109375 0.24009649375 0.2442045625 0.25455868125 0.241495690625 0.2631893515625 0.2419292828125 0.2831226171875 0.2458441234375 0.3111776421875 0.2313837859375 0.31972345 0.22301736874999997 0.3214622828125 0.21450456562500003 0.33897807812499997 0.2093280171875 0.363576559375 0.20371648593749997 0.3850578140625 0.194284925 0.40159815312499997 0.1865458890625 0.4190503375 0.187802040625 0.433661 0.1781780796875 0.437605209375 0.1630415671875 0.4356966546875 0.15201368125 0.4576232078125 0.15213513437499998 0.459375 0.4796875 0.459375
0 0.7562840390625001 0.0394374421875 0.76934045 0.0488739796875 0.776643115625 0.045120612500000004 0.7794007828125 0.031230951562499998 0.775484553125 0.019991971875 0.760686821875 0.0149025765625 0.7535291515625 0.01969501875 0.7485477796875 0.0232575421875 0.750191509375 0.029428378124999998 0.7562840390625001 0.0394374421875
0 0.8174965406249999 0.1752383171875 0.8111628171875 0.1578921140625 0.8034251703124999 0.15852825625 0.79916876875 0.16728615468750002 0.8005699156249999 0.18293589375 0.8087425453125 0.1854169765625 0.815561434375 0.183805375 0.8174965406249999 0.1752383171875
0 0.9471852046875 0 0.956592915625 0.016663298437499998 0.96408798125 0.025506059375 0.9712944468749999 0.015454628125 0.9640146406250001 0 0.9471852046875 0
0 1 0.153516496875 0.997881321875 0.1498982296875 0.9848235203125 0.15727773437499998 0.9839521671875 0.1678593265625 0.9897547093749999 0.1757902421875 1 0.1776306078125 1 0.153516496875
0 0.6724011546875 0.459375 0.675536575 0.45911722499999996 0.675924153125 0.450677396875 0.6747642 0.442364796875 0.6688654578125 0.42813581875000006 0.66185278125 0.433967334375 0.6576451750000001 0.43746624531249995 0.6537275578124999 0.44304330625 0.6550325031249999 0.4523949796875 0.665493646875 0.459375 0.6724011546875 0.459375
0 0.0495760125 0.69155340625 0.043945196874999995 0.6709964265625 0.0263081140625 0.6699735109375 0.0150989859375 0.6820232421875 0.0277285375 0.693349571875 0.0340433109375 0.6990127359375 0.046218521875 0.7004846953125 0.0495760125 0.69155340625
0 0.2984798125 0.786081328125 0.2946679859375 0.785158246875 0.2871575078125 0.7907215734374999 0.2843117625 0.803320184375 0.2914794453125 0.81509555625 0.3025737625 0.8154199125 0.3113931203125 0.8060395828125 0.30553431875000003 0.790447209375 0.2984798125 0.786081328125
0 0.3059968296875 0.7013836875 0.3105467515625 0.7207930625 0.32334851875 0.7135582546875 0.324373640625 0.7011093234375 0.3160676609375 0.694373396875 0.3059968296875 0.7013836875
0 0.41771917812500003 0.914762303125 0.41140440468749995 0.909099140625 0.4050322234375 0.909623021875 0.39974093437499997 0.9112945031249999 0.39712317812500003 0.9189285109374999 0.3952451484375 0.9252652390625 0.3999098828125 0.9323005234374999 0.408785009375 0.9365167249999999 0.4162380828125 0.9371404468750001 0.41942499062499994 0.9269867140624999 0.41771917812500003 0.914762303125
0 0.7218200375 0.459375 0.7211568984375 0.46103050312500005 0.7292319390625 0.47402956406249996 0.7391444984375 0.488979546875 0.7476545203125 0.5050958328124999 0.7514745515625 0.51003675 0.7400158515624999 0.4783979546875 0.7430147109374999 0.4718454328125 0.740778609375 0.459375 0.7218200375 0.459375
0 0.7447476937499999 0.5683945421875001 0.7469727890625 0.5619056359375 0.740929053125 0.5466375828125 0.7348839296875 0.548185571875 0.7255987515625 0.5489489421875 0.7255499578125 0.55420793125 0.7296111812499999 0.5664859875 0.7358974984375 0.5722751374999999 0.7447476937499999 0.5683945421875001
0 0.7667366062500001 0.7484089640625 0.7724429484374999 0.7500418140624999 0.778343078125 0.74745475 0.7784406671874999 0.7369367718750001 0.7746694328125 0.7267368671875 0.7711393921875 0.7238740984375001 0.766206815625 0.722177634375 0.7618542140625 0.7246374687499999 0.7596779140625 0.7258673859375 0.75556650625 0.7356643609375 0.75745281875 0.7323562921875 0.7593377421875 0.7458642671875 0.7667366062500001 0.7484089640625
0 0.9333525093749999 0.5570925890625 0.9276461687499999 0.5554597390625 0.9218422374999999 0.564344865625 0.920825890625 0.5738873828125 0.9240171499999998 0.5799309906250001 0.9364935843750001 0.5852112265625 0.9399274265625 0.5817759312499999 0.94079878125 0.5711943390625 0.9361087859375001 0.5600189703125 0.9333525093749999 0.5570925890625
0 0.83788111875 0.6637352375 0.8334797234375 0.6714540625 0.8337209187500001 0.6787912 0.8372509593749999 0.6816539671875 0.8464873421875 0.6861495875 0.856885065625 0.6821417640625 0.8575626312499999 0.675780084375 0.851808884375 0.6625901828125 0.8459575484374999 0.6599182562499999 0.83788111875 0.6637352375
0 0.8693656703125001 0.636973875 0.8653992578124999 0.647809921875 0.8676229624999999 0.6581370578125 0.8698954640625001 0.6632052046875 0.8760367859375 0.66795528125 0.8840170171875 0.6578402359375 0.88411460625 0.6473222578125 0.8797146015624999 0.638225040625 0.8724607296875 0.6367194171875 0.8693656703125001 0.636973875
0 0.713875240625 0.7958457171875001 0.711795140625 0.8033736984375001 0.712326321875 0.8127889875000001 0.71551758125 0.8188325937500001 0.7238839984375 0.8170937625000001 0.7294941406250001 0.8124285499999999 0.7315742421875 0.8049005687499999 0.7275130187500001 0.7926225109375 0.72117790625 0.79209235 0.713875240625 0.7958457171875001
0 0.57735246875 0.8270386984375 0.5867338453125 0.8325733921874999 0.5896351156249999 0.83653885 0.5956314453125 0.8402498484375001 0.6046740390625 0.84896538125 0.6097516093750001 0.8517009218750001 0.6168604875 0.8521674671875001 0.619424365625 0.8424977234375 0.614879365625 0.8323614296875 0.6090280296875 0.8296895031249999 0.6010491874999999 0.8229885078125001 0.59843790625 0.8211012015625 0.5930215515625 0.8215465 0.582672621875 0.820295334375 0.5735812328125001 0.8168387906250001 0.5664235609375 0.821631234375 0.5648760328125 0.8217584625000001 0.57735246875 0.8270386984375
0 0.4796875 0.903308775 0.48879894375 0.9047357250000001 0.4976003453125 0.9061141171875 0.500115428125 0.9017033609375 0.4977467265625 0.8903371515625 0.493152934375 0.885459846875 0.4796875 0.8875936890624999 0.4796875 0.903308775
0 0.616612346875 0.9289105390625 0.6051996640625 0.9256448374999999 0.5985257703125 0.9282955156250001 0.5951881265625 0.938028875 0.5949943390625 0.9422487890625 0.59712184375 0.9462778609375 0.6007968796875 0.9501797015625 0.603118175 0.9499888593750001 0.6134671046875 0.9512400265625001 0.623864828125 0.947232203125 0.6221249015625 0.934763303125 0.616612346875 0.9289105390625
0 0.62985838125 0.9845752874999999 0.6356135171874999 0.9809491484375 0.667482865625 0.9793800390625 0.669272978125 0.9697739078125001 0.6487201125000001 0.9683106531250001 0.63372859375 0.9674411734374999 0.6282648359375 0.9563294203125 0.617867109375 0.96033724375 0.6127407437500001 0.9628606937499999 0.5969754609375 0.9620548281249999 0.6116756015625 0.9776621984375 0.6126905609375 0.9849357234374999 0.618300703125 0.9802705093749999 0.62985838125 0.9845752874999999
1 1 1 1 0.6300637484375 0.9982456062499999 0.6295311421875 0.976386403125 0.6355322515624999 0.9565585078125001 0.639264371875 0.9325717984375 0.6412364125 0.9115351562499999 0.6419149203125001 0.9008000375 0.6322875421875 0.8919484531249999 0.652984178125 0.8879332468750001 0.669079215625 0.8815493390625001 0.67380804375 0.8717315921875001 0.6819721671875 0.8681039609375001 0.6896273781250001 0.86031751875 0.695522509375 0.8531598468749999 0.7003149515625 0.839377075 0.70249908125 0.83260698125 0.6988516953125 0.81795424375 0.6948013765625 0.8139878312500001 0.7056374234375 0.826221684375 0.7203965640625001 0.8213365140625001 0.7302571515625 0.8277678250000001 0.737085378125 0.8309102906250001 0.7483879734375 0.8179974812499999 0.7568065546875 0.8045534921874999 0.755809846875 0.79802598125 0.7426835578125 0.784388203125 0.7459067625 0.782549296875 0.7607718828125 0.7773741375000001 0.7685543203125 0.770700240625 0.7712049999999999 0.769055121875 0.7818502046875 0.7471973109375 0.771035275 0.6840887703125 0.7562547593750001 0.715182965625 0.7715653078125 0.7426007375 0.7997900546875 0.737811765625 0.81594870625 0.7319102453124999 0.8353518109374999 0.728620009375 0.8566422250000001 0.7210747609375 0.8698744953125 0.7226683062499999 0.8981203609375001 0.7283244625 0.9218282421874999 0.7302093859375001 0.9353362171875 0.72053663125 0.9445394140625 0.72072903125 0.95713554375 0.7174875875 0.9731669671875001 0.7071386578125 0.9719158015625 0.6931146921875 0.9667627937500001 0.6877457437500001 0.9787651453125001 0.6911294015625 0.9974048812500002 0.69290465625 1 1 1