0 0.5269673625 0.1282046953125 0.516418625 0.12267891875 0.50091365 0.1267494078125 0.4949326328125 0.1361947015625 0.5006584515625 0.1449816578125 0.5133900625 0.14447429375 0.5215768359374999 0.14012000625 0.525809265625 0.1343888109375 0.5269673625 0.1282046953125
0 0.5507964140625 0.186524803125 0.5386552953125 0.1895021828125 0.529599946875 0.1984945578125 0.5297561515625 0.20328361718750002 0.5407391734375 0.2064903515625 0.55200028125 0.202588984375 0.56648048125 0.198367521875 0.5693871640625 0.1884693078125 0.5507964140625 0.186524803125
0 0.49476896875 0.198923540625 0.493031821875 0.20819971406249999 0.505340590625 0.21557346718749998 0.5138283296874999 0.21523522343749998 0.5186626921874999 0.21753611875 0.5246665921875 0.219214971875 0.53065905 0.2153317515625 0.528152325 0.2062247015625 0.5266818203125 0.20283069843749998 0.518773128125 0.2000768828125 0.5086701203125 0.1977941359375 0.49476896875 0.198923540625
0 0.50245729375 0.45027367500000004 0.5028915781250001 0.44795463125 0.508739275 0.444844425 0.4986362671875 0.44256167812499997 0.4905828125 0.44058087968750004 0.4826970046875 0.44895121250000003 0.47612549687500005 0.4559264890625 0.4840341890625 0.45868030312499997 0.497055325 0.45662691093749996 0.50245729375 0.45027367500000004
0 0.45647564531249996 0.43714478906250004 0.4582127921875 0.4278686171875 0.455427984375 0.42586967031249995 0.445168771875 0.4187978640625 0.43653627031250003 0.41990912031249994 0.4302657296875 0.43090044375 0.43057813593749994 0.4404785609375 0.44141639843749997 0.44445831093750005 0.452532740625 0.44132995625 0.45647564531249996 0.43714478906250004
0 0.4000900234375 0.4177171140625 0.4110616046875 0.41536177500000004 0.4144140171875 0.40870659062500003 0.4124863421875 0.396507484375 0.4074957796875 0.3894175296875 0.3990080359375 0.389755771875 0.3931717828125 0.3984280515625 0.3921584484375 0.40383915156250005 0.3930499046875 0.4103252125 0.4000900234375 0.4177171140625
1 0 0 0 0.4796875 0.32275332031250004 0.4796875 0.331544378125 0.4632226453125 0.3586228703125 0.4648289046875 0.3620971609375 0.44627656250000003 0.37961736562500004 0.42582179687500005 0.3867450375 0.40463031562499996 0.3878802515625 0.387322053125 0.392546965625 0.3792718140625 0.3964555453125 0.3584004265625 0.394082140625 0.3429582875 0.3961202515625 0.33769815937500003 0.4070689515625 0.32421867187500003 0.41537760468749996 0.3079672234375 0.4087488875 0.28713213125000003 0.412836553125 0.28217395 0.4145622578125 0.2673357046875 0.4095602515625 0.2546836765625 0.39271809062499996 0.2490250734375 0.39065709375 0.243161053125 0.39063420937500004 0.23203690625 0.40527061406250003 0.232604503125 0.4061277453125 0.22240434375 0.39075608906250003 0.22013974531249997 0.39644758125 0.2122404796875 0.40391054375 0.21175126249999998 0.41794501562499997 0.20428676875 0.4098572359375 0.1856197484375 0.38672165000000003 0.1798283203125 0.361826034375 0.1721889171875 0.3511210921875 0.1618740796875 0.3442257375 0.153709165625 0.3459628828125 0.14443299375000002 0.35590968749999996 0.1419266796875 0.3640735765625 0.1264482453125 0.3366941203125 0.12082593906250001 0.3138709421875 0.1246126296875 0.2807771125 0.1157654421875 0.26992740937500004 0.10622361875 0.23638784687499997 0.0941334 0.23957261562499998 0.0771270828125 0.2127722078125 0.06841271875 0.2032253640625 0.05191376875 0.1914727625 0.0303238109375 0.1864593140625 0.012109707812499999 0.1697504734375 0.0001160171875 0.16896297031250002 0 0.14976083125 0 0.1407900765625 0.00855894375 0.1145801578125 0.0023145953125 0.0854749984375 0.0115305359375 0.090340340625 0 0 0
1 0.6 0 0.6 0.4796875 0.975760909375 0.4796875 0.9796216328125 0.4752335375 0.9949246374999999 0.44412569218750003 1 0.4398143 1 0.104704640625 0.9927447375 0.095883115625 0.9852703296875 0.09081025781249999 0.9662338531250001 0.0856227234375 0.9385648734375 0.08154644531250001 0.9342866781250001 0.0650293453125 0.934854284375 0.0563752140625 0.920484521875 0.043137440625 0.8985070328125 0.031161898437500002 0.8796038750000001 0.019639275 0.8664036515625 0.005779462500000001 0.8596737859375001 0 0.6 0
0 0.5818546109375 0.7240475234374999 0.5804069890625 0.731777665625 0.5832032375 0.7393386890625 0.5859880453125 0.7413376375 0.5880376 0.7416395828125 0.5928147515625 0.716130109375 0.5850622640625 0.7181653546875 0.5818546109375 0.7240475234374999
0 0.5241203624999999 0.6893286812499999 0.51314878125 0.6916840203125 0.5070115609375 0.6963402546874999 0.504550603125 0.7094815000000001 0.5187641640625 0.7179302125 0.5298690640625 0.709239784375 0.532619546875 0.6945525109374999 0.5241203624999999 0.6893286812499999
0 0.4904365453125 0.8916893218750002 0.5078463125 0.8886937937500001 0.5054729078125 0.8732516546875001 0.49200604375 0.8720620171875 0.47944207812500006 0.8829205140624999 0.476691596875 0.8976077859375 0.4904365453125 0.8916893218750002
0 0.4765393765625 0.9658987 0.4676287921875 0.9741180609375 0.468531690625 0.986166196875 0.4820099953125 0.9929179078124999 0.49928644218749996 0.9962574671875 0.51257421875 0.981533896875 0.49250152343750003 0.970633315625 0.4765393765625 0.9658987
0 0.33915458125 0.9853758171875 0.3422174703125 0.9802666625 0.3424955515625 0.9731585609375 0.3279810296875 0.9606938015625002 0.31598466875 0.96289816875 0.30619406875 0.970193540625 0.3037331125 0.9833347843750001 0.31618664218750003 0.9899355218749999 0.3322821078125 0.9883350499999999 0.33915458125 0.9853758171875
0 0.35459836562499997 0.880414984375 0.3494630390625 0.8740980453125001 0.3330666046875 0.8716824734374999 0.3153673140625 0.8762240312499999 0.32534844375 0.8904039390625 0.336186703125 0.8943836890625001 0.3496421265625 0.8900112531249998 0.35459836562499997 0.880414984375
0 0.3836444859375 0.7068645921875 0.3834821484375 0.6924396703125 0.370872415625 0.681049871875 0.3618285109375 0.6956043218750001 0.3630209328125 0.7061064265624999 0.3697600859375 0.7094822828125 0.3836444859375 0.7068645921875
0 0.1469734328125 0.4796875 0.14070101562499998 0.48747775468750004 0.14013340937500002 0.4961318875 0.1503811796875 0.49764161875 0.1603165421875 0.489573234375 0.16664981875 0.4796875 0.1469734328125 0.4796875
1 0 1 0.230548834375 1 0.23497405468750002 0.9962408875000002 0.246791325 0.9781233140625 0.24704652343750003 0.9598910640625 0.25505421093749997 0.9396235687499999 0.250196965625 0.9261985265625 0.24899310156249999 0.9101343468749998 0.251019771875 0.8993121453124999 0.2530464421875 0.88848994375 0.247732028125 0.8662597984375001 0.2480101109375 0.85915169375 0.250615828125 0.8452374375 0.2551492234375 0.8435222859374999 0.2603949875 0.8323799890625001 0.2562729953125 0.82065195 0.2590463609375 0.8170888234374999 0.260048253125 0.80611565 0.2563605484375 0.7920685671875 0.258832946875 0.784489396875 0.2798960953125 0.77885473125 0.28689044531249996 0.7639983359375 0.270337809375 0.7567937046875001 0.2599681609375 0.767181134375 0.2516480671875 0.777870509375 0.2453546421875 0.7777376859375 0.24124409062500002 0.77157171875 0.243705046875 0.7584304734374999 0.2322648546875 0.746418634375 0.2260818671875 0.728826575 0.2126150015625 0.7276369359375 0.20002815312500002 0.7273712859374999 0.183909803125 0.7178476125 0.193711846875 0.7161143140625 0.2007176390625 0.70681999375 0.20962822499999997 0.6986006328125001 0.20739958125000002 0.6823854796875001 0.1974413359375 0.67932971875 0.1759439015625 0.687283428125 0.1627665609375 0.6845477625 0.17123141875 0.6730853703124999 0.15438925781249999 0.6674267687500001 0.14327291250000002 0.6705551234375 0.1240687890625 0.6550164546875 0.1313526671875 0.63861403125 0.0978016640625 0.6209617375 0.0963197171875 0.6120056609375 0.0630696796875 0.5983694125 0.0637820484375 0.5889422671875 0.0486884765625 0.5795695656250001 0.048376067187499996 0.569991446875 0.060071459375000004 0.5637710359375 0.0479074546875 0.55562426875 0.018935615625 0.5585051203125 0.013800289062500002 0.55218818125 0.017720309375 0.5368788671875 0.009209684375 0.5260929625 0 0.5327458765624999 0 1
1 1 0.4796875 0.6 0.4796875 0.6 0.961500059375 0.8643595234375001 1 0.9902829265624999 1 0.9895715546874999 0.9905075828125 0.9929125265625001 0.978290325 1 0.9733567640625 1 0.4796875