0 0.5091937343749999 0.1639340921875 0.519001653125 0.160912484375 0.5214135546875001 0.14912790781250002 0.5181351328125 0.1357756421875 0.5101200718750001 0.1344260359375 0.5050945953125 0.1380497515625 0.5016189421874999 0.141528075 0.498409228125 0.1470829625 0.4988310359375 0.156500190625 0.5016876484374999 0.160435228125 0.5091937343749999 0.1639340921875
0 0.47508426875 0.0568046328125 0.480664525 0.063636428125 0.48841364531250003 0.062909471875 0.4961398640625 0.055880128125 0.5029353015625 0.041582817187499996 0.5073188359375 0.039070078125000005 0.500431790625 0.028157853125 0.4950074046875 0.028666723437500003 0.488565071875 0.0334741125 0.4838055328125 0.039174389062499995 0.4753044015625 0.046276428125000005 0.47508426875 0.0568046328125
0 0.493874265625 0.1790310578125 0.48045772343750004 0.1844927078125 0.46573439375000003 0.18587392656249999 0.4536017390625 0.1891136234375 0.46332249374999995 0.197658503125 0.4761199921875 0.199610215625 0.4843780890625 0.1967339953125 0.49677668124999996 0.1955708640625 0.506341565625 0.196775078125 0.5175892421875 0.19887218125 0.5214409 0.1922063171875 0.5196251375000001 0.1902751453125 0.520620184375 0.1796742453125 0.534389828125 0.1647226703125 0.52006540625 0.16921873437499999 0.5058739515624999 0.17475308125 0.493874265625 0.1790310578125
0 0.46478447031250003 0.38665733593749996 0.47253359218749996 0.385930378125 0.4760092453125 0.3824520546875 0.4766282859375 0.37503869375 0.472574953125 0.361759121875 0.46119430625 0.3586237375 0.4590025390625 0.35988010625 0.45630179843749996 0.3632857328125 0.4539999625 0.36980620468750003 0.455838628125 0.3780397625 0.4583192359375 0.38516233906249997 0.46478447031250003 0.38665733593749996
0 0.5007739609375 0.47784909531249997 0.5037177390625 0.47021764375 0.5041809078124999 0.4554636171875 0.49937556250000004 0.44855912656249997 0.49355227187499995 0.4459531515625 0.483368346875 0.4521623 0.477966865625 0.45897355468749995 0.4719234390625 0.46689578750000005 0.4693556671875 0.47133969843749995 0.46782874531249996 0.47778747343749994 0.46953444062500005 0.4849827453125 0.4824649109375 0.48797274062499996 0.49304774218749997 0.4848784359375 0.5007739609375 0.47784909531249997
0 0.3542851453125 0.0565786921875 0.36179123125 0.0600775546875 0.36681670781250003 0.0564538390625 0.37219528749999997 0.0433402 0.3715533453125 0.044451178125000004 0.3694716453125 0.04044344375 0.3647992703125 0.0345772328125 0.35806809687499996 0.031005675 0.3531755890625 0.035667671875 0.3519146046875 0.0441920109375 0.3542851453125 0.0565786921875
1 0 0 0 0.5296875 0.421195134375 0.5296875 0.42176027187500004 0.5283424734375 0.42441520937500005 0.5123320765625 0.42501134687500003 0.49861633125000004 0.4334024125 0.49677839687500003 0.45574189374999996 0.4936319375 0.45441220312499997 0.48324912343750004 0.45773198437499996 0.472430134375 0.4378731109375 0.48269917187500005 0.42751041250000005 0.47526527031250004 0.42744170625000005 0.45635811718749997 0.4252270375 0.4513121015625 0.4245621921875 0.44612069375 0.4369607859375 0.44495756249999996 0.4440221578125 0.43273681249999996 0.4428254375 0.42339228125000006 0.43427850156250003 0.41788955000000005 0.4282993390625 0.407942909375 0.4322839671875 0.402315328125 0.4447054625 0.40745457968750004 0.4499739765625 0.39960504375 0.450061140625 0.38803855625 0.4447468234375 0.3832833234375 0.4392995359375 0.377489809375 0.447644796875 0.36304710625 0.45018966562499996 0.3523008125 0.44872700625000006 0.34087971875 0.451226071875 0.31752865625000004 0.4457558828125 0.3054327578125 0.43466407812499996 0.3106763203125 0.43001460468749997 0.3111124953125 0.4268462484375 0.292496125 0.4295011875 0.27648572968749996 0.4288134390625 0.2649919375 0.4352328703125 0.253882165625 0.43711289531249997 0.237944465625 0.45526607343750003 0.2204801546875 0.446939271875 0.2044492171875 0.43502675 0.1971607078125 0.42276112499999996 0.1993621203125 0.41450303125000004 0.2022383390625 0.404672209375 0.1989575609375 0.405401315625 0.186280096875 0.4052225421875 0.1726370453125 0.3951486859375 0.1735820921875 0.39045340781250004 0.1614134984375 0.3859140015625 0.156585571875 0.3884359703125 0.13953689375 0.384978775 0.1125415765625 0.37627596875 0.0996981796875 0.3673072234375 0.0847782203125 0.3565227171875 0.06792709062499999 0.34627008593749997 0.0552290859375 0.3364163625 0.0456459265625 0.34099712968749996 0.0263026 0.3568255703125 0.0090563734375 0.367942153125 0 0.3431743296875 0 0.34090551874999997 0.0010930609375 0.332560259375 0.015535764062499999 0.31577813125 0.0192116359375 0.3089368921875 0.020904178125 0.302558821875 0.0078426953125 0.2955846125 0.0084969578125 0.289252346875 0.008040242187500001 0.2858223078125 0 0.2694421375 0 0.26611505156250004 0.0049570140625 0.2550003421875 0.0038981921875 0.24452757812499998 0.00172839375 0.24273334531250002 0 0 0
0 0.8908053015625 0.1133680109375 0.8932401046875 0.107885821875 0.8900946515625 0.0955718359375 0.884780334375 0.0908166046875 0.877806125 0.0914708671875 0.872913615625 0.0961328625 0.87007990625 0.09850020781249999 0.8699698390625 0.1037643109375 0.8743991781249999 0.11385634375 0.878539678125 0.1155694265625 0.8908053015625 0.1133680109375
0 0.5792906343750001 0.14259172343749998 0.576745765625 0.153338015625 0.5780754546875 0.16372083125 0.579538115625 0.1751419265625 0.58086780625 0.18552474218749998 0.591473540625 0.1887328203125 0.5940184093750001 0.1779865296875 0.599264021875 0.1638346078125 0.602583803125 0.1530156171875 0.5985533703125 0.14603843125 0.5907813484375 0.14046300625000002 0.5792906343750001 0.14259172343749998
0 0.606793009375 0.1736358546875 0.600107640625 0.1826690640625 0.6022122421875 0.19297918281249998 0.608810446875 0.1955124625 0.6139688921875 0.1929270265625 0.6188614015625 0.18826503125 0.6167567984375 0.1779549125 0.606793009375 0.1736358546875
0 0.824795915625 0.044956825 0.8199676703125001 0.03174995 0.8147449609375 0.05220425468749999 0.8065326687500001 0.067685240625 0.7983846421875 0.065297353125 0.7889527265625 0.0651314234375 0.79017235 0.08077833906250001 0.7935608390625 0.088866503125 0.799540003125 0.09881314375 0.8066700828125001 0.10549954531250001 0.811452525 0.1061016515625 0.8157259921875 0.10885301875 0.8234751124999999 0.108126059375 0.8226543968750001 0.0955939859375 0.8191329390625001 0.08646754062499999 0.817138403125 0.0708933203125 0.824795915625 0.044956825
1 0.5390625 0.5296875 1 0.5296875 1 0.4457362515625 0.998846921875 0.4426264640625 0.9970082578125 0.43439290625 0.9891032640624999 0.42777919999999997 0.9774795843749999 0.42886963749999996 0.9660531328124999 0.413129484375 0.9620227015625 0.4061522953125 0.9502431484375 0.39990206875 0.93604725 0.368660390625 0.923093878125 0.35936801093750004 0.9085448781250001 0.337616259375 0.8930421921875 0.30229415 0.88976376875 0.2889418828125 0.8910890171875 0.2625486734375 0.8789105562499999 0.2531835984375 0.8649850406249999 0.2607945078125 0.8529853546874999 0.2650724859375 0.8440166093749999 0.25015252656250003 0.8354467718749999 0.23834741093749998 0.837459765625 0.22344799218750003 0.833695271875 0.21854736875 0.831677834375 0.19667076249999998 0.8224660531250001 0.185976625 0.799484628125 0.1902340625 0.79822364375 0.1987584015625 0.7894336734375 0.1974814921875 0.7783647703125001 0.2090274390625 0.7687998875 0.20782322656250002 0.7630866624999999 0.19995315 0.75309996875 0.18933170625 0.7321773421875 0.19129449375000002 0.725469071875 0.1940253203125 0.7265557250000001 0.2086339546875 0.71681206875 0.1937866921875 0.704830840625 0.1675910296875 0.6973247546875 0.164092165625 0.6853708734375 0.1809749109375 0.6823170281250001 0.1938704625 0.6654019328125 0.1965080515625 0.6612843359375 0.2010973515625 0.6482208968750001 0.1970690765625 0.6407377140625 0.1998725984375 0.625638378125 0.2044413578125 0.607971271875 0.213454028125 0.5791894578125001 0.221407875 0.5557448625 0.240419340625 0.54224115625 0.2574474765625 0.5390625 0.2641352359375 0.5390625 0.5296875
0 0.3815848609375 0.5778511109375 0.386899178125 0.58260634375 0.3936074484375 0.5798755156250001 0.4000497828125 0.5750681296875 0.4059602375 0.566107615625 0.4006230171875 0.5550499984374999 0.38293300937499997 0.557760284375 0.380631175 0.56428075625 0.3815848609375 0.5778511109375
0 0.21457985000000002 0.5903658625 0.206165884375 0.5859014140625 0.20127337656250002 0.5905634109375 0.2005442671875 0.603240875 0.2045976015625 0.6165204453124999 0.21688612968749998 0.620621415625 0.219541065625 0.6046110203125 0.21457985000000002 0.5903658625
0 0.128853446875 0.6068140453125 0.1220122078125 0.6085065875 0.11025555625000001 0.60855874375 0.1064038984375 0.6152246078125 0.107490553125 0.6298332421875 0.11411165937500001 0.638668903125 0.12418551562499999 0.6377238593750001 0.1288120875 0.6309853000000001 0.1317329625 0.617051465625 0.128853446875 0.6068140453125
0 0.2947622328125 0.68371634375 0.3040840796875 0.6891463796874999 0.3144009734375 0.6839755140625 0.31734475 0.6763440640625 0.31056777343749997 0.660167734375 0.2995860359375 0.660147196875 0.2948264953125 0.6658474734375 0.2947622328125 0.68371634375
0 0.327487315625 0.694306171875 0.32077904375 0.6970369953125 0.3165513796875 0.7068903984375 0.3182570765625 0.7140856734375001 0.321269559375 0.7253613765625 0.32824376875 0.7247071140625 0.33805168750000003 0.72168550625 0.340995465625 0.7140540578125 0.3401747484375 0.701521984375 0.327487315625 0.694306171875
1 0.5390625 0.8867422250000001 0.5223929218750001 0.8935281312499999 0.5057437640625 0.8982422843750001 0.477264803125 0.8473254140625001 0.47077666718750005 0.8395280328125001 0.47743913281249994 0.8241924390625 0.46280296718749997 0.814007171875 0.4555857234375 0.81888725625 0.441747371875 0.8149316765625001 0.4313846734375 0.8074977750000001 0.41105818593750004 0.795744815625 0.4246948609375 0.7797549593750001 0.41380028593749996 0.768167934375 0.4013145296875 0.7808975531250001 0.39865514687500003 0.7601319249999999 0.4038549546875 0.7333752359375 0.381891478125 0.7333341546875 0.378195690625 0.7473406859375 0.363784103125 0.7634032359375 0.3517386125 0.7550764437499999 0.3510279625 0.73728026875 0.34026635625 0.726731521875 0.336011346875 0.6935065171875 0.313937803125 0.6987295390625 0.316464215625 0.7184568875 0.3191006953125 0.73292013125 0.30707810625 0.7308957234375 0.28234518125 0.7153531171875 0.287567890625 0.6948988125 0.2855733546875 0.6793245906250001 0.26345400625000004 0.6719428453124999 0.2593822140625 0.689136915625 0.25439809687500003 0.668589371875 0.2370840921875 0.6681121171875001 0.23584601093750002 0.6829388406250001 0.2119567046875 0.6862306921875 0.19966817812499998 0.682129721875 0.1792774265625 0.6882456343750001 0.15919397500000002 0.672266853125 0.135992415625 0.687052496875 0.12175515781249999 0.6799820750000001 0.11416190781249999 0.6880496968750001 0.09633892968749999 0.6897217015624999 0.0847610515625 0.7034169046875001 0.07028075781250001 0.7005723046875 0.059390628125 0.7257613015625 0.0121438921875 0.73649813125 0 0.7500332046875 0 1 0.5390625 1 0.5390625 0.9371982234375 0.5376525734375 0.9330760609375 0.5244790671875 0.9343118890625 0.519916759375 0.9231815781249999 0.5390625 0.9048408406250001 0.5390625 0.8867422250000001
1 0.588147096875 0.5296875 0.58478890625 0.5328236359375 0.5654390046875 0.5409434156249999 0.552178334375 0.55374573125 0.5421502828125 0.5672955453124999 0.5390625 0.5762974375 0.5390625 1 1 1 1 0.6178308484375 0.9967023749999999 0.6139674687500001 0.9945748703125 0.597354965625 0.9847440484375 0.5940741890625001 0.9809566531249999 0.5828711796875 0.9759954375 0.568626025 0.9664076515625 0.561119428125 0.9605385562500001 0.5459086859375 0.9703235734375 0.5365846921874999 0.9676622765625 0.5296875 0.588147096875 0.5296875