0 0.5678364015625 0.50462361875 0.5650506187500001 0.49502409687500004 0.5467641671875 0.4931186703125 0.5378535828125 0.5025274421875 0.54552735 0.5143496671875 0.55381953125 0.51555636875 0.562980959375 0.51619686875 0.5683054750000001 0.510926253125 0.5678364015625 0.50462361875
0 0.531324803125 0.5428249640625 0.5302334937500001 0.5615581921875 0.5339612484375 0.5693426453125 0.5497855140625 0.5704489609375 0.556666615625 0.5671681421875 0.55905986875 0.5547957796875 0.547581765625 0.55085839375 0.541282696875 0.5441481687499999 0.531324803125 0.5428249640625
0 0.5096380171875 0.5275151546875 0.5191957375 0.53570715 0.539616978125 0.544031715625 0.541646465625 0.5379037609374999 0.5379550890625 0.5294948734375 0.5375587687500001 0.5219433765625 0.524996978125 0.5078984453125 0.5134461484374999 0.5052099734375 0.5063467875 0.5122374296875 0.5096380171875 0.5275151546875
0 0.510248771875 0.545740403125 0.516626659375 0.5423279765625 0.509310625 0.5331351328125 0.4994982375 0.529314203125 0.49033680625000003 0.5286737031250001 0.4883437265625 0.534177228125 0.48805271250000004 0.539172728125 0.4958719921875 0.54849718125 0.5067354843749999 0.5486297 0.510248771875 0.545740403125
0 0.161033653125 0.5796875 0.1659960359375 0.5781013781250001 0.173422821875 0.5654539468750001 0.1665455171875 0.5543143796875001 0.1498156515625 0.5543987484375 0.1451784734375 0.562225315625 0.137933575 0.5717505421875 0.141144971875 0.5796875 0.161033653125 0.5796875
0 0.0774187203125 0.5796875 0.0774950953125 0.5756759437500001 0.06601699062500001 0.5717385593750001 0.064012678125 0.5796875 0.0774187203125 0.5796875
0 0.062434246875 0.5796875 0.0601870265625 0.5713309718749999 0.0558083125 0.5603661343749999 0.0487816734375 0.566144725 0.0482360203125 0.5755113390625 0.048419875 0.5796875 0.062434246875 0.5796875
1 0 0 0 0.48024252812499996 0.0008703624999999999 0.48128719062499997 0.015643465625 0.4860819125 0.019007450000000002 0.500110728125 0.039064925 0.514679653125 0.056554846874999995 0.51590241875 0.06426499531249999 0.5271002124999999 0.0817550109375 0.5283229859375 0.1010926 0.5265400062500001 0.1146000984375 0.5243494296875 0.12843132031249999 0.5309592703125 0.1327047296875 0.5293770656250001 0.1478014265625 0.5429721953125 0.1785079578125 0.5469999390625 0.18444325625 0.5599545734375 0.20602476875 0.562717340625 0.2063521625 0.5570973640625 0.22293651718750002 0.559510815625 0.22688633125000002 0.5491281984375 0.24278335312500002 0.5489856515625 0.2531011921875 0.5584847859375001 0.2651575015625 0.5668514640625 0.28239285000000003 0.5724452999999999 0.3169764390625 0.5673393375 0.3222607796875 0.5771135390625 0.3221108328125 0.5796875 0.3386438578125 0.5796875 0.3390270234375 0.5764047406249999 0.3394635453125 0.56891146875 0.35134175 0.5659800109375 0.362929003125 0.5680440515625 0.3638020515625 0.5530574625 0.3559463953125 0.5443574875 0.366522696875 0.53506516875 0.3731855359375 0.5355309859374999 0.3797756203125 0.5372456640625 0.3851327140625 0.5457710046875001 0.40197171093749995 0.5438133421875 0.40744175 0.536044953125 0.429965234375 0.536992653125 0.45040376249999997 0.5365405921875 0.4636605125 0.52430075 0.4787610390625 0.523475496875 0.49857149375 0.513574809375 0.516138028125 0.49912832968750004 0.5236375703125 0.4852319875 0.5212883125000001 0.46813919375 0.5372580874999999 0.46674773593749996 0.538854846875 0.4536927125 0.560800096875 0.4502110703125 0.5798064625 0.468468453125 0.5971145171875001 0.4728134234375 0.608091 0.45665221718750004 0.609796890625 0.4417238546875 0.590386546875 0.44475574375000004 0.5952056109375 0.43380692656250003 0.5982498578125 0.42461499375 0.6108154453125 0.4242395359375 0.612230334375 0.4143067203125 0.6296875 0.4160996640625 0.6296875 0.408149715625 0.6287457484375001 0.40354864843750005 0.6207445875000001 0.3973464 0.6285676921875 0.392250465625 0.6296875 0.3917345359375 0.6296875 0.0940585484375 0.6183663125 0.07929916406250001 0.6110199328125 0.06185700937500001 0.591326246875 0.0410436296875 0.5795609515625 0.0276814046875 0.563776884375 0.01153031875 0.5420862421875 0.01064089375 0.5323721328125 0 0 0
0 0.879440740625 0.129639665625 0.8671333859375 0.12564484843749998 0.8544623265624999 0.12789336093749998 0.8466768578125 0.13596860156249999 0.8511532796875001 0.14881907968750002 0.8666283984375 0.15225176875 0.8773088515625 0.1482968984375 0.879935946875 0.139077425 0.879440740625 0.129639665625
0 0.93711655625 0.0365061625 0.937975471875 0.039700590625 0.9489238140625 0.0490855609375 0.9576136578125001 0.043424331249999996 0.960240753125 0.034204859375 0.9553096953125 0.029158548437499997 0.9482061796875 0.025527542187500002 0.9409208078125 0.025018203125 0.9363940328125 0.030970484375000003 0.93711655625 0.0365061625
0 0.767695378125 0.20018675 0.7773756374999999 0.21340104062499998 0.7859290921875 0.21008106093749998 0.7936236328125 0.203566653125 0.7911378171875001 0.192422534375 0.7842161546875 0.1856698640625 0.7744855421875 0.1912583296875 0.767695378125 0.20018675
0 0.6765688390625 0.32937777968750004 0.6741284890625 0.31745324531249997 0.659648671875 0.314873734375 0.649150075 0.31570694062500004 0.6487863671875 0.32195027187499997 0.6491906468749999 0.33294886562500003 0.6571530796875 0.3397742984375 0.6696422875 0.34064744999999996 0.6750279765625 0.33788959687500003 0.6765688390625 0.32937777968750004
0 0.7085613015625001 0.49773657499999996 0.70213484375 0.5004216640625 0.7040750984375 0.5209307812499999 0.7103148125 0.5393896984375 0.7157865390625 0.553093353125 0.7223899609375 0.5653089390625 0.7405782109375 0.575983665625 0.7322569624999999 0.557379221875 0.72497648125 0.5388475421875001 0.7259766734374999 0.52167838125 0.724895334375 0.50436369375 0.7207777265625 0.5032922265625001 0.7085613015625001 0.49773657499999996
0 0.757617184375 0.3193721796875 0.75295401875 0.327665709375 0.75973929375 0.3367596296875 0.7624069609374999 0.3447820828125 0.7759369359375 0.345727996875 0.7782912515625 0.341191025 0.7787913468750001 0.33260644375 0.778387065625 0.32160785000000003 0.768161246875 0.3177585578125 0.757617184375 0.3193721796875
0 0.6296875 0.33769799843750004 0.6402734859375 0.3425121765625 0.65827499375 0.374330909375 0.6538943875000001 0.341897259375 0.6502314140625 0.33302162812499997 0.6383786953125 0.32122264375 0.6296875 0.3062749828125 0.6296875 0.33769799843750004
1 0.6296875 0 0.6296875 0.2122364515625 0.6496746171875001 0.2170106546875 0.6894413109374999 0.25191823750000003 0.676239359375 0.209464725 0.6747488500000001 0.1991737859375 0.69931809375 0.2079438375 0.71818829375 0.20691231718749997 0.731945584375 0.20395615 0.7554334875000001 0.1954115171875 0.772813178125 0.18408905625 0.78055318125 0.17679423125 0.7894248796875 0.1680113359375 0.79408804375 0.15971780468750002 0.816207159375 0.19260800625000002 0.8205115078125 0.172535465625 0.8124630390625001 0.14924852500000002 0.83156055625 0.14431492343750002 0.8269932062500001 0.133025278125 0.846318040625 0.12418959375000001 0.845822834375 0.114751834375 0.8426599578125 0.09729162031250001 0.8462368937499999 0.0897057453125 0.8567354937499999 0.0888725375 0.8786825328125 0.088839721875 0.880314321875 0.07876707031249999 0.8941170765625 0.07503048749999999 0.9151597375 0.072583659375 0.9170643093749999 0.0578285109375 0.9038071140625 0.05220009531249999 0.897835290625 0.047081021875000004 0.9079296093749999 0.0352492234375 0.91146108125 0.028443762500000004 0.922277925 0.0221476421875 0.92712294375 0.010732446875 0.946533815625 0.01835826875 0.9535171078125 0 0.6296875 0
0 0.6296875 0.7140946078125 0.621938421875 0.7140001375 0.6185433406249999 0.71846435 0.617634075 0.734072678125 0.624601203125 0.74004493125 0.6296875 0.740400528125 0.6296875 0.7140946078125
1 0 0.5796875 0 1 0.41043598281250004 1 0.41746890312499996 0.9949779718750001 0.4534460125 0.9873064906250001 0.475211196875 0.9903953390625 0.4953040203125 0.986314915625 0.49589504375000004 0.9761695015624999 0.4815061546875 0.9720291578125 0.4830015546875 0.96429775625 0.5109253078125 0.9513616734375001 0.527259340625 0.9579887921875001 0.532013434375 0.9481344296875001 0.5271278406250001 0.9423077015625001 0.5547284578125 0.9528568749999999 0.5666315328125 0.9458531015625 0.5801209328125 0.9295570906249999 0.5647822046875 0.9237831515625 0.5512522296875 0.9228372374999999 0.5410718734375 0.9182075265625 0.547725646875 0.9116203546874999 0.5641506078125 0.9166866421875 0.567636615625 0.9106615984375 0.559674184375 0.9038361640625 0.556193065625 0.8918388671875 0.571582146875 0.87881005 0.57285023125 0.8749807281249999 0.587602825 0.872877740625 0.5883302390625 0.8603910796875001 0.573264290625 0.8499346390625 0.5680604546875 0.8495708265624999 0.5683786984375 0.8441079125 0.5819995984374999 0.84349299375 0.6073417203125 0.8389959671874999 0.6191993296875 0.832772609375 0.6127777609375 0.8174353578125 0.5899263453125 0.8150541624999998 0.5843636937500001 0.8029113390625 0.5870362499999999 0.79291145 0.5762697609375 0.7804048140625 0.5868592875 0.778010775 0.58640954375 0.7677925984375 0.577497271875 0.7593335703124999 0.5841221109375 0.7497141484375 0.5793161734375001 0.739223175 0.57588076875 0.720704034375 0.5801452515625 0.7094932 0.5708826593749999 0.6980136515625001 0.5698698609374999 0.6844028734375 0.5535316156250001 0.6703976515625 0.54876495625 0.659232425 0.53574850625 0.6501984296875001 0.53680903125 0.6319936125 0.539118028125 0.623354059375 0.5230940093750001 0.6039548171875 0.510627459375 0.5854812875000001 0.50586703125 0.5796875 0 0.5796875
0 0.6093428359375 0.735229428125 0.5921797359375 0.735383509375 0.59342820625 0.744948771875 0.6019880046874999 0.75299419375 0.608282309375 0.75343424375 0.612817521875 0.7530743156249999 0.6159864234375 0.7451718781250001 0.6093428359375 0.735229428125
0 0.5633303781250001 0.5796875 0.5633301765625001 0.5796878890625 0.5675862125 0.599618396875 0.590690109375 0.6059726390625 0.5972986437500001 0.6010186703125 0.599293409375 0.5977731375 0.597342146875 0.5847737484375 0.581672290625 0.5796875 0.5633303781250001 0.5796875
0 0.6041090578125 0.7165845609375 0.5968762843750001 0.716755896875 0.5998445718750001 0.7277953953124999 0.61086625625 0.7400749234375 0.616029928125 0.7289269546874999 0.6184174828125 0.7189388953125 0.6157984796875 0.717401796875 0.6041090578125 0.7165845609375
0 0.9560852796875 0.7535012921875 0.9434596828125 0.7549693890625 0.9378012109375 0.762409740625 0.9404234171875 0.771212609375 0.9526398437499999 0.7767682609375 0.962188603125 0.774301459375 0.9687059859375001 0.7700555375 0.964906625 0.7635211546875 0.9560852796875 0.7535012921875
0 0.9231591015625 0.69086253125 0.9330666781250001 0.700174740625 0.94347435 0.7009023671875 0.9520278046874999 0.6975823859375 0.9483648328125 0.6887067546875001 0.9373710281250001 0.6801022015625 0.9247454296875001 0.681570296875 0.9231591015625 0.69086253125
0 0.9447067499999999 0.66180878125 0.9372395265625 0.664421109375 0.9316265203124999 0.67108104375 0.9315810578124999 0.671861459375 0.9384117953125 0.6801749640625 0.954473046875 0.69148458125 0.96108135625 0.6856778234375 0.9593180671875 0.6800693843750001 0.9577820921875 0.6705588625 0.9447067499999999 0.66180878125
0 0.7465972640625 0.654227196875 0.7388166875 0.6442800984375 0.7239731671875 0.6479439203124999 0.7171375390625 0.65765275625 0.719577890625 0.6695772921875001 0.7279494921875 0.6693789765625 0.7459153140625 0.66593344375 0.7465972640625 0.654227196875
0 0.6296875 0.6967910500000001 0.6373929625 0.6990933046875 0.6490687187499999 0.6959916109375 0.6508368984375 0.6835777109375 0.6419700890625 0.6743382640625 0.63160788125 0.672830221875 0.6296875 0.6756580140625 0.6296875 0.6967910500000001
0 0.6578089140625 0.6715276234374999 0.6614313140625 0.66316133125 0.6522007999999999 0.6601652171875 0.6413839578125 0.6664613375 0.638802325 0.6749003921875 0.645769453125 0.6808726484375 0.6541410546875001 0.6806743328125 0.655500065625 0.67528418125 0.6578089140625 0.6715276234374999
0 0.6296875 0.6742650078125 0.6399794828125 0.6726319078125 0.6416567375 0.6617788390625 0.640979675 0.6554627453124999 0.6330627093750001 0.6478568953125 0.6296875 0.6511983171875 0.6296875 0.6742650078125