0 0.2602398859375 0.5160908281250001 0.2650215640625 0.51879585625 0.2779505140625 0.513005090625 0.28801380625 0.50321051875 0.2870641671875 0.49790793437499997 0.276127440625 0.496826703125 0.2593664484375 0.5052150265625001 0.2602398859375 0.5160908281250001
0 0.3785424328125 0.492813784375 0.374032078125 0.4916237828125 0.3636380015625 0.4935725984375 0.35487187656249997 0.5046115624999999 0.359306028125 0.511374784375 0.3675722171875 0.5155404515625001 0.377076115625 0.5146197765625 0.3824171890625 0.50845090625 0.3823577296875 0.5021201765625001 0.3785424328125 0.492813784375
0 0.6796875 0.34069324375 0.6749134234375 0.3350162875 0.6630043031249999 0.339091396875 0.6580871640625 0.3469216921875 0.6551049609375 0.351441628125 0.6604812109375 0.36028955156250003 0.6787438984375 0.3564048640625 0.6753725359375 0.3516945046875 0.6796875 0.3451545859375 0.6796875 0.34069324375
0 0.6796875 0.35847464218749997 0.6740760125 0.3585696234375 0.6638525734375 0.3649999140625 0.6621471953125 0.376649375 0.6647904953125 0.3843517015625 0.6676830484375 0.386388490625 0.6796875 0.3810117984375 0.6796875 0.35847464218749997
1 0.6796875 0 0.043437965625000005 0 0.046323903124999996 0.022066925 0.0290887859375 0.038746671875 0.0092606265625 0.06917665625 0.005779915625 0.0850276671875 0 0.10226761250000001 0 0.1111064296875 0.010318754687499999 0.1174289265625 0.017540290625 0.12952321875 0.0027888703125 0.1530141015625 0.0184388140625 0.1768842953125 0.019606290625 0.20457519375 0.0020519703125 0.219472559375 0.01747235625 0.235003646875 0.019208295312500002 0.2588113890625 0.050088465625 0.26186427343749996 0.057948412500000004 0.27752333125 0.0540785421875 0.28414404375 0.07111465781250001 0.29458239218750004 0.0422196765625 0.309671715625 0.049989975 0.33188749687499997 0.0821666703125 0.328065265625 0.0984047703125 0.3340476609375 0.0995022953125 0.3542906421875 0.1275795609375 0.3487500109375 0.1352099546875 0.35606995937499997 0.18043268750000002 0.340406309375 0.19867567656250001 0.35052626875000004 0.23775469999999999 0.357015946875 0.2681560625 0.3573952609375 0.2720062328125 0.36477919375 0.3151846828125 0.3729872703125 0.332061196875 0.3825344296875 0.363918684375 0.376929815625 0.41709101718749997 0.37036849374999997 0.45803502187499995 0.3660999015625 0.47773413593749997 0.3702359328125 0.4900324140625 0.375391121875 0.508564053125 0.35183625625000003 0.529649340625 0.3425404421875 0.5393545734375 0.3614458671875 0.566793428125 0.3523404765625 0.5761488984375001 0.33400631718749996 0.5965760765625 0.3351503828125 0.5976036484375 0.3479454453125 0.5922776515625 0.36055008437499997 0.6082664984374999 0.3721980171875 0.6275764546875 0.36710374843750004 0.650277471875 0.352715196875 0.6478134734375 0.33189941875 0.6567600859375 0.318339603125 0.6661155562500001 0.30000544375 0.6771370078125 0.298031109375 0.6796875 0.2968792640625 0.6796875 0
0 0.4900324140625 0.375391121875 0.46516690625 0.384750921875 0.46177584375 0.3940452046875 0.4759194078125 0.40244676718749994 0.486142846875 0.396016478125 0.49484020468749995 0.38812220000000003 0.4900324140625 0.375391121875
0 0.18942273437499998 0.524693896875 0.19794079375 0.5299130734374999 0.21283211875000002 0.5213180265624999 0.21387850468749997 0.5197320828125 0.21382913124999997 0.49865588125000004 0.194359571875 0.5028589578125 0.18750749687499998 0.513999609375 0.18942273437499998 0.524693896875
0 0.786661184375 0.204108034375 0.7794970375 0.19409851875 0.7645164046875 0.20043055 0.7562929296875 0.2144995625 0.7701547765625 0.2259153296875 0.785542396875 0.2218558328125 0.786661184375 0.204108034375
0 0.9371567765625001 0.2826069484375 0.9363260578125001 0.289965821875 0.947805434375 0.294077103125 0.9624552843749999 0.279899315625 0.9570714953125 0.267833509375 0.9496192796875 0.268212915625 0.9371567765625001 0.2826069484375
0 0.9856183921875001 0.3372526890625 0.9748935296875001 0.331355753125 0.9622359046875001 0.33866154375 0.958946515625 0.3442891484375 0.9604388046875 0.35262178125 0.970756678125 0.3562461796875 0.9769117265624999 0.35462238125 0.9864918265625 0.34812849218749997 0.9856183921875001 0.3372526890625
1 1 0 0.6796875 0 0.6796875 0.1240026578125 0.6827187 0.127607121875 0.6796875 0.134251109375 0.6796875 0.139425303125 0.701997821875 0.1272808 0.708678778125 0.140590996875 0.716038046875 0.1576887578125 0.7095187265625 0.1752746953125 0.7253727953125 0.17981846875000002 0.7397345750000001 0.1760296046875 0.7571738796874999 0.1714288453125 0.7668301828125 0.1593617359375 0.784176540625 0.17223813906250002 0.7974957359375 0.1806238578125 0.7969958015625 0.19582848749999998 0.7925281640625 0.2128731609375 0.7844998125 0.23403041562500002 0.7827621703125 0.2543213828125 0.7805413390625 0.27791303125 0.7804483921875 0.2953901984375 0.798235225 0.2867312421875 0.8110620000000001 0.2563750703125 0.8148513234375001 0.23554283593749997 0.8229818515625 0.23895099062499997 0.8404211546875 0.234350228125 0.8520696828125001 0.21541112343750002 0.8787248171875 0.22027861249999997 0.9058631406250001 0.22184542187499998 0.9312973093749999 0.21989530156249998 0.9391565125 0.22178843124999997 0.951330946875 0.217783321875 0.9567482234375 0.206041234375 0.9684989250000001 0.21166753749999997 0.9621152687500001 0.2300109890625 0.9572239 0.2566870734375 0.9826748140625 0.24283300625 0.9903556375000001 0.225733946875 1 0.23720225468749997 1 0
0 0.4357316328125 0.6888725796874999 0.44310764375 0.6940663890625001 0.4455663140625 0.6957976609375 0.4509668484375 0.69595951875 0.460139959375 0.6871930921875 0.46151333125000005 0.682864265625 0.45899520000000005 0.674802265625 0.45202617500000003 0.671880990625 0.45531556562500003 0.666253384375 0.44327679375000006 0.67101600625 0.43704554218749997 0.678213021875 0.43375615156249997 0.6838406265625 0.4357316328125 0.6888725796874999
0 0.46127360156249997 0.659375 0.4620894671875 0.66208641875 0.468499096875 0.6738815921875 0.47608697656250004 0.674259696875 0.480478409375 0.6627882421875 0.48316375625 0.659375 0.46127360156249997 0.659375
0 0.36650783593749997 0.6682630984375 0.35965773125 0.678003284375 0.351239134375 0.684984053125 0.341235303125 0.7011093546875 0.32821340625 0.7243772875000001 0.349425290625 0.7108482406250001 0.3635919484375 0.6999711359375 0.36790717968750003 0.6940728984375 0.37057771562499997 0.6909884625 0.3818025109375 0.6816807687499999 0.38325208437499997 0.671778725 0.37792775624999997 0.6660436468750001 0.36650783593749997 0.6682630984375
0 0.4014401078125 0.8153279203125001 0.4047127546875 0.8216042640625 0.411605575 0.8300987578125 0.420295496875 0.8246330109375 0.4240680796875 0.815704725 0.42394915937500005 0.803043265625 0.42429668749999994 0.798985071875 0.42553439375 0.7938987328125 0.42423722656249996 0.7926543421875 0.4123508625 0.7862705265625001 0.3992862484375 0.7913037796875 0.3984555296875 0.7986626546875 0.4014401078125 0.8153279203125001
0 0.7178134953125 0.719974446875 0.72842609375 0.72277445625 0.74283860625 0.7115058375000001 0.7441351296875001 0.70463071875 0.7369835453125 0.6999843421875 0.7268497593750001 0.6998579031250001 0.7157386546875 0.7083889671875 0.713803721875 0.7116993218750001 0.7178134953125 0.719974446875