0 0.3287342296875 0.3304062953125 0.345830121875 0.3345887421875 0.35453134531249997 0.3248929046875 0.35399992812500003 0.3178970234375 0.343196903125 0.3137283546875 0.32847417968750003 0.31317799375 0.311909703125 0.3159914296875 0.30840333124999997 0.32505098125 0.3287342296875 0.3304062953125
0 0.2119801046875 0.353336884375 0.21919385 0.3516687625 0.2325823703125 0.348459778125 0.2340108 0.33965474375000004 0.23157858281250002 0.3352453359375 0.2186976171875 0.3313311796875 0.2045063109375 0.33777670312499997 0.2119801046875 0.353336884375
0 0.2500037703125 0.0670252734375 0.2643722140625 0.0629117109375 0.26874041718749997 0.0513929421875 0.2569574671875 0.048128851562500005 0.249625628125 0.0482423296875 0.23861028125 0.0550834015625 0.23504486406249997 0.06336563281249999 0.2363200203125 0.06634765468750001 0.2500037703125 0.0670252734375
0 0.19953264531249998 0.1618616015625 0.1854003859375 0.1690844453125 0.1848337890625 0.1754302625 0.1894620390625 0.1811397953125 0.2010678515625 0.18207192656249999 0.20718357968749998 0.17975374375 0.208730103125 0.172503346875 0.20825773125000002 0.1662847859375 0.19953264531249998 0.1618616015625
0 0.17118521874999998 0.161410946875 0.178753240625 0.164406746875 0.18914294375000001 0.163134175 0.19045328125 0.152774496875 0.19101988125 0.1464286796875 0.183628996875 0.14576483906249998 0.17427826562499998 0.146910153125 0.16602555000000002 0.14870553125 0.16545895 0.15505135 0.17118521874999998 0.161410946875
0 0.15849148125 0.0633275671875 0.160120915625 0.0709735109375 0.1700621109375 0.0776013984375 0.181372690625 0.0746469296875 0.1892120828125 0.0674103109375 0.1906405125 0.05860527343750001 0.1861894 0.055227701562499995 0.1784442375 0.049899940625 0.1659765953125 0.051427028124999996 0.160097053125 0.05685449218750001 0.15849148125 0.0633275671875
0 0.0617302046875 0.33565068125 0.049026375 0.3340684875 0.03679491875 0.3387048546875 0.030171635937500003 0.34814617812500004 0.0363112296875 0.35994701406249996 0.05207292031250001 0.3603701171875 0.062108346875 0.35443362343749996 0.0634777296875 0.344851265625 0.0617302046875 0.33565068125
0 0.10635696718750001 0.23290011718749998 0.10763212343749999 0.23588213906250002 0.11971030468749999 0.24303283125 0.1275496953125 0.2357962125 0.12891908125 0.22621385625 0.12336994999999999 0.22218622031250002 0.115860975 0.21996774062500002 0.108588184375 0.22085854062500002 0.10490467343750001 0.2275861328125 0.10635696718750001 0.23290011718749998
0 0.7955710500000001 0.576417878125 0.799939253125 0.564899109375 0.7920759984375 0.55801670625 0.7848032078125 0.5589075078125 0.776786678125 0.5638121671875 0.7751220625 0.5695079234375 0.7766924484375 0.576376546875 0.7863384109375 0.5791178328125001 0.7955710500000001 0.576417878125
0 0.561554021875 0.5603617296875 0.5690630000000001 0.5625802109375 0.5794527015625001 0.5613076390625 0.589547171875 0.5561484640625001 0.5845646437500001 0.5457750109374999 0.580054484375 0.5416201187499999 0.5757214625 0.5397971874999999 0.5632538203124999 0.5413242734375 0.5539621359375 0.543246909375 0.5566895859375001 0.5515429171874999 0.561554021875 0.5603617296875
0 0.45400867500000003 0.5664733421875 0.4646936078125 0.569087371875 0.47398529375000004 0.5671647359375 0.48627579687499994 0.5633056890625 0.4886251046875 0.5528187546875001 0.4849767765625 0.54620464375 0.4762516921875 0.5417814609375 0.46690095937500004 0.5429267765625 0.4547285484375 0.5483404640625 0.45104503749999997 0.5550680546875 0.45400867500000003 0.5664733421875
0 0.9628063921875001 0.3621497765625 0.9470447 0.3617266734375 0.9358522140625001 0.3662357828125 0.930326946875 0.37632716875 0.9339162281250001 0.38216395937500003 0.9459353640625 0.38853733125 0.9574230828125 0.3879148234375 0.9631254859375 0.380155396875 0.9655338421875002 0.37044578281249996 0.9628063921875001 0.3621497765625
0 0.8903510718749998 0.4298658234375 0.9021930687499999 0.4339072375 0.9109533359374999 0.42498871875 0.9101857343749999 0.41488355625000006 0.90134255625 0.4089057328125 0.8910119 0.41095562656249995 0.8850142640625001 0.4148284484375 0.8903510718749998 0.4298658234375
1 0.359375 0 0.359375 0.45401584218749996 0.3777957984375 0.46047899374999995 0.3910662265625 0.45571536874999996 0.40765456718750004 0.46702095468750005 0.42667512500000004 0.482735946875 0.4423187265625 0.48160440781249997 0.4580690984375 0.50948823125 0.46760828906250007 0.48321415468750006 0.49767937812500007 0.47874637499999995 0.5203834484375001 0.48773377656249994 0.5401477453125001 0.499434909375 0.55902635 0.49947624062499996 0.5786725546875 0.5096227343749999 0.6036078390625 0.5065685609374999 0.6324628203125 0.49989607812500003 0.633655065625 0.48798175937500005 0.6333007875 0.4833178375 0.6530412203125 0.4808999515625 0.6727226078124999 0.47770474375000005 0.6771385390625 0.49442401562500005 0.6920384 0.49730633593749995 0.713053990625 0.49787047187500005 0.7276473 0.5243269125000001 0.74546306875 0.5103764796875 0.7483789765625 0.49354372812499997 0.7667852078124999 0.4873664953125 0.798415365625 0.5172280625 0.825511503125 0.528815715625 0.8421588906250002 0.5408986203125 0.8743669656249999 0.536953646875 0.84368155 0.5195292031250001 0.827093209375 0.50822361875 0.7954278671874999 0.49170375312500003 0.783443915625 0.47198868125000004 0.77493115 0.45655575625000006 0.795297228125 0.448569371875 0.8373045453125 0.4355786234375 0.8655100140624998 0.42035561875000005 0.88644269375 0.4060234140625 0.8975761359375 0.40073698281250003 0.9101266890625 0.41410623593749996 0.9240704890625 0.4320121546875 0.9316385140625 0.43500795468750003 0.9698567703125001 0.46876989843750005 0.9481200781249999 0.417298178125 0.93584089375 0.3936965046875 0.9196420140625001 0.37371313906250003 0.9174221156249999 0.35829399375 0.9274927234374999 0.3390158 0.928921153125 0.33021076250000003 0.9251547343750002 0.3220420125 0.9440333359374999 0.32208334375000003 0.9581304124999999 0.3282022015625 0.9837503890625001 0.3203568484375 0.9947066906250001 0.3127384578125 0.995544659375 0.2961602203125 0.985509234375 0.3020967140625 0.990621175 0.2865640875 1 0.2782844296875 1 0.264791484375 0.9897706625 0.2615625828125 1 0.260309653125 1 0.006938196874999999 0.9922808828124999 0.004706478125 0.9923420843749999 0 0.359375 0
0 0.306733784375 0.65498531875 0.2934043125 0.658971621875 0.2951518375 0.6681722078125001 0.301917075 0.6744045468750001 0.3112678078125 0.67325923125 0.3162264734375 0.6695136640625 0.3187529203125 0.661358690625 0.312105775 0.65668099375 0.306733784375 0.65498531875
0 0.17970805 0.6807431203125 0.1831201921875 0.6842479484374999 0.1944898203125 0.6820707984375 0.20740596875 0.672643253125 0.20889344687500003 0.6646155359375 0.2083620296875 0.6576196546874999 0.1954810625 0.6537055015625001 0.18313151249999998 0.656787228125 0.1782909390625 0.6620874359375 0.1789404484375 0.67063795625 0.17970805 0.6807431203125
0 0.19738309062499998 0.7201594890624999 0.19138545468749998 0.7240323140625 0.18811526875 0.7362011453124999 0.19731272500000002 0.7468428890625 0.20591971875 0.7497114328125 0.21393624843749998 0.744806775 0.2195796078125 0.7362700296875 0.21551795468749999 0.7242146765624999 0.208008978125 0.7219961984375 0.19738309062499998 0.7201594890624999
0 0.2753434921875 0.8353544234375001 0.2716009359375 0.8413046937499999 0.2732894171875 0.8497279578124999 0.27578067968750003 0.8549146859375 0.283313521875 0.8712521859375 0.2880008203125 0.8777390390625 0.287375175 0.8833075375 0.295356521875 0.8917445796875001 0.31625401875 0.8907540749999999 0.31278282968750004 0.886471925 0.3054861734375 0.8732437046874999 0.2974809625 0.85068764375 0.292675571875 0.84264615 0.28787018125 0.83460465625 0.2753434921875 0.8353544234375001
0 0.0741912171875 0.61875 0.0695169359375 0.6244146015625 0.07132350781249999 0.6343925078125 0.079812409375 0.6357064109375 0.0963768875 0.6328929750000001 0.09590451562499999 0.6266744140625 0.0955502375 0.6220104921875 0.0943930796875 0.61875 0.0741912171875 0.61875
0 0.9322572625 0.61875 0.93931746875 0.6280693015625001 0.9474520921875002 0.624719284375 0.957208721875 0.61875 0.9322572625 0.61875
0 0.85689320625 0.61875 0.858785346875 0.6308722265625 0.8703911578125 0.6318043578125 0.8787029203125 0.6307863 0.88024944375 0.6235359046875 0.879419271875 0.61875 0.85689320625 0.61875
0 0.704840615625 0.6473743359374999 0.6916053703125 0.6387962593750001 0.6801766984375 0.6401960890625 0.6689842125000001 0.6447051984375001 0.6698108609375 0.65558768125 0.6777331609375 0.663247403125 0.6911807281250001 0.6608157390625 0.69613939375 0.6570701734375 0.704840615625 0.6473743359374999
0 0.5441104640625001 0.8506464734375001 0.5372271328125 0.842859496875 0.523720521875 0.8445138390625001 0.5190570875 0.8521460078124999 0.5195885046875001 0.8591418890625 0.5273927125 0.8652469703125 0.5358816140625 0.8665608734375001 0.5418792484375 0.86268805 0.5441104640625001 0.8506464734375001