0 0.5390625 0.12175142187500002 0.5379827953125 0.1169590125 0.5336901203125 0.1041496265625 0.5275162234375 0.105128684375 0.5189126468749999 0.11046072031250001 0.513024303125 0.119329859375 0.5201410156249999 0.130104334375 0.5285269765625 0.135916315625 0.5390625 0.1360668625 0.5390625 0.12175142187500002
0 0.5089574890625 0.3501003171875 0.513050778125 0.34310291249999997 0.51302813125 0.33675821250000004 0.5084951953125 0.328748146875 0.500240690625 0.32370885625 0.4821133625 0.3289640984375 0.4742985046875 0.3389322796875 0.47394943281249996 0.34930360781249997 0.479116990625 0.35483242656249997 0.49597507656250006 0.3545396796875 0.5089574890625 0.3501003171875
0 0.45697371562500005 0.280577346875 0.44885066250000005 0.2763107484375 0.4318611265625 0.2758308046875 0.42724202499999997 0.279737446875 0.42409155781249996 0.2984883859375 0.44416804374999996 0.2984788 0.45958014062499997 0.2896864578125 0.45697371562500005 0.280577346875
0 0.12658468125 0.164740771875 0.127899215625 0.172467675 0.138080234375 0.1764079234375 0.14539192031249998 0.1696936796875 0.14898203906250002 0.1659502140625 0.1494625625 0.15635157500000002 0.13247302656249998 0.1558716328125 0.12658468125 0.164740771875
0 0.032879321875 0.16055570624999999 0.0377839734375 0.16453914375 0.0502858625 0.16969841875 0.0593926109375 0.1611124421875 0.0626110125 0.1613956046875 0.0605304015625 0.15537725625 0.0512242703125 0.14415644375 0.031147782812500004 0.1441660296875 0.031455978125 0.158400809375 0.032879321875 0.16055570624999999
1 1 0.3890625 1 0 0.5722068546875 0 0.559473428125 0.0186349125 0.5555342375000001 0.0327497078125 0.5462733937500001 0.03421829375 0.5390625 0.039732746875 0.5390625 0.12227574999999999 0.5844493921875 0.3890625 1 0.3890625
0 0.5390625 0.4821899765625 0.53124144375 0.4813343375 0.5214774296875 0.4860568609375 0.51983646875 0.4950459859375 0.52513548125 0.5013474953125 0.5380090875 0.5024801421875 0.5390625 0.50217475 0.5390625 0.4821899765625
0 0.5390625 0.6694301390625 0.528439465625 0.6698467921875 0.5177779234375001 0.6755051828124999 0.5149538812500001 0.6775400921875001 0.51639986875 0.6860396875 0.53275478125 0.6890008765625 0.5390625 0.6892825921875 0.5390625 0.6694301390625
0 0.3806835421875 0.521874090625 0.3680728421875 0.522286825 0.3560105984375 0.53213501875 0.347407021875 0.5374670578125 0.361835425 0.541527290625 0.3685351359375 0.5436389953124999 0.3880858046875 0.5405386484375 0.387514703125 0.5247584859375001 0.3806835421875 0.521874090625
1 0 1 0.412433496875 1 0.41633829375 0.9923417671875001 0.4143664921875 0.9807514109375 0.423078878125 0.9698473625 0.43218562499999996 0.9612613875000001 0.4387312375 0.9562557015625 0.44934749218750003 0.9379079109374999 0.45819133125 0.9277765546874999 0.466618165625 0.9089824265625002 0.46565270625000005 0.89088419375 0.4631550921875 0.876203075 0.4737713453125 0.857855284375 0.4990562625 0.8387684078125 0.5011551062499999 0.813835946875 0.51139964375 0.799514784375 0.522410259375 0.783485065625 0.535719103125 0.7623296765625 0.52741930625 0.7446009859375 0.49425159687500003 0.7546219421875 0.4973159015625 0.7477877140625 0.500751921875 0.7369268578125 0.48811857812500004 0.730994890625 0.4857524171875 0.7170864625 0.4850498609375 0.7005336109375 0.4841070421875 0.688780078125 0.487674515625 0.6786919124999999 0.4740348359375 0.6792678203125 0.4626480921875 0.662028659375 0.459493209375 0.6434840890625 0.457258503125 0.6303483515625 0.43921733906249993 0.6236868828125 0.4488499 0.61819166875 0.450731121875 0.604403228125 0.4612612109375 0.597972146875 0.46675519843749996 0.5867849359375 0.46373176875000005 0.56901305625 0.449960634375 0.568816275 0.42890045624999995 0.5816784359375 0.41758164531249997 0.583473375 0.4175137125 0.5644392765624999 0.40234187656250003 0.5684323 0.3704207703125 0.5671460625 0.3712730109375 0.5535207953125 0.36017181875 0.5441717140625 0.3449773421875 0.5418200390625 0.32025911093750004 0.5393915671875 0.29063623125000004 0.5329796578125 0.2765795453125 0.5248927953125 0.2684338484375 0.514281496875 0.23909651875 0.51575966875 0.2152531734375 0.5060506296875 0.1966861953125 0.49629840312500006 0.18403020781249999 0.4840217359375 0.164610990625 0.4878947734375 0.1715056734375 0.47251775937499996 0.154910496875 0.4743558890625 0.1520411671875 0.46370139843749997 0.1464792484375 0.45585450781250003 0.11468959375000001 0.4553409609375 0.098248515625 0.4642964796875 0.082967871875 0.47386151249999997 0.059169815625 0.476841875 0.0586213578125 0.4674064140625 0.0372303390625 0.45968909531249996 0.032130714062499996 0.473194375 0.0442608875 0.4823802796875 0.015603470312500001 0.494066603125 0.015449371875000001 0.4869492125 0.0110026 0.4670224375 0 0.472413896875 0 1
0 0.45594396875000004 0.6226214453125 0.466519346875 0.628879765625 0.4742933296875 0.6435176921875 0.497697025 0.638219259375 0.5001040609375 0.627521578125 0.482674875 0.6120341640625 0.45681885624999996 0.615340878125 0.45594396875000004 0.6226214453125
0 0.5315573 0.930425825 0.5350159640625 0.9259096671875 0.53768590625 0.9167573687499999 0.532998875 0.9016299125 0.5167980562500001 0.9057861109375 0.5101436374999999 0.9163638078125 0.508371221875 0.924580240625 0.5139331421875 0.9324271312499999 0.52474878125 0.9338861296874998 0.5315573 0.930425825
0 0.9533463046874999 0.43797104375 0.9483101999999999 0.433214915625 0.9299199640625 0.43692477656250006 0.9196527828125 0.44490123906249995 0.9238140015624999 0.45693793437499997 0.9372134203125 0.4611613421875 0.9526255171875 0.45236900156250004 0.9533463046874999 0.43797104375
1 0.684810890625 0.3890625 0.6825609265625 0.3991779765625 0.66907534375 0.406871275 0.6458892671875 0.40102568906249997 0.6668224031250001 0.4246863453125 0.6486724296874999 0.42359688906250004 0.6302821953125 0.4273067515625 0.6053237031250001 0.42967759843750003 0.605672775 0.4193062703125 0.591638734375 0.41756410781250003 0.5821376265625 0.42383201406250004 0.5733573062499999 0.4157019625 0.5498448015624999 0.4265724046875 0.5390625 0.4355445546875 0.5390625 1 0.7641684953125 1 0.8960563562499999 0.9930880500000001 0.9398589718749999 0.986062878125 0.97366130625 0.9735606718749998 0.9895312828125 0.9488249906250001 1 0.9500976796875001 1 0.52445318125 0.9986983015625001 0.524416409375 0.9873342031250001 0.513521946875 1 0.5085542375000001 1 0.4930985265625 0.9932860703124999 0.48639140000000003 0.953572746875 0.50141804375 0.9362114953124999 0.5049647296875 0.938749984375 0.4950397390625 0.9213207999999999 0.47955232500000006 0.8966434453125001 0.45251774375 0.8652890265625001 0.429716159375 0.823032803125 0.41737228281250005 0.774013346875 0.4211781125 0.7615341015625 0.4223635359375 0.7526676171875 0.42615019218750005 0.7545242953125 0.3890625 0.73550368125 0.3890625 0.7317118359375 0.3961448359375 0.7171519796875 0.3913119125 0.7166213203125 0.3890625 0.684810890625 0.3890625
0 0.8838107171875 0.4267789875 0.8880128125000001 0.41420957343750003 0.8803929281249999 0.4066890359375 0.8680677796874999 0.41499185 0.8700395796875 0.4265822078125 0.8838107171875 0.4267789875
0 0.9081673265625 0.3890625 0.8854969671875 0.4304792625 0.8910588828125 0.43832615312499995 0.9018971671875 0.4461298546875 0.9217969109374999 0.43265817812499996 0.9349743015625 0.41073009687499995 0.9300243625 0.3940572578125 0.9303249171875001 0.3890625 0.9081673265625 0.3890625