0 0.219945503125 0.06701229375 0.21999751406249998 0.058633470312500005 0.219413628125 0.042990746875 0.21240486406249998 0.04368576875 0.20851110624999997 0.04407189375 0.20539610000000003 0.04438079375 0.20291699218749998 0.051953592187499995 0.2054737640625 0.06321384375 0.21293673906250002 0.06770731875 0.219945503125 0.06701229375
0 0.23575211093749998 0.247572084375 0.24185244843749998 0.23650005937500002 0.240489809375 0.22093456093750002 0.2300935125 0.2188253859375 0.22386350156249998 0.219443184375 0.22015142812500002 0.221904709375 0.2138694046875 0.23090133281249997 0.2173866125 0.24415975781250002 0.2240708375 0.24873045781249997 0.23575211093749998 0.247572084375
0 0.26980913281249996 0.2776894859375 0.268433315625 0.27991933750000003 0.264487546875 0.28868428437500004 0.267135159375 0.300982234375 0.272352725 0.30674508437500003 0.2848127484375 0.3055094859375 0.28825229375 0.29993486406250003 0.2889922125 0.2904411140625 0.28496878125 0.2803730140625 0.279932903125 0.2766855625 0.26980913281249996 0.2776894859375
0 0.15644983750000002 0.203100678125 0.16771572968749998 0.20617032812499997 0.169961140625 0.20490095468749997 0.171207284375 0.1922168796875 0.16919556875 0.1871828296875 0.1626021859375 0.18364983125 0.154814671875 0.184422078125 0.15173849687500002 0.194147503125 0.15644983750000002 0.203100678125
0 0.12886970312499998 0.148266703125 0.12282137500000001 0.1509599015625 0.12148439062500001 0.16260627656249999 0.124222846875 0.175941925 0.1376369609375 0.1785170796875 0.14117369375 0.17216757656249998 0.14245866875 0.168900028125 0.141965625 0.154295003125 0.13665721875 0.1474944546875 0.12886970312499998 0.148266703125
0 0.0208188140625 0.08047844374999999 0.012343390625 0.08236561875000001 0.009267215625 0.0920910421875 0.007787376562499999 0.11107854218749999 0.019598323437500002 0.120374390625 0.02564665 0.11768119218749999 0.030241496875000003 0.09838479375 0.0208188140625 0.08047844374999999
0 0.36948861875 0.33060726875 0.365815378125 0.3424853203125 0.37615966562500003 0.35297331875000004 0.38133839687500004 0.3493196453125 0.386607971875 0.346703671875 0.3909171109375 0.342089521875 0.38913909062499996 0.330752046875 0.38547903125 0.3248347484375 0.3753552609375 0.32583867187500004 0.36948861875 0.33060726875
0 0.40337642812499996 0.4036564953125 0.40506360781249995 0.41395626874999997 0.411566146875 0.41645157031249996 0.422520678125 0.4069915953125 0.4288547109375 0.38961615 0.421716275 0.3798569484375 0.40664746718749994 0.3782111203125 0.40337642812499996 0.4036564953125
1 0 0.56875 0.3518460796875 0.56875 0.35122431875000004 0.561647578125 0.3484858609375 0.5483119296875001 0.3401012796875 0.551236803125 0.3341049640625 0.545551178125 0.3337027625 0.5319838531250001 0.3365584203125 0.5107665046875 0.34613713437500004 0.50353638125 0.34747412187500004 0.4918900078125 0.344644821875 0.47751665781249997 0.3457481109375 0.4721737078125 0.3552359828125 0.463905884375 0.3741208828125 0.4463325375 0.40765920937500005 0.43463304375 0.40405115937499997 0.4203369203125 0.38646441249999997 0.41684736562499997 0.36571064999999997 0.42204553906250003 0.3567290015625 0.4271230375 0.35209532499999996 0.43700291093750004 0.33601407031249997 0.441737734375 0.3306924859375 0.45273253281250003 0.3227364625 0.4336340328125 0.338584021875 0.4352026359375 0.3400118515625 0.4245939609375 0.3482667578125 0.41121486249999994 0.3570278890625 0.3946454390625 0.35543155312499997 0.385383365625 0.337377415625 0.3945006625 0.3220360828125 0.3897417359375 0.3179606390625 0.3880524609375 0.3082002390625 0.3932071828125 0.3030215078125 0.39686085625 0.29816731406249997 0.3952488078125 0.297401740625 0.3775306828125 0.2938977125 0.3464769109375 0.2795820046875 0.317541984375 0.26842013593749997 0.2977146859375 0.2593608234375 0.2839591359375 0.27082158125 0.2713088359375 0.2833856265625 0.25331559062500003 0.2975980171875 0.23620559375 0.299895440625 0.22655739375 0.2783629265625 0.231832790625 0.259205496875 0.2462930375 0.2471996859375 0.252717134375 0.22617339687500002 0.25480220781249996 0.21293462187499998 0.25611503125 0.191544959375 0.254049303125 0.1736336765625 0.2558254765625 0.17364685468750002 0.238030128125 0.1742050890625 0.22646097968749998 0.1610703359375 0.21101615312500002 0.15438611093750002 0.206445453125 0.1423803 0.21286955000000002 0.1363971625 0.18938857656250002 0.12315838750000001 0.1907014 0.1155525578125 0.1935490484375 0.1096602640625 0.1711057734375 0.0993416296875 0.1878296453125 0.08204059218750001 0.16965784687500002 0.069632578125 0.1625146203125 0.0484246015625 0.1625242921875 0.0435704078125 0.1609122421875 0.030033453124999998 0.13190009062500002 0.0187675609375 0.128830440625 0.0161456 0.1437443640625 0.01265404375 0.1576978140625 0.0051390578125 0.1615831625 0 0.16166419375000002 0 0.56875
0 0.6699666343749999 0.0688241671875 0.68145304375 0.0833857421875 0.694925515625 0.0757694953125 0.69365371875 0.0612416953125 0.6892149062499999 0.055401621874999994 0.6844515546875 0.054827268750000005 0.674418628125 0.05686889375 0.6699666343749999 0.0688241671875
0 0.6297433781249999 0.1387555328125 0.6233705140625 0.14671445624999999 0.625511903125 0.16220273125 0.6343506984375 0.16446635625 0.6458502859374999 0.1612325828125 0.6447601734375 0.1487801828125 0.6441242765624999 0.141516284375 0.6392700828125 0.1399042328125 0.6297433781249999 0.1387555328125
0 0.6986098171874999 0.23450380937499998 0.690354909375 0.2478829078125 0.693547578125 0.26640705625 0.7049951546875001 0.2715521078125 0.7160405296875 0.2631298359375 0.7201291515625 0.24702376250000002 0.716793628125 0.23584073593750002 0.7096940234375 0.2354980625 0.6986098171874999 0.23450380937499998
0 0.7364433953124999 0.2987880859375 0.7361576875 0.313470334375 0.7430235984375 0.320116434375 0.7492536109375 0.3194986375 0.7563143859375 0.3104247859375 0.7561847109375 0.2999705625 0.74854005 0.2934016875 0.7364433953124999 0.2987880859375
0 0.8991490343749999 0.4166320484375 0.9144515390624999 0.41197445000000005 0.9187218453125 0.3979437765625 0.9140105046875 0.38899059999999996 0.899902134375 0.38934294999999997 0.893295571875 0.403605296875 0.8991490343749999 0.4166320484375
1 0.51875 0.56875 0.8249413375 0.56875 0.8258409609375 0.5662539796875 0.8120571296874999 0.561340603125 0.8028937968750001 0.5643427015625 0.7992469140624999 0.5406300546875 0.7998051484375 0.529060903125 0.7933934515625 0.527603303125 0.7913429046875 0.5131527296875 0.80892965 0.51664228125 0.8117332968750001 0.5038037578125001 0.8143552578125 0.488889834375 0.8358489406249999 0.4741979109375 0.8349016828125 0.45440438906249997 0.8284899859374999 0.4529467875 0.8252453062499999 0.4428014625 0.8095274234375001 0.45168708437499994 0.797249084375 0.45499808281250004 0.808073940625 0.435083884375 0.836498725 0.40086389218749996 0.8488679062500001 0.39859059218750004 0.8532290546875 0.38559761875 0.884028925 0.36056247343750003 0.8552539515625 0.37283631875 0.8698949031250001 0.3337029484375 0.843027621875 0.36776849375 0.8281273234375 0.385993415625 0.8211962234375001 0.40552148906249996 0.795211715625 0.422752159375 0.7703304984375 0.43463988125 0.7650220921875001 0.42783933125000007 0.776573690625 0.4162267328125 0.7704477 0.40008688281250004 0.7660997296875001 0.3952845078125 0.7641920359375 0.37349280937499996 0.7520308984375 0.34225080937499996 0.7405965015625 0.319310409375 0.7605715125 0.3141894625 0.75513343125 0.29693468749999996 0.7388704921875 0.299594109375 0.7319914015625001 0.31074335937500003 0.7246192687499999 0.3072875828125 0.7356258125 0.28944878749999997 0.7578982453125 0.274679640625 0.7737978140624999 0.2678694171875 0.8170320546875001 0.2143868 0.781053453125 0.24307562031250002 0.7671267703125 0.24550336874999998 0.7510975265625 0.24185936562500002 0.7377547296875 0.2599298390625 0.7260214453125 0.26946703437499997 0.712224434375 0.28234900937499996 0.707409071875 0.29015348125 0.6896406421875 0.28458853125 0.6665638031250001 0.2722230296875 0.6561286749999999 0.260697328125 0.6546231828125 0.252472953125 0.6652143453125 0.23886217968749998 0.6550260906250001 0.2032377078125 0.6388151640624999 0.19751830625 0.6339477890625 0.213701603125 0.6153097640625 0.20717617656249998 0.6045500968749999 0.20091620156249998 0.6030966156249999 0.1843130015625 0.590805096875 0.20541934843749998 0.5820183140624999 0.19477689843749998 0.589001425 0.16687000000000002 0.597347175 0.154528603125 0.6143763921875001 0.1067847328125 0.5841992421875 0.1568791265625 0.5725956328125 0.17687055000000002 0.5555539421875 0.1796071953125 0.5396675531249999 0.1686220703125 0.5290375593750001 0.17281631718749998 0.51875 0.16759853593750001 0.51875 0.56875
0 0.2188332859375 0.6110998078125001 0.2197417109375 0.6214768078125 0.22885303437500001 0.626853534375 0.23325301406249999 0.623277084375 0.23962587968750002 0.6153181609375 0.244532084375 0.6085513859375 0.24302659218749997 0.6003270125 0.2337335859375 0.5928748859375 0.2247519375 0.597952384375 0.2188332859375 0.6110998078125001
0 0.268672675 0.6689599859375 0.27847190624999996 0.6732217859375 0.28466308749999997 0.6631874625 0.28540300625000004 0.6536937140625 0.28036712656249996 0.6500062640625 0.26841332812499996 0.6480515375 0.26548000625 0.6504358359375 0.26570052187500004 0.6619277593749999 0.268672675 0.6689599859375
0 0.34349659843749997 0.7609773640624999 0.3512709328125 0.7780004640625 0.3634584296875 0.773651765625 0.37116828125 0.75404646875 0.3852509984375 0.7264822468750001 0.37796970625 0.7240641703125 0.36274486875 0.7475548171875 0.3531661546875 0.754784940625 0.34349659843749997 0.7609773640624999
0 0.34566363906249997 0.8036775109375001 0.3516079453125 0.8177419609375001 0.3623287796875 0.8145854140625 0.37103790000000003 0.8063948140624999 0.371141921875 0.7896371656250001 0.3634972609375 0.7830682906249999 0.3496614203125 0.7865337390625 0.34566363906249997 0.8036775109375001
0 0.4185681 0.766093396875 0.42579737968750003 0.7768902984375 0.43074241718749995 0.7795400484374999 0.4384911015625 0.769351275 0.4458764140625 0.7550117015625 0.43622003749999994 0.743408775 0.43085961875 0.7449870515625 0.4204113109375 0.7512566984375 0.4185681 0.766093396875
0 0.3754659734375 1 0.3818474609375 0.9926836781249999 0.364585253125 0.983928403125 0.352540609375 0.9809359765625001 0.3470761703125 0.9992718984375 0.3475469203125 1 0.3754659734375 1
1 0 0.56875 0 1 0.33890361874999997 1 0.339340665625 0.9916653234374999 0.3370175921875 0.97410165 0.351177971875 0.9653704765625001 0.3496336484375 0.9477295781249999 0.3403538203125 0.922482103125 0.32858170468750003 0.9226027765625 0.3235590046875 0.9011199781249999 0.33666810625 0.88935293125 0.3506468015625 0.8785463578125 0.35143873281250004 0.8606737828125001 0.34788269375 0.8379988359375 0.3519193046875 0.8302715859375001 0.34858378125 0.8190885625 0.32806371562500003 0.817983309375 0.31744690000000003 0.8043822078125 0.33032230625 0.7989185859375001 0.334774296875 0.7869633109375 0.3199391875 0.7790140593749999 0.30472752812500004 0.7847093578125 0.291852121875 0.79017298125 0.28989241718750003 0.77676010625 0.3051949203125 0.7721025078125 0.2964601484375 0.7530812328125001 0.2874916796875 0.7403633843749999 0.2863107265625 0.726873284375 0.2772125828125 0.703701209375 0.26335108906250004 0.679954784375 0.2462317359375 0.6638583828125 0.25700458125000003 0.6523230109375 0.27858910625 0.6386687875 0.314528878125 0.6005634453125 0.284845478125 0.6024602921875 0.2646367703125 0.6138846640625 0.25015185156249997 0.6278815609375 0.23126695156250002 0.6454549093749999 0.2207278 0.65068685625 0.20507510624999997 0.6333983046875 0.194224596875 0.6261006296875 0.1843345234375 0.620801128125 0.19510736875 0.6092657546875 0.193563046875 0.5916248562499999 0.193576225 0.5738295078125 0.188600803125 0.56875 0.162924475 0.56875 0.1611932015625 0.5718072281250001 0.15715658906250002 0.579534478125 0.1494210859375 0.571927903125 0.1440358578125 0.56875 0 0.56875
0 0.8948986921875001 0.56875 0.8932465171875 0.57831189375 0.8949336953125 0.5886116703125001 0.90922375 0.5903347203125 0.91412995625 0.5835679468749999 0.9180757234375001 0.574802996875 0.915979659375 0.56875 0.8948986921875001 0.56875
1 0.51875 0.56875 0.51875 1 0.780016690625 1 0.78630645 0.98980590625 0.7831526125 0.9806982796875001 0.7804529875 0.9767791562500001 0.7765203984375 0.9677487578124999 0.783256634375 0.9639406328125 0.792835346875 0.9567105093749999 0.8004411781249999 0.9538628593749999 0.8191312140625 0.9520094625000001 0.83689964375 0.9575744140625 0.8178594171875 0.9374816625 0.8090726343749999 0.9268392140625 0.8181971359375 0.9144205890624999 0.8238952703125 0.8897812421874999 0.8352131734375 0.8844720671875 0.8558240828125001 0.8866150203125001 0.8726452578125 0.8723864484374999 0.863040890625 0.8524046999999999 0.8455449875 0.8499528468750001 0.831527459375 0.8513428953125001 0.82346741875 0.84900204375 0.8218710828125 0.83973996875 0.82275385625 0.822905096875 0.8378614953125 0.8339674468750001 0.8566943828125 0.8247729249999999 0.859134659375 0.8077836015625 0.850257034375 0.79610345 0.8395361984375 0.79926 0.8446892781249999 0.7683944515625 0.8325149625 0.7549478015625001 0.8361493703124999 0.7336532265625 0.8281413390625 0.7229335531250001 0.8162783812499999 0.7220165265625 0.8133582390624999 0.706605478125 0.820782384375 0.701682428125 0.83155523125 0.6901470546875 0.8253772296874999 0.6823860296875 0.8186021625000001 0.6767776296875 0.813851990625 0.6584079296875001 0.8210036078125 0.65037178125 0.8178497703125001 0.64126415625 0.8274804953124999 0.6256552078125 0.8241061390625 0.6050556609375 0.81138676875 0.585382809375 0.8007179421874999 0.5801605328125 0.7882579187500001 0.58139613125 0.7753436812500001 0.57744323125 0.7730200609375 0.56875 0.51875 0.56875