0 0.10162145625 0.4959986625 0.0981278078125 0.49324055156249996 0.0888726890625 0.49155409375000003 0.0823859203125 0.49673658437499996 0.0803913421875 0.508041390625 0.0841582328125 0.51827454375 0.0926420921875 0.5198204640624999 0.1046630453125 0.510342653125 0.10475245312499999 0.500812190625 0.10162145625 0.4959986625
0 0.1521468890625 0.39913030625 0.146068728125 0.40650875312499996 0.1450267375 0.41692638750000005 0.1487017109375 0.41865678749999996 0.1596806734375 0.4195966125 0.1633096875 0.41707563593749997 0.1643516796875 0.4066580015625 0.160630746875 0.40067622500000005 0.1521468890625 0.39913030625
0 0.136103371875 0.5171324265624999 0.1393722484375 0.5347000875 0.15711122500000002 0.5379324640625 0.16259945 0.52938576875 0.167497740625 0.5196708234375 0.1601018359375 0.5119586468749999 0.1523892359375 0.510553265625 0.143724053125 0.51003505625 0.136103371875 0.5171324265624999
0 0.9274564375000001 0 0.9218714578124999 0.007796525 0.9231892015625001 0.022887150000000002 0.937526446875 0.0318641703125 0.9454203703124999 0.0322418421875 0.9461891187500001 0.014349165624999998 0.9446900484375 0.00028625 0.9445454999999999 0 0.9274564375000001 0
0 0.5896598890625 0.0904625984375 0.6021354125 0.0874321234375 0.6025415109375001 0.0715948640625 0.592785865625 0.0592096953125 0.5761373531249999 0.067844278125 0.5734174734374999 0.083259921875 0.5896598890625 0.0904625984375
0 0.451713875 0.20004153281249998 0.44513518750000003 0.196721271875 0.436380596875 0.205733521875 0.44350577187500007 0.224003871875 0.4571611640625 0.2233098921875 0.45997295937500005 0.216397 0.451713875 0.20004153281249998
0 0.3796290828125 0.22509333437499998 0.38974486875 0.21738986875 0.388245796875 0.20332695312500002 0.3843435390625 0.1983728859375 0.37585968125 0.19682696718749998 0.3680576765625 0.20495204843749998 0.366969725 0.21111830625 0.369012771875 0.222098090625 0.3796290828125 0.22509333437499998
0 0.42226233437499994 0.4662270265625 0.43569044375 0.46230937968749997 0.43591521874999994 0.4474998296875 0.420216778125 0.437214025 0.41813028281250003 0.4400160765625 0.4064260203125 0.44318708906250004 0.3993493140625 0.44720133124999994 0.40075646875000004 0.4527614953125 0.4097408546875 0.46500612500000005 0.42226233437499994 0.4662270265625
0 0.39596013750000003 0.5431120546875 0.405713271875 0.53746400625 0.4143324953125 0.5337308390625 0.417325615625 0.5257902390625 0.40416824062500006 0.5191497140625 0.391828084375 0.5169011046875001 0.3842968109375 0.5144680125 0.370960621875 0.5268884125 0.3668335890625 0.53674389375 0.36692550625 0.5452466484375 0.38085414375 0.552027709375 0.39596013750000003 0.5431120546875
1 0.7080123015625001 0 0.7143641421875 0.019840034375000003 0.7059262421875 0.022545490625 0.695807946875 0.0122157421875 0.6980348296875001 0.040201032812499995 0.6826555921875 0.0416416484375 0.66342005625 0.042379571875 0.6496267859375 0.030319421875000002 0.6386043765625 0.0431614359375 0.6360658234375001 0.057549368749999996 0.63298329375 0.07502043281250001 0.640243834375 0.088011696875 0.620737565625 0.099307790625 0.6071740906249999 0.108504525 0.5930641296875001 0.102751171875 0.5789082109375 0.0927464421875 0.562392553125 0.078068721875 0.5440176843750001 0.0694167171875 0.5227391 0.0591748546875 0.5063153609375 0.052999885937500005 0.5069078046875 0.07220135 0.530048109375 0.0944507109375 0.5480603296875 0.1051581296875 0.5413922343750001 0.11136833125000001 0.53830970625 0.12883939375 0.5511963484375 0.146038090625 0.5352756453125 0.1685950484375 0.5222586578125 0.19274186875 0.5132792921875 0.2165636703125 0.5081537171875 0.223054946875 0.506749075 0.23552800000000002 0.515506175 0.2445489625 0.505209065625 0.2532801390625 0.49064453593750007 0.24107945156250002 0.46759615 0.22733284375 0.4698230328125 0.2553181375 0.48266371718749995 0.2682654578125 0.46578791875 0.2736763734375 0.4648787828125 0.2607817046875 0.45866023437500003 0.2373728078125 0.4386534390625 0.23797019062500002 0.44455529531250004 0.2676858828125 0.4391589859374999 0.284735334375 0.45018641875 0.30795975000000003 0.4558150328125 0.33020039843750004 0.48162925625 0.3327827390625 0.47487175312499996 0.3485234015625 0.4646231140625 0.37953916875 0.4603122453125 0.3723891453125 0.44752003125 0.3817264171875 0.4429409421875 0.4031677796875 0.4379532421875 0.42241318437500003 0.452791015625 0.442088915625 0.44585218750000005 0.4588572875 0.4532046453125 0.4803513046875 0.46119299687500004 0.5072649453125 0.45125853750000006 0.5139407015625 0.4417811578125 0.5450970093749999 0.4156962 0.5530728421875 0.43291008125 0.559375 1 0.559375 1 0.08685710468749999 0.9975543671875 0.0841716640625 0.9877093140625 0.08131695781250001 0.9812659937500001 0.0727176078125 0.9675646421875002 0.0691602140625 0.9532273984374999 0.0601831921875 0.9461481828124999 0.0461642203125 0.9265934437500001 0.0351757234375 0.913934084375 0.021200692187500002 0.9014560515625 0.006197953125 0.8815411734375 0.0152980890625 0.8693363828125001 0.00777039375 0.8605358328125 0.01253126875 0.8384425421875001 0.015930706250000003 0.8297663843749999 0 0.8242910828125 0 0.8194317796874999 0.0018590812500000001 0.7944347734375 0.0036686546875000004 0.7737026765625 0.0083768796875 0.7576415875 0.000146490625 0.7470277859375 0.0151844640625 0.7294241765625 0.006673 0.7267348 0 0.7080123015625001 0
0 0.20940142499999997 0.8834195375 0.20155095156249997 0.8692600265625 0.19143516562500001 0.8769634921874999 0.1874435 0.8815398875 0.1843150125 0.8947595749999999 0.1915295953125 0.903499459375 0.20232723125000002 0.90546699375 0.2074068484375 0.8947243421875001 0.20940142499999997 0.8834195375
0 0.40884947031249996 0.654674303125 0.40635185625000003 0.63724718125 0.3951915671875 0.63733506875 0.389611425 0.637379009375 0.38548439375 0.6472344921875 0.38639352968749996 0.660129159375 0.3908857234375 0.6662514734375 0.40014084062500005 0.66793793125 0.40884947031249996 0.654674303125
0 0.37783030625 0.7402465640625 0.37188500312499995 0.724312709375 0.3639910796875 0.7239350390625 0.356868415625 0.7236979046875 0.35038164531250005 0.7288803953125 0.3493856125 0.74354940625 0.355828934375 0.752148753125 0.3686671078125 0.7470628593749999 0.37783030625 0.7402465640625
0 0.4252598890625 0.891029696875 0.42925155468750004 0.8864533015625 0.4317901078125 0.872065365625 0.4289758015625 0.8609450421875 0.41899538281250004 0.8633694234375 0.41709021249999995 0.8651437640624999 0.41296318125 0.874999246875 0.4132364234375 0.882474290625 0.42063233125000005 0.89018646875 0.4252598890625 0.891029696875
1 0.610348675 0.559375 0.608634146875 0.5690925484375 0.600469490625 0.5792730515625 0.5989779515625 0.6193097828124999 0.5892707749999999 0.62920920625 0.5844618921875 0.6293936859375 0.5815606890625 0.645837040625 0.5556595671875 0.670818378125 0.5428239046875 0.6939374890625001 0.5253122125 0.6939287765625 0.5166955 0.715695159375 0.4979630015625 0.7451650093750001 0.4942470890625 0.7752496640625 0.47877593437500005 0.7681875234375 0.46430834374999996 0.8005560203125001 0.47492716562500004 0.821584478125 0.4713006625 0.842138671875 0.4593281765625 0.8739010734375 0.4424983390625 0.8835633640625 0.43877991562499996 0.8956148015625001 0.44495250624999994 0.914772321875 0.4449115671875 0.9465873765625 0.4332967109375 0.9402279296875001 0.41950595156250003 0.9462009953124999 0.4147455375 0.9686700687500001 0.42894741718749996 0.982926175 0.436797890625 0.9970856843749999 0.43218492187499996 1 1 1 1 0.6359566453125 0.9955333265625 0.63216765625 0.9828280093749999 0.61394125 0.95982558125 0.6044460171875 0.9451256859375 0.5975244187500001 0.9354134890625 0.571357409375 0.9222561140625001 0.5647168875 0.9122157468750001 0.559375 0.610348675 0.559375