0 0.3875760453125 0.353514709375 0.384418428125 0.3477981421875 0.3750274078125 0.34469306875 0.365672759375 0.347830053125 0.360508565625 0.3552080125 0.3647126609375 0.3617897609375 0.3741036796875 0.364894834375 0.3824345828125 0.36479395625 0.387612415625 0.35975676875 0.3875760453125 0.353514709375
0 0.43762511093749995 0.3638330453125 0.43341646875000006 0.35647104218750003 0.42405272812500006 0.3580475109375 0.4157354640625 0.3604891609375 0.41265058750000005 0.367256709375 0.41269150468750004 0.3742790234375 0.417932984375 0.3801654375 0.42833865624999995 0.378673890625 0.4376751203125 0.37241587656249997 0.43762511093749995 0.3638330453125
0 0.5296875 0.3663503796875 0.5240872109375 0.36776058125 0.50535518125 0.3701332625 0.49806166249999995 0.3695388046875 0.48663224375 0.374066459375 0.4950358890625 0.3864496984375 0.5075254234375 0.385127996875 0.5158335953125001 0.38112583125 0.5296875 0.37611162343750004 0.5296875 0.3663503796875
0 0.3152864421875 0.45836666875 0.322520859375 0.4488177828125 0.3349831171875 0.4428145359375 0.34533423124999996 0.4319599015625 0.356713640625 0.41884941875 0.3286496953125 0.42826037031249997 0.3057954046875 0.43809593593749996 0.29545337968749996 0.4505110859375 0.3017504296875 0.4588231921875 0.3152864421875 0.45836666875
0 0.30986311093749996 0.4212699671875 0.3223390046875 0.41760749218750004 0.33061989999999997 0.40892378437500004 0.3159874 0.3999322984375 0.298247290625 0.3938070734375 0.2983654953125 0.41409376093750005 0.30986311093749996 0.4212699671875
0 0.3637653828125 0.55668423125 0.3762640109375 0.55692304375 0.396019784375 0.5515142546875 0.369944228125 0.5447096499999999 0.35219048124999996 0.5362436515625 0.34077015624999996 0.5423318218750001 0.338745396875 0.5523053203125 0.348145509375 0.556970909375 0.3637653828125 0.55668423125
0 0.188539915625 0.3326129765625 0.19487788281250001 0.3479474 0.2094467359375 0.3460152859375 0.21458364843750002 0.3339557828125 0.210365915625 0.3250332625 0.2009430703125 0.3164663875 0.1874343375 0.3216044546875 0.188539915625 0.3326129765625
0 0.1455388671875 0.28075520625 0.1392963734375 0.2818061859375 0.1341458203125 0.29152491875000003 0.1362705984375 0.29871707812500004 0.14772729375 0.29887096875 0.1560400125 0.2956490625 0.159138528125 0.2912222859375 0.15493443125 0.28464053749999996 0.1455388671875 0.28075520625
0 0.013496304687499999 0.139752015625 0.026049487500000003 0.1493539140625 0.037478904687499995 0.1448262609375 0.04156934375 0.13190157656249998 0.03422126875 0.12194403281249999 0.020698896875 0.1247413265625 0.0145064109375 0.13437513750000002 0.013496304687499999 0.139752015625
0 0.1603714046875 0.3240780125 0.16872049375 0.32709816406250003 0.1780205859375 0.31459809375000003 0.1810963703125 0.30627003125 0.183116584375 0.295516275 0.18925905781250002 0.277299634375 0.1975308578125 0.2670554125 0.195415171875 0.2614237671875 0.175682128125 0.27073384218749996 0.17368919375 0.2861691421875 0.162296146875 0.296938853125 0.1498702609375 0.309184159375 0.1530278765625 0.314900725 0.1603714046875 0.3240780125
0 0 0.2132545671875 0.004578103125 0.217793696875 0.022250015625 0.21221506250000002 0.0242611375 0.199900790625 0.0086003453125 0.193165153125 0 0.195938621875 0 0.2132545671875
1 0.33252254375 0.6796875 0.34571985 0.676875759375 0.32796155625 0.6676295062500001 0.31333815 0.6601985328125 0.31954427343749997 0.6529054953125 0.325750396875 0.6456124562500001 0.3277615171875 0.6332981859375 0.30897947812500004 0.6270880390625 0.31309719375 0.6188448984375 0.32031342500000004 0.6061749812499999 0.319198753125 0.59360594375 0.308797625 0.5958777484375 0.305608184375 0.5846993781250001 0.315991125 0.5793065453125 0.3159138359375 0.566042171875 0.3210552984375 0.554762925 0.309444025 0.5280802890625 0.3031015140625 0.5119656078125 0.31139604374999996 0.505622671875 0.3050535296875 0.48950799375000004 0.30286055625 0.4706119734375 0.283050225 0.466657675 0.2631626078125 0.449439003125 0.283887571875 0.431631021875 0.2662065671875 0.435649140625 0.2526932859375 0.44000695 0.252611453125 0.4259623171875 0.243179515625 0.4158349296875 0.23478041875 0.40423194687499997 0.2504048390625 0.404725528125 0.2576438 0.395956896875 0.24923560937499997 0.38279340156249997 0.23355208749999998 0.372156478125 0.22105345937499998 0.37191766406250004 0.2033451765625 0.371254240625 0.19718451718750002 0.38634985 0.182583840625 0.382820165625 0.1804272375 0.37016620312500004 0.1626143890625 0.35155686249999996 0.1708361796875 0.3327298109375 0.149933909375 0.320107759375 0.1290043578125 0.302804165625 0.099748453125 0.28638170625 0.0799244828125 0.2800866359375 0.0570110890625 0.27977885625 0.053844378125 0.27250177343750004 0.0308900703125 0.26517167812500003 0.021580884375 0.27611123593750003 0.00592009375 0.26937559843750003 0.01002416875 0.2587916859375 0.0182732375 0.244646178125 0.006802900000000001 0.24215151562499998 0 0.2418966515625 0 0.6796875 0.2895856328125 0.6796875 0.2915621609375 0.676361078125 0.2924506046875 0.6796875 0.33252254375 0.6796875
0 0.883432409375 0.3209076015625 0.8834869671875 0.33027069062500003 0.8981103718749999 0.3377016609375 0.914749446875 0.3335986203125 0.912601934375 0.3225051734375 0.9115281796874999 0.31695845 0.9010952296875001 0.31376845468750003 0.888610240625 0.3158704140625 0.883432409375 0.3209076015625
0 0.7926707421875 0.2940129171875 0.8000324531249999 0.3063112328125 0.8084133671875 0.3147931859375 0.8229503921875001 0.30739927031250003 0.8218629984374999 0.299511775 0.82078015 0.2924045375 0.8144967390625 0.2864332015625 0.7999187953125 0.2868048015625 0.7926707421875 0.2940129171875
0 0.6753916999999999 0.3632226625 0.6691901234375 0.3712959578125 0.6692174015625 0.3759775015625 0.6744452421875 0.3795231421875 0.6890322796875 0.38071205625000004 0.6994243140625 0.3768797390625 0.69520203125 0.3671769625 0.693109078125 0.36544660156250003 0.6826761265625001 0.3622566046875 0.6753916999999999 0.3632226625
1 0.5296875 0.6796875 1 0.6796875 1 0.52173429375 0.9679280312500002 0.5235459703124999 0.956421325 0.5148092515625 0.955352115625 0.5100427843750001 0.9386812171875001 0.508684025 0.9093843953124999 0.4852392515625 0.8843280374999999 0.47461828281249996 0.881102225 0.45719785625 0.8581524609375 0.4506480171875 0.8257753062500001 0.4347510484375 0.795568396875 0.43384881093749994 0.7996406484375 0.41780309843749996 0.7652069109375 0.40641782812500005 0.746533984375 0.4189338546875 0.7256953609375 0.41723540625 0.69231719375 0.40827582968750004 0.6797276390625 0.3924318703125 0.6672153734374999 0.3898522859375 0.6495571 0.39777169375 0.6183309890625 0.40068581875 0.6224259734375 0.38854139375 0.6140177812500001 0.37537789843749997 0.59109075 0.3727293453125 0.57972498125 0.388180603125 0.567280909375 0.3973048765625 0.5557469265625 0.3838866140625 0.5473341875 0.3699428609375 0.5597873515625 0.3623791 0.5607247171874999 0.34451810625 0.5296875 0.34508774375 0.5296875 0.6796875
1 0.05364869375 0.6796875 0.054288284374999995 0.6812238703125 0.054397396875000004 0.69995004375 0.052358996874999994 0.7075827718750001 0.0461665109375 0.71721658125 0.0430816359375 0.7239841296875 0.0336860703125 0.7200987984375 0.029504707812499996 0.7174183359375 0.020113687499999998 0.7143132624999999 0.0087024546875 0.7219619453125 0.0065867671875 0.7163303 0.006848568750000001 0.7612615593750001 0.012405267187500001 1 0.5296875 1 0.5296875 0.7756017046875 0.5255503140625 0.7726663125 0.48795895937499995 0.7555644734375 0.4878862171875 0.7430803578125 0.4628207671875 0.7308988750000001 0.431531009375 0.7228894 0.42624861249999996 0.709980671875 0.42617587187500006 0.6974965546874999 0.41986518281249996 0.686843675 0.4080144671875 0.6796875 0.365098421875 0.6796875 0.3635918078125 0.6806973484375 0.3605376109375 0.6796875 0.35209395312499997 0.6796875 0.3469527328125 0.684800390625 0.3281797875 0.6801507578125 0.3277483421875 0.6796875 0.302303521875 0.6796875 0.299051178125 0.6855755015625 0.2834131171875 0.68274115 0.28285965625 0.6796875 0.1009962515625 0.6796875 0.0917841671875 0.68194030625 0.080382025 0.6911495046875 0.0688753203125 0.6824127843750001 0.065714034375 0.6796875 0.05364869375 0.6796875
0 0.8648275953125001 0.9503960453125 0.8573198640624999 0.9491601203125001 0.8481482187499999 0.9484125875 0.8423480828125001 0.95418001875 0.8465715812500001 0.9638845093749999 0.859177103125 0.96937921875 0.8773998796875 0.9626530734375001 0.884001053125 0.9513347671875 0.8739483124999999 0.9424031796874999 0.8648275953125001 0.9503960453125
0 0.8567827140625 1 0.8567552781250001 0.9952913734375001 0.8500449421875 0.9878802703125 0.8383901312500001 0.9900504328124999 0.8291520437500001 0.9996872734375 0.82930848125 1 0.8567827140625 1
0 0.654778753125 0.94450836875 0.6590022546875 0.954212859375 0.66736195 0.9586383078124999 0.6815108703125 0.9554234140625001 0.6839612984375 0.9468868875 0.6814308406249999 0.9416884890624999 0.6705697578125001 0.9370591640624999 0.65807023125 0.9372884062499999 0.654778753125 0.94450836875
0 0.648851234375 0.9284248218750001 0.6530674578125 0.9368806562499999 0.665585175 0.9397729828125 0.678896715625 0.9358657812500001 0.67966868125 0.9253204296875 0.6712907953125 0.9177734140625 0.6596250421875001 0.9180706140625 0.648851234375 0.9284248218750001
0 0.6917171359375 0.847676303125 0.677557240625 0.8490182796875001 0.6684547750000001 0.8601326703125001 0.6743531 0.8712217296875 0.685195990625 0.8727294859375 0.6951650328125 0.8673018406249999 0.6984746671875 0.863203490625 0.6975863906249999 0.8537708374999999 0.6917171359375 0.847676303125