0 0.055440103124999994 0.34707584062499997 0.050351412500000005 0.3581252515625 0.060316049999999996 0.3680673890625 0.06784278906249999 0.36751377500000004 0.07397728906249999 0.3525878421875 0.06767270625 0.34147325156249997 0.055440103124999994 0.34707584062499997
0 0.1875928609375 0.509375 0.1893678203125 0.506940709375 0.1882540734375 0.49544287656249997 0.1764762328125 0.49612824531250005 0.166787753125 0.508601596875 0.1670604046875 0.509375 0.1875928609375 0.509375
0 0.1386480421875 0.3746092609375 0.1486851203125 0.360843753125 0.15328714999999998 0.3398788421875 0.1447847984375 0.34014230625 0.130121696875 0.3443437859375 0.125407853125 0.36508895625000004 0.1386480421875 0.3746092609375
0 0.1472227703125 0.35063808281250003 0.1387883453125 0.366275946875 0.1463191078125 0.3770686296875 0.160879496875 0.37424058125 0.1638788140625 0.3514032359375 0.1472227703125 0.35063808281250003
0 0.21672405625 0.1828666171875 0.2280151734375 0.172265675 0.219166528125 0.15428039375 0.209550415625 0.143046078125 0.2019535671875 0.14776633749999998 0.1958892015625 0.15852552656250002 0.2016439046875 0.1719950859375 0.21672405625 0.1828666171875
0 0.2106052375 0.06100551562499999 0.20209001093749998 0.04828345 0.19032728906250002 0.0424133765625 0.181336021875 0.0523023609375 0.18886051718750002 0.0712897203125 0.1963849109375 0.0902771546875 0.207884334375 0.086717321875 0.2106731765625 0.076379865625 0.2106052375 0.06100551562499999
0 0.21708616875 0.064328421875 0.2106052375 0.06100551562499999 0.2045409203125 0.0717648265625 0.2134597625 0.085583434375 0.223564765625 0.0871923265625 0.2221205328125 0.07168234999999999 0.21708616875 0.064328421875
0 0.2357636453125 0.061507157812500005 0.2266342671875 0.0601883640625 0.2113024609375 0.0584211015625 0.20565686562500002 0.0637215625 0.2094892453125 0.069048659375 0.219524153125 0.074824146875 0.22821723437500002 0.07349519374999999 0.2357636453125 0.061507157812500005
1 0.354534275 0 0.3560571484375 0.0023594953125 0.35494115625 0.0104026375 0.33960706875 0.028176496875000002 0.323716175 0.040201328125000005 0.2938176 0.04945691875 0.285453359375 0.06092816250000001 0.2667034546875 0.087457021875 0.26788513125 0.114329253125 0.26997449218749997 0.12611723125000002 0.25045945000000003 0.13985605625 0.25317583906249996 0.1532262953125 0.2430006375 0.155784071875 0.2276643203125 0.19309885468750002 0.2224352609375 0.2124815109375 0.20752000625 0.22479639218749997 0.20828511875000003 0.23758652812499997 0.2180415234375 0.24048757968749998 0.22347657031249998 0.24768698437499997 0.1974806609375 0.258102971875 0.184654753125 0.28220588593749996 0.1939923921875 0.2905656640625 0.186741871875 0.3135348390625 0.172175115625 0.3245576421875 0.155240684375 0.320917921875 0.1653434203125 0.3420678875 0.17893221875 0.3502959859375 0.1746787859375 0.3699687390625 0.1909862171875 0.3720261046875 0.20157795625000002 0.383550521875 0.2008105609375 0.39030150625000004 0.1921679046875 0.3988982859375 0.1881928890625 0.42144550468749997 0.190350190625 0.4486078390625 0.19313451875 0.47735243125000004 0.206721075 0.5051214984375 0.2089597453125 0.509375 0.559375 0.509375 0.559375 0.0540738265625 0.374926725 0 0.354534275 0
1 1 0.509375 1 0 0.9029913796875 0 0.9027943437499999 0.0117189671875 0.8921146640625001 0.015024389062499999 0.8838073812499999 0.027676578125 0.885855796875 0.0412476828125 0.8826727999999999 0.050022731249999994 0.8676781390624999 0.05420543437499999 0.860826821875 0.07053105468750001 0.8619045953125 0.08165320468750001 0.85273509375 0.0854076734375 0.8431331875 0.0998352453125 0.8422154593750001 0.10928386875 0.8321811453125001 0.1343845390625 0.8345535421875001 0.14373130625 0.8431835078125001 0.14197674375 0.8384348218750001 0.1686490859375 0.8277538453125001 0.187076465625 0.811733028125 0.2071565578125 0.7962517468750001 0.22523674374999997 0.794955825 0.24213408281249998 0.797812246875 0.267827290625 0.811188303125 0.269644303125 0.812268671875 0.2505225328125 0.8284495328125001 0.251013215625 0.826614075 0.2699104609375 0.827151015625 0.2981544765625 0.8204068281250001 0.3231532921875 0.8181389640625 0.3527236375 0.8206714046875 0.3826411796875 0.828867665625 0.4066816765625 0.8323720484375 0.4239262140625 0.8072901578125 0.441312009375 0.7801598515625 0.44512669843749997 0.7671064765625 0.4542073109375 0.750006590625 0.4782872125 0.77503426875 0.4641258 0.7973100578125 0.463188296875 0.8255194359375 0.45537379375000003 0.8457455109375001 0.45598714687499997 0.856101209375 0.4569060625 0.8601993406249999 0.468926309375 0.8728190109374999 0.48564075781250005 0.8826351750000001 0.488559578125 0.8997866796875 0.49149921562500004 0.9008644531249999 0.502621365625 0.8986932453125 0.509375 1 0.509375
0 0.7499744328125 0.2244382703125 0.74263909375 0.224417453125 0.7309345546875 0.228498303125 0.729046184375 0.23549797187500002 0.73276741875 0.2398449765625 0.743014690625 0.24721265625000002 0.747545228125 0.24855980312499998 0.7544494609375001 0.2441317609375 0.7567702390625 0.22645899218749999 0.7499744328125 0.2244382703125
0 0.8165463078125 0.05628415 0.8067288453125 0.0684872890625 0.8095323515625001 0.08228291875 0.8117434078125001 0.0861808734375 0.8184850000000001 0.0914259796875 0.829650003125 0.0893450375 0.8338578562500001 0.0797945578125 0.8383896906249999 0.0660197453125 0.826686453125 0.054978634375 0.8165463078125 0.05628415
0 0.612486140625 0.2775309328125 0.6062840828125 0.270285921875 0.586921521875 0.2634483296875 0.5793164140625 0.26442746562499997 0.5773738296875 0.2746515171875 0.582820796875 0.2816720015625 0.5886988750000001 0.2931413484375 0.6010500750000001 0.2957337890625 0.6067138953125 0.2898567421875 0.612486140625 0.2775309328125
0 0.7212242234375 0.24937463750000002 0.7056358140625 0.258781628125 0.7007812953125 0.26165881562500004 0.7026683703125001 0.26978110625 0.7096797296874999 0.27402625937499997 0.7218153765624999 0.2743942703125 0.729583125 0.2637419875 0.731525709375 0.253517934375 0.7212242234375 0.24937463750000002
0 0.7256398468749999 0.332780353125 0.71830450625 0.3327595359375 0.70778616875 0.34151376875 0.6911186890625001 0.35492056875 0.6707286765625 0.37910232499999996 0.68146256875 0.372572521875 0.6987224984375 0.36906339374999997 0.7094563921875 0.3625335890625 0.7199747296875 0.35377935625 0.7282820125 0.34112716875000004 0.7256398468749999 0.332780353125
0 0.8060536390624999 0.3944971265625 0.8000658390625001 0.40459850781249995 0.79763793125 0.41359808124999997 0.79823038125 0.423495753125 0.8042710984375001 0.42529195 0.80858608125 0.4244146671875 0.8124157406249999 0.42231290781249997 0.8181337750000001 0.41321148125 0.8208314484375 0.403211953125 0.8138743015625 0.39574241875 0.8060536390624999 0.3944971265625
0 0.8444495906249999 0.4728844875 0.8353343015625001 0.47341457656249997 0.8306953390625 0.47851619375 0.82691859375 0.4925155296875 0.8339841671875 0.493536296875 0.8385147046875 0.494883446875 0.8425599187499999 0.49500611718750004 0.84843929375 0.49135350000000005 0.853833346875 0.486476409375 0.8537262171875 0.47780321406250004 0.8444495906249999 0.4728844875
0 0.25617343593749997 1 0.260596646875 0.992959546875 0.26054373124999997 0.9810619703124999 0.2550425515625 0.9772658671875 0.245441940625 0.9765714765624999 0.2354631390625 0.9833258046874999 0.23751155468750001 0.9968969078125 0.239271734375 1 0.25617343593749997 1
0 0.31421968125 0.872803153125 0.3189670703125 0.861252771875 0.319183921875 0.848355240625 0.3134671859375 0.8423347078125 0.3043519 0.8428647937499999 0.298633865625 0.8519662234375 0.29868678125 0.8638638000000001 0.3039724078125 0.8654354734374999 0.31421968125 0.872803153125
0 0.504397709375 0.89046624375 0.5050998828125 0.8787931921875 0.5038607703125 0.862222228125 0.495554784375 0.859752459375 0.49323530312499997 0.8623032671875 0.48649241249999997 0.872180121875 0.4836320984375 0.8918527968750001 0.4881626359375 0.8931999453125 0.4979788 0.896118765625 0.504397709375 0.89046624375
0 0.2031364484375 0.5740515140625 0.20545592968749998 0.571500703125 0.20939401562499999 0.5629501796875 0.21241567031250003 0.5487263171875 0.20205997187500002 0.547807403125 0.1948859734375 0.5532353984375 0.1907323328125 0.5595614921875 0.18986881718749998 0.565785734375 0.19677175156249999 0.5764796515625 0.2031364484375 0.5740515140625
0 0.3564131359375 0.6952398140625 0.3546861046875 0.7076882953125 0.356842946875 0.7148106359374999 0.372484271875 0.7173012203125 0.3776098546875 0.6983021218750001 0.3762081015625 0.6914043078125001 0.3736743640625 0.676608725 0.3674710078125 0.684485675 0.3564131359375 0.6952398140625
0 0.4337471671875 0.8197707125000001 0.44733747968750004 0.8389341171875 0.4582327140625 0.8378531265625 0.465947546875 0.8153032640625 0.4521945921875 0.8058130078125 0.4470716046875 0.7945681875 0.43973626406250005 0.794547371875 0.4337471671875 0.8197707125000001
0 0.7899386515625 1 0.7947176125000001 0.9927215265625 0.782408403125 0.9814366937500001 0.7809490953125 0.9797319828125 0.7721279421875 0.9910876671875 0.771444421875 1 0.7899386515625 1
0 0.784191190625 0.9108028203125 0.7968192984375 0.9031207 0.79707441875 0.887947134375 0.7951079234374999 0.8810084734375 0.7856535499999999 0.8769264437500001 0.7784192640625001 0.8824000546875 0.7744209703125 0.8901066656250001 0.7768946515625 0.9022792796875001 0.784191190625 0.9108028203125
0 0.89442141875 0.7974392765625 0.8898521546874999 0.8037053265624999 0.888772475 0.8148213546875 0.8970211359375 0.8198156484375 0.902985925 0.8190477015625 0.9084435296875 0.8130457984374999 0.9092696171875 0.7993127937500001 0.9022266703125 0.7934062296875 0.89442141875 0.7974392765625
0 0.919311746875 0.6091394265625001 0.9171554375 0.595790396875 0.9109370531250001 0.5939413703125 0.9091603734374999 0.593413078125 0.8962786703125 0.598478221875 0.8967220781249999 0.607505565625 0.9025593078125 0.6143243984375 0.9152496718750001 0.620639428125 0.919311746875 0.6091394265625001
0 0.9194377812500001 0.619343184375 0.9240692984375001 0.6270742859375 0.9450098453125 0.6205930703125 0.9515471281250001 0.6034751421875 0.946217084375 0.6018902609375 0.9358105906249999 0.601337475 0.9283227125 0.6041941093750001 0.9211522078125001 0.605874328125 0.9180422531250001 0.6138450843750001 0.9194377812500001 0.619343184375