0 0.159903928125 0 0.1586844703125 0.0015271546875 0.16157265 0.0092077015625 0.1628886203125 0.014267559374999999 0.171518365625 0.020053503125 0.17438915 0.0191061984375 0.182343515625 0.0137343640625 0.18101015 0.000046657812499999997 0.1809865765625 0 0.159903928125 0
0 0.034192078125000004 0.10500449999999999 0.037557939062500004 0.0905510140625 0.0236990984375 0.081781340625 0.013275696875000001 0.093069575 0.007953275 0.108561125 0.021538484375 0.11114211874999999 0.034192078125000004 0.10500449999999999
0 0 0.12656936875 0.007347475000000001 0.131914740625 0.0221031421875 0.1321473265625 0.0229825734375 0.114982390625 0.0104223109375 0.10264472499999999 0 0.09589894374999999 0 0.12656936875
0 0.061175842187499996 0.147117046875 0.0918576359375 0.1452338109375 0.09392491875 0.134348315625 0.0670281328125 0.1353750125 0.0620552734375 0.1299521109375 0.054467865625 0.12303734687500001 0.04154064375 0.12298628125 0.031757834375 0.128176596875 0.033347435937499996 0.13942513437499998 0.049290956250000004 0.14593715937500001 0.061175842187499996 0.147117046875
0 0.0374154515625 0.40847106718750004 0.0379627140625 0.4208484265625 0.0408508921875 0.428528975 0.0484209046875 0.4268158921875 0.057161373437499996 0.4227544 0.0663209859375 0.4322898546875 0.07480521875 0.43066753437500005 0.0771461359375 0.4259707203125 0.0782991984375 0.4149944609375 0.0742405609375 0.40966232343750003 0.0658670515625 0.40143721406250005 0.059851853125 0.39714313749999997 0.04783885 0.3971828328125 0.031144015625 0.4066161609375 0.0374154515625 0.40847106718750004
1 0.5390625 0.509375 0.5390625 0 0.20259316093750002 0 0.19433912343749998 0.0050668171875 0.17921649687500002 0.017120834374999998 0.1646237359375 0.0329243609375 0.15487571718749998 0.055370371875000005 0.1457682890625 0.0717184640625 0.14412014687500002 0.0962009046875 0.139583828125 0.11300279843750001 0.13369674843749998 0.1074891375 0.128176628125 0.08968887656249999 0.089360165625 0.07227998906250001 0.1073124328125 0.1036374984375 0.1418836015625 0.1526648125 0.1306740984375 0.162642703125 0.131041059375 0.1503561015625 0.1297076921875 0.1366683953125 0.118847753125 0.125731834375 0.10608343437500001 0.14171688437500002 0.0986589375 0.1508382328125 0.087432040625 0.152188275 0.081835984375 0.1614911421875 0.083442984375 0.181367528125 0.09234636093750001 0.1933421515625 0.0965505109375 0.20608255468749997 0.10622259687499999 0.210739675 0.10688058125 0.21326960156250002 0.103899075 0.2240643359375 0.103933865625 0.241320034375 0.1005854 0.2644013703125 0.0988850734375 0.2630002640625 0.0832151828125 0.2626769203125 0.08482218124999999 0.282553303125 0.096852578125 0.2911414578125 0.0929394546875 0.293217584375 0.0880013859375 0.30505038125 0.0842163796875 0.3059069234375 0.076133896875 0.3124983421875 0.0717256953125 0.3280806515625 0.07801452656249999 0.33856340937499996 0.090027528125 0.3385237109375 0.089019978125 0.3569082328125 0.0916693171875 0.375655796875 0.0967876890625 0.3884869609375 0.1024359265625 0.4050676375 0.1011721390625 0.4258913265625 0.1009333 0.43695834375000003 0.114664021875 0.4469476 0.117458871875 0.47310342656250004 0.11762178125 0.489139540625 0.12493555468749999 0.4898656265625 0.1291397078125 0.5026060296875 0.1388688703125 0.509375 0.5390625 0.509375
1 0.67475550625 0 0.6628319828125 0.0086154609375 0.6467900656250001 0.0342567765625 0.6267739921875 0.0155103328125 0.6252641703124999 0.0373570546875 0.60684663125 0.040765915624999996 0.5955465765625 0.051166121875000005 0.5921760640625 0.030929815625000003 0.5766490765625 0.03672055625 0.5670268859375 0.05357208125 0.5640717890625 0.0742278609375 0.5753073 0.0868653171875 0.5746538984375 0.09308519531250001 0.56423983125 0.10252589999999999 0.5479505437500001 0.11557316718749999 0.5390625 0.116162565625 0.5390625 0.509375 1 0.509375 1 0.1333210921875 0.984026325 0.1127770296875 0.9732264140625 0.095992990625 0.9581995734375 0.07459948749999999 0.9387427875000001 0.05800348125 0.9111884140625 0.0437459515625 0.88686608125 0.036094031250000005 0.8774173328125 0.028871248437500004 0.871948140625 0.013663878125 0.8771348375000001 0 0.819671571875 0 0.8143346843749999 0.008991684375 0.8071629296874999 0 0.7796703234375 0 0.7790242109375 0.0012963609375 0.7763724390625001 0 0.67475550625 0
0 0.0482205375 0.6482477375 0.035321946874999996 0.6364926359374999 0.025887982812499998 0.636603525 0.0175725953125 0.6410152921875 0.014152326562500001 0.6511503171874999 0.019606731250000002 0.6590240125 0.029941470312500003 0.6652872953125 0.0418156 0.6643712015625 0.0482205375 0.6482477375
0 0 0.670871140625 0.00454491875 0.6753355125 0.0195421890625 0.6820616734375 0.026753787499999997 0.6806827 0.025511525 0.6700847953125 0.016607276562500002 0.65767878125 0.0072674296875 0.6494193515625 0 0.6438065390625 0 0.670871140625
0 0.030561315625000002 0.5323217125 0.0206769640625 0.5292455140625 0.014460254687499998 0.5286283421875 0.005149978125 0.5350362578125 0.0146135140625 0.5495927093749999 0.026160940625 0.5517865546875 0.0311353875 0.5418058234375 0.030561315625000002 0.5323217125
0 0.062131375 0.9418694359374999 0.0566917546875 0.941329409375 0.050380931250000004 0.9490825546874999 0.0498807875 0.9762668015625 0.0616608015625 0.9837210234375 0.067427121875 0.9811511109375001 0.071762953125 0.9847239296874999 0.07875675 0.9854182484375 0.09007159218750001 0.9823517109375001 0.092388071875 0.9752494796875 0.0894827328125 0.9655339296874998 0.084696515625 0.9587740265625001 0.0764752421875 0.954815475 0.0662494046875 0.9475155453124999 0.062131375 0.9418694359374999
0 0.0466313890625 0.6857984484374999 0.05331327031250001 0.696936378125 0.06263833437500001 0.697862134375 0.06807795312500001 0.6984021609375001 0.10592270781249999 0.696921959375 0.06638530468750001 0.6846171703125 0.06048051250000001 0.6735563875 0.051170234375 0.6799643015625 0.0466313890625 0.6857984484374999
1 0.2513724703125 0.509375 0.2491759796875 0.5142215828125 0.238405640625 0.512104884375 0.2314414140625 0.5260779109375 0.2433303296875 0.5324954843749999 0.2276003296875 0.5476931921875 0.2088560875 0.55421199375 0.194106190625 0.56007988125 0.18742430937500001 0.5489419515625 0.1655717140625 0.555152165625 0.18359800937499998 0.5778909046875 0.16875399687499998 0.5921291109375 0.1558352203125 0.625412684375 0.1558647921875 0.6400800249999999 0.15090513125 0.657394428125 0.12532574999999999 0.631810934375 0.10830913125 0.614409721875 0.0936681328125 0.6192409640625 0.1113677265625 0.645089640625 0.1411740375 0.6752825984374999 0.1250877640625 0.6789229015625 0.1245580484375 0.69143980625 0.11492107031250001 0.70095765625 0.10049787343750001 0.7037156062500001 0.093315846875 0.7197619234375 0.101239990625 0.7414977546875 0.107704071875 0.7547089765624999 0.1157223296875 0.7680744921875 0.114524425 0.7794776015625 0.11899872656249999 0.7966811171874999 0.1117225859375 0.8210977515625 0.108490546875 0.8144921406249999 0.0986061953125 0.8114159437499999 0.0936317484375 0.8213966750000001 0.09987802812499999 0.836681190625 0.11221733125 0.8462858515624999 0.1083318875 0.84590011875 0.098135621875 0.8532675328125 0.089820234375 0.8576793 0.08462798593750001 0.869733325 0.0851079453125 0.8875877531249999 0.10263949531250001 0.8851383875 0.1016593921875 0.8944682078125 0.0958137421875 0.912742109375 0.10406458593750001 0.931368003125 0.104079371875 0.9387016734374999 0.112627346875 0.9395502859375 0.131916090625 0.9278482531249999 0.12207609531250001 0.94677306875 0.118546925 0.9579447406250001 0.10612829374999999 0.964044065625 0.110152209375 0.9780604953125 0.11439392500000001 0.9900036312499999 0.1268273421875 0.9912379765625001 0.1272825265625 1 0.5390625 1 0.5390625 0.509375 0.2930339671875 0.509375 0.2907972765625 0.5141637609374999 0.281892059375 0.509375 0.2513724703125 0.509375
0 0.715042809375 0.7201046359375 0.7156962124999999 0.7138847578125 0.7130086734375001 0.7020959140625 0.70777206875 0.692148925 0.7004515703124999 0.6945645453125 0.694467446875 0.699207753125 0.6939377312499999 0.71172465625 0.700169225 0.7196754984375 0.7059503328125001 0.7244392562499999 0.715042809375 0.7201046359375
0 0.666047271875 0.6408710453124999 0.6589445734374999 0.641213375 0.6551828171875 0.6471246671875 0.6555390890625 0.6586820703124999 0.6578851421875 0.6662471812499999 0.6614438828125 0.669742853125 0.66988295625 0.6716281109375 0.674080315625 0.6615702328124999 0.677391684375 0.6524718546875 0.675822721875 0.6449838890625 0.6707098031250001 0.641333925 0.666047271875 0.6408710453124999
0 0.6031662234375 0.776035228125 0.614263265625 0.7750419859375001 0.6176983218750001 0.7722406328125 0.6188962250000001 0.7608375234375 0.618431053125 0.7503167671875 0.6121995578125 0.7423659218750001 0.600775815625 0.746469103125 0.5956776828125 0.7501528109375 0.5923663125 0.7592511875 0.595939840625 0.77008053125 0.6031662234375 0.776035228125
0 0.64615346875 0.792872334375 0.656240834375 0.78654156875 0.6623338578125 0.780861715625 0.6656452265625 0.7717633390625 0.6657393421875 0.7633930203125 0.663843678125 0.7590149953124999 0.6616213125 0.757746909375 0.6563994937500001 0.755133590625 0.6454113515625 0.755090184375 0.6375463515625001 0.762689040625 0.63324009375 0.7737835640625 0.6373729078125 0.7867633453125 0.64615346875 0.792872334375
0 0.5390625 0.7046815609375 0.5827495218750001 0.723730365625 0.5839474250000001 0.71232725625 0.5719348234375 0.6996126546875 0.5671486046875 0.6928527515624999 0.5486073796875 0.6899645890625 0.5390625 0.6898141390625 0.5390625 0.7046815609375
1 0.9294306546875 0.509375 0.9206366109375 0.5195016703124999 0.9273332796875 0.5379732703125 0.9244575109375 0.5429250640625 0.9184733890625001 0.547568271875 0.8950316468749999 0.5913291968750001 0.8875874625 0.587447790625 0.8852266234374999 0.5725490093750001 0.8710212296875 0.573233665625 0.8617257359374999 0.5869752515625 0.872198946875 0.6068692296875 0.8606165484374999 0.6423803890625 0.8437975421875 0.6679445578125 0.8211826453125 0.6814112984375 0.81814821875 0.7177710703125 0.8070659625 0.7260979843750001 0.7870001328124999 0.7377228703125001 0.7616035812499999 0.7477710859375 0.7563320046875 0.7755290984375 0.7342763953125 0.79114628125 0.7294404203125 0.8147577078125 0.7351072265624999 0.87293045625 0.7284844875 0.8911272140625 0.7357108718750001 0.8970819109375 0.7350722546874999 0.9106354609375 0.7187533953124999 0.9090153843750001 0.710126090625 0.9238707609375 0.7208318874999999 0.9490251187500001 0.7327208031250001 0.9554426953124999 0.7237520125 0.9660743421875001 0.71043260625 0.965799496875 0.70435436875 0.9788130203125001 0.7082305375 1 1 1 1 0.5200642125 0.9981128828125 0.52195594375 0.9836896875000001 0.524713890625 0.9791508421875001 0.5305480359375 0.9693901765625 0.5337688640625 0.96592555 0.521902875 0.951734940625 0.529921203125 0.9533832328125001 0.5217051781250001 0.9481841234375 0.509375 0.9294306546875 0.509375
0 0.71695184375 0.896267040625 0.7193920109375 0.8954618343749999 0.7203869 0.8934656875 0.7268066234375 0.8846758953125 0.7278015140624999 0.8826797484375 0.7224560078125 0.8737694062500001 0.7125716578125 0.8706932093749999 0.7037117671875001 0.8802882078125001 0.7035087515624999 0.8896951718749999 0.7062904046874999 0.893113696875 0.711512225 0.8957270156250001 0.71695184375 0.896267040625
0 0.5737727593749999 0.5102052859375 0.5702435890625 0.5213769562499999 0.57137695 0.5330115078125 0.5828302640625 0.54357566875 0.588037296875 0.538855315625 0.5922198703125 0.521463765625 0.5807665562500001 0.5108996046875001 0.5737727593749999 0.5102052859375
0 0.8618198515625 0.5786049328125 0.8634533578125 0.5630552359375 0.8619932953125 0.554530625 0.853212734375 0.5484216359375 0.846466309375 0.56032136875 0.8429223546875001 0.5641593671875 0.83783900625 0.5751767453125 0.84672846875 0.5802490890625001 0.8573899062500001 0.5834024328125 0.8618198515625 0.5786049328125