0 0.1916875796875 0.34547440156250003 0.20059197968750003 0.3421277984375 0.2062684234375 0.334175371875 0.20188380781249998 0.3272212625 0.1873171296875 0.320045946875 0.1784127296875 0.3233925515625 0.1760852515625 0.3371703203125 0.1916875796875 0.34547440156250003
0 0.1572298703125 0.2774648 0.166927903125 0.2728079171875 0.16961840625 0.262688715625 0.16590641718750002 0.25320480624999997 0.15218679531249998 0.254566146875 0.1460121546875 0.2761148265625 0.1572298703125 0.2774648
0 0.11377508124999999 0.17463359218750002 0.1187113125 0.1778383796875 0.1279787359375 0.1781503421875 0.136210509375 0.1773335375 0.1370717296875 0.1673958484375 0.1350680171875 0.1565109046875 0.12842351093749999 0.15470715468750001 0.119035078125 0.15317567031249998 0.1156185265625 0.1559777390625 0.11213439218750001 0.167407215625 0.11377508124999999 0.17463359218750002
0 0.20282230937499998 0.057423246875 0.21093307499999997 0.055386921874999995 0.21167328749999997 0.0442297109375 0.208203315625 0.0371848453125 0.195707934375 0.0322670640625 0.189547459375 0.0353413984375 0.1927078296875 0.04857463125 0.20282230937499998 0.057423246875
1 0.5 0 0.218060228125 0 0.217499065625 0.000548121875 0.21955620156250003 0.0212799984375 0.23400187187500002 0.027235790625 0.237027071875 0.0577238421875 0.23932622343749999 0.0808947640625 0.2447999078125 0.09882456875 0.2439921109375 0.11860919218749999 0.24556521406249998 0.13446297499999998 0.25464404531249996 0.14218283125 0.25737380625 0.1603849046875 0.270595234375 0.1726198203125 0.2850267421875 0.19704995625 0.2916036640625 0.20748111875 0.297319365625 0.2278499703125 0.3079178765625 0.241576675 0.31083623125000004 0.2523708609375 0.3178437625 0.2578331796875 0.3275952171875 0.2630232296875 0.33239627656250004 0.2834828390625 0.3437884234375 0.2958992640625 0.3523832203125 0.298741028125 0.3474328265625 0.31401058593750003 0.34326190156249997 0.34644420625 0.355084653125 0.353891790625 0.35866147187499997 0.3806305203125 0.3773707484375 0.3923209 0.38938209687500003 0.39236059375 0.4016354609375 0.3948393328125 0.404742409375 0.3982256296875 0.4077141875 0.41886675 0.41337646875 0.42938867031249994 0.4272170984375 0.4292468515625 0.435758475 0.42224168281249996 0.4354096140625 0.400108771875 0.4358402234375 0.3951399265625 0.44619671875 0.4064275890625 0.45948573281250005 0.4100350921875 0.4581546453125 0.39662035 0.47315193437499997 0.3988268203125 0.4810741078125 0.4041983828125 0.4792982453125 0.41422682968749996 0.490138771875 0.43039257812500004 0.5 0.43218088593750004 0.5 0
0 0.5645220078125 0.397054625 0.55598063125 0.4040597953125 0.5517704484375 0.40817214062499996 0.5542581921874999 0.423935171875 0.563216015625 0.4304355015625 0.5724300171875 0.42090052812499995 0.5746364875000001 0.405903240625 0.5645220078125 0.397054625
0 0.6276856984375 0.40063939375 0.63774675625 0.399641078125 0.6435442078125 0.3929081765625 0.642334128125 0.38071295625 0.6362412390625 0.37515987968750003 0.62410888125 0.3739006640625 0.623489678125 0.386277396875 0.6276856984375 0.40063939375
0 0.6554879687499999 0.40157527968749995 0.6604383640625 0.38630572343749997 0.6536194265625 0.3734355171875 0.644836034375 0.37800164375 0.6408678671875 0.38455303281250003 0.6408002828125 0.39318044375 0.6439606515625 0.40641367656250005 0.6554879687499999 0.40157527968749995
0 0.620364096875 0.1686068671875 0.6188978390625 0.172446946875 0.620901553125 0.183331890625 0.6327243078125 0.19077947343749999 0.6393688140625 0.192583225 0.6495508796875 0.19280443125 0.6498070578125 0.17676913125 0.6376212796875 0.16566298125 0.628784465625 0.1603821765625 0.62353863125 0.16336575625 0.620364096875 0.1686068671875
0 0.576343528125 0.08799932656250001 0.5859063875 0.100597265625 0.59431259375 0.110846915625 0.6012667015625001 0.1064623015625 0.599330575 0.08694994843750001 0.59677524375 0.07981432968749999 0.58653975625 0.06974619062500001 0.5764786984375 0.07074450625 0.576343528125 0.08799932656250001
0 0.617676828125 0.0949817625 0.60768335625 0.0873526703125 0.5976223 0.088350984375 0.5907891968750001 0.0939551203125 0.5955368359375 0.10456779375 0.6098615 0.10930406562499999 0.6076691921874999 0.1058270109375 0.617676828125 0.0949817625
0 0.6278054703125 0.08535603750000001 0.6226948078125 0.07108479375 0.6135483921875 0.07199235468750001 0.6062312609375 0.0727184015625 0.603177734375 0.0791790390625 0.6060960890625 0.089973221875 0.6127405953125 0.0917769765625 0.6278054703125 0.08535603750000001
1 1 0.45 1 0 0.7031968734375 0 0.692734090625 0.013642399999999999 0.6756513375 0.027652740624999998 0.666006728125 0.0421565546875 0.6689785046875001 0.0627976734375 0.6638395156250001 0.0854751203125 0.66028779375 0.105532009375 0.6664341046875 0.120932015625 0.6738046609375 0.1300529 0.66871909375 0.162577278125 0.65413825 0.17387630625 0.6555085968750001 0.215612325 0.65128425 0.2381990171875 0.6616407453125 0.24948667656249998 0.6708405828125 0.25842605 0.6625412234375 0.26787026406250003 0.6505832953125 0.277677503125 0.6471525828125 0.2989539125 0.652868284375 0.3193227640625 0.6629151796875 0.33679879375 0.652302503125 0.34154643125 0.6356503609375 0.350587928125 0.6507010734375 0.362641328125 0.6645417046875 0.3624995125 0.676485465625 0.3711666171875 0.6722076968749999 0.383906375 0.6838560203124999 0.38028750312500004 0.6905681140625 0.3734638453125 0.7008711859375 0.3749045734375 0.7051882140625001 0.390486090625 0.6981130984374999 0.393651184375 0.6971308703125001 0.40236935 0.70041225 0.416822103125 0.7072987718749999 0.4210649015625 0.708320259375 0.44066800937500006 0.71183940625 0.45 1 0.45
0 0.38927268593750003 0.8735007249999999 0.3842830328125 0.86044900625 0.373186325 0.8603185546875001 0.3619686109375 0.8589685828124999 0.3603137578125 0.8702165484375 0.366769671875 0.8794281906249999 0.3741402265625 0.8885490749999999 0.3814573578125 0.8878230265625 0.38590955937500004 0.8861497249999999 0.38927268593750003 0.8735007249999999
1 0.5 0.45 0 0.45 0 0.6025844453125 0.006574090624999999 0.60974961875 0.019297321875000002 0.635580790625 0.0339708453125 0.662449971875 0.0505946609375 0.6903571609375 0.0653891921875 0.7184458625 0.06511884999999999 0.7529555046875 0.0770484484375 0.7800969531249999 0.08514505156249999 0.796534971875 0.0997793140625 0.795082875 0.1118582515625 0.786495159375 0.12281978593750001 0.8038804296875 0.13718370625 0.8369379765625 0.15017728125000002 0.8282595046875001 0.15647292968749998 0.8079303484375 0.15641950468750002 0.7980834140624999 0.1690893171875 0.814067653125 0.17945997656249998 0.8068809703125 0.190677690625 0.8082309421874999 0.1998775296875 0.8171703171875 0.21096007343749998 0.8357751125 0.2149816625 0.8390706531250001 0.2245586875 0.833194246875 0.2435775671875 0.8386962609375 0.25400164687500004 0.8413565125 0.25724376875 0.8274879890625 0.2827327234375 0.8237273 0.29279378125 0.8227289828125001 0.32114766875 0.8199155484375 0.3313973203125 0.8115093437500001 0.34786086875 0.8098757359375 0.36798298281249997 0.8078791046875 0.3827524203125 0.7891721875 0.40403119218750005 0.7895238453125 0.41519548281249996 0.7810268828125 0.42283638281249997 0.7556381265625 0.44435717031250005 0.7584288296875 0.44820433125000003 0.750657915625 0.46583870000000005 0.7328982515625 0.48407810781249994 0.7212362015625 0.5 0.69729245 0.5 0.45
0 0.078778584375 0.9092358468749999 0.06713026093749999 0.91285471875 0.06248946875 0.921935909375 0.059798965625 0.9320551078125 0.067290528125 0.9423955171875 0.07186373593749999 0.9419417359375 0.08278601249999999 0.9310057296875 0.078778584375 0.9092358468749999
0 0.5 0.776130225 0.478978378125 0.7722349234375001 0.475857265625 0.7873229671875001 0.47901763593749996 0.8005561968749999 0.488217475 0.8094955718750001 0.5 0.8095345078125 0.5 0.776130225
0 0.8345643921875 0.9576229828125001 0.8362675484375 0.966875184375 0.8427382343750001 0.976701125 0.8501466687499999 0.9801532156250001 0.8530507359375001 0.977771459375 0.8518164546874999 0.96533233125 0.8499075843749999 0.95400694375 0.842968025 0.947367928125 0.8359710171875001 0.9480622109375 0.8345643921875 0.9576229828125001
0 0.5418575984375 0.951075834375 0.5423144343749999 0.9635921046875 0.563408315625 0.9625458468750001 0.5661066703125 0.958090903125 0.5674678859375 0.9401602359375001 0.565559015625 0.9288348484375 0.5632841281250001 0.9217329765625 0.5508904109375 0.9313371515625001 0.5441445265625 0.9424745140624999 0.5418575984375 0.951075834375
0 0.700504603125 0.8725259828125 0.69215841875 0.8754477375 0.6896657765625 0.8819758703125 0.69681105 0.8906880734375001 0.7042194859375 0.8941401671874999 0.7056594796875 0.9086524796875001 0.7121876140625 0.9111451203125001 0.720225228125 0.90511358125 0.7183163578125 0.8937881921875 0.7110228203125001 0.8756695015624999 0.700504603125 0.8725259828125
0 0.5712457109375 0.812075803125 0.5669470578125 0.8083151390625 0.5611963703125 0.8057453562500001 0.5498432609374999 0.8100122765625001 0.548128065625 0.8164632671875001 0.5509172359375001 0.82874810625 0.5631506484375001 0.8254406390625 0.5712457109375 0.812075803125
0 0.737676459375 0.788233990625 0.7480918203125 0.7903409187499999 0.7516704750000001 0.7868454234375 0.7553065812499999 0.7760166328125 0.7473838609375 0.7673815703125 0.736602484375 0.7694981609375 0.7323492390624999 0.7741073921874999 0.737676459375 0.788233990625
0 0.8202459703125001 0.773760171875 0.8272309390625001 0.7887690796875 0.8375434421874999 0.789839415625 0.8448036109375 0.78388501875 0.8469422734375 0.7658772125000001 0.8374646640625001 0.7573964375 0.826946446875 0.754252915625 0.8223271828125001 0.763085665625 0.8199374 0.770650390625 0.8202459703125001 0.773760171875
0 0.645426375 0.7209711875 0.6493710484374999 0.713252175 0.64766789375 0.7039999734375 0.6391734421875 0.6975152437500001 0.6326907171875 0.7033924953125 0.631238684375 0.7045833734375 0.62942063125 0.709997771875 0.6327815359375 0.72013228125 0.6353195859375 0.721974040625 0.6409674171875 0.7235072296875 0.645426375 0.7209711875
1 1 0.45 0.5 0.45 0.5 0.574501453125 0.5031714125 0.5770197671874999 0.509345565625 0.5680327359375 0.5235452953124999 0.5687173546875 0.5271239515625 0.5652218609374999 0.5485143640625 0.5829885781249999 0.535651771875 0.5957796765625 0.53983553125 0.6142069375 0.5525378171875001 0.60771254375 0.557511059375 0.61035946875 0.5586878921875 0.6301318921875 0.544624390625 0.6545569515625 0.56042441875 0.66345718125 0.5793462671875 0.6563456453125001 0.57925545 0.6396058609375 0.5889054046875 0.6260867390625 0.594919253125 0.6233964109375 0.5990335250000001 0.6648601624999999 0.60903745625 0.6628207140625 0.6201728140625 0.6721837984375 0.63944864375 0.6765519390625 0.6414269984375001 0.6648408375 0.6176588421875 0.6389356562499999 0.620826071875 0.6312937875 0.637037528125 0.6443403890624999 0.6431421937499999 0.6583898484375 0.6489957390625001 0.6619962234375001 0.657695903125 0.6705541421875 0.6703407421875001 0.67139305 0.6598558953125 0.6923226124999999 0.6580832531249999 0.7061069015625 0.67040748125 0.7195392171874999 0.6894896359375 0.7061309796874999 0.690381978125 0.6913872390625 0.6954126671875 0.686700865625 0.69487430625 0.71292428125 0.7049810937500001 0.7119214265625 0.7153056359375001 0.6972885703125 0.7199703093750001 0.6968257125 0.7356220718750001 0.69631945625 0.7532855625 0.70817518125 0.7688919171874999 0.6992990296875 0.7871271390625 0.709004425 0.8022646171875 0.703315196875 0.8124742640625 0.7033489375 0.8281714359375 0.7112125734375001 0.8340824296875 0.70748565 0.8362665 0.6978477359374999 0.853678865625 0.69926038125 0.8633288203125 0.6857412593750001 0.8762822281249999 0.689689946875 0.8945989765625001 0.6606556593749999 0.9272516812500001 0.6574156703125 0.9815032578124999 0.602832928125 0.9933947296875001 0.5723425921875 1 0.5680275046875 1 0.45