0 0 0.2393126375 0.0007376609375 0.2394894859375 0.0011966109375 0.24429549062499997 0.006354 0.25058232812500003 0.0264580703125 0.247250640625 0.039393478125 0.24131428124999998 0.040194706250000004 0.23379788281249997 0.031790929687500004 0.2306312921875 0.011736993749999999 0.2274183546875 0 0.22829421249999998 0 0.2393126375
0 0.12359029218749999 0.2198563515625 0.1245833953125 0.21965142499999998 0.138703778125 0.2208216109375 0.1444203875 0.21882520312499998 0.14376956093749998 0.2067077265625 0.13141844062500002 0.20108852968750002 0.1224805140625 0.2029328703125 0.117999015625 0.205491196875 0.11746486406250001 0.210502128125 0.12359029218749999 0.2198563515625
0 0.20272815937500002 0.3734175328125 0.193598359375 0.367950403125 0.18068801875 0.3706144484375 0.1700309625 0.3703631765625 0.1590566953125 0.3791619953125 0.16794448906249998 0.38386228125 0.17629813125 0.39357349531249997 0.1789602296875 0.40200880781250004 0.1948749453125 0.3954576671875 0.19693635 0.3852308765625 0.20272815937500002 0.3734175328125
0 0.175470925 0.50155980625 0.1706307453125 0.486222878125 0.15675236875 0.4858195390625 0.144058971875 0.4925227453125 0.131874659375 0.49748733125 0.11370666250000001 0.506953790625 0.12710101875 0.5058234359375 0.143958703125 0.5056119953125 0.15163645312500001 0.5064780468750001 0.165514828125 0.506881384375 0.175470925 0.50155980625
0 0.223749221875 0.47689545468750005 0.2236990890625 0.4834400796875 0.22367402187500002 0.48671239218749995 0.23030853437499998 0.4943279953125 0.24568909687499998 0.4927877875 0.25685523906249996 0.491300440625 0.2601016234375 0.48818019375 0.2562294796875 0.47591065 0.246106571875 0.470648446875 0.23322130156249998 0.4700401828125 0.22500939999999997 0.47418506093749996 0.223749221875 0.47689545468750005
0 0.20448876562499999 0.4024584921875 0.2141527203125 0.402914690625 0.2302843765625 0.40040270937500005 0.229875559375 0.3890520796875 0.2266793078125 0.3856277 0.2207457578125 0.3835849484375 0.20982162343750002 0.3858391421875 0.2016097234375 0.38998402187500003 0.20105050468750002 0.39826726562500003 0.20448876562499999 0.4024584921875
0 0.24626654375 0.320327003125 0.2601449203125 0.32073034218749996 0.2713110609375 0.31924299375 0.2699091421875 0.308097290625 0.263491571875 0.304520846875 0.25012228125 0.3023788890625 0.2411592890625 0.30749554218749997 0.24164330625 0.3090292328125 0.24183518125 0.31634070625 0.24626654375 0.320327003125
0 0.2793570640625 0.2073167328125 0.285774634375 0.210893178125 0.300404103125 0.21032474375 0.306437921875 0.1992782453125 0.30128053125 0.1929914078125 0.298835375 0.18859525625 0.29217579531250004 0.1842519640625 0.282486775 0.18706807812499998 0.2774460578125 0.1979096484375 0.2793570640625 0.2073167328125
0 0.3414558546875 0.12589271562499998 0.3493756125 0.12752561406250001 0.3669843921875 0.1263423984375 0.37326021875 0.1160627484375 0.365173653125 0.1038460671875 0.350811259375 0.10190903437500001 0.338626946875 0.106873621875 0.3383348046875 0.11265139843750001 0.3414558546875 0.12589271562499998
0 0.26076293125 0.27241250156249996 0.27212095000000003 0.278236625 0.28272787187500004 0.2850325234375 0.29537113593750003 0.284873940625 0.2969234578125 0.276385771875 0.2905309546875 0.2695370125 0.27691965625 0.2666282078125 0.2667716828125 0.2646383171875 0.26076293125 0.27241250156249996
1 0.51875 0.6296875 0.51875 0.024725900000000002 0.5157502203125001 0.024584292187500002 0.50141289375 0.0193749484375 0.482009784375 0.0282794875 0.490263159375 0.0510799546875 0.46586946874999996 0.0642814390625 0.44659169218750006 0.0568244171875 0.41135772812500004 0.028973189062499998 0.4423020703125 0.066694215625 0.449587409375 0.0864272953125 0.4228237609375 0.0854156921875 0.3961767875 0.10153249687499999 0.3819561375 0.1134515609375 0.3672013328125 0.130381559375 0.3562019984375 0.1424526890625 0.3548666203125 0.15498001875 0.324764978125 0.136687940625 0.310060309375 0.1470733125 0.29012305 0.160988784375 0.3258410296875 0.19037370468749998 0.310869284375 0.20326454374999997 0.328277528125 0.22825982812499998 0.3286362140625 0.24615508125000002 0.3066211375 0.2400796859375 0.301046271875 0.25593218906250004 0.2995855578125 0.28482108125 0.29103138125 0.30128836406250004 0.2883856890625 0.3230707109375 0.2687907046875 0.3246637796875 0.265227109375 0.336834115625 0.26926606406250003 0.3596874421875 0.2807156890625 0.3859122875 0.2845878328125 0.39818182968750004 0.29133901875 0.42292584218749996 0.29027071718749997 0.43294770624999995 0.30368148125 0.46203500937499997 0.2962872171875 0.48888115 0.3115424453125 0.503702503125 0.3283249296875 0.513308 0.34333815 0.52736250625 0.3662460625 0.5463222265625001 0.37747874531250003 0.5685079125 0.3937270765625 0.5831243390624999 0.40801427187500006 0.5948783078125001 0.4183791859375 0.6009073578125 0.44157923906249996 0.6140892984375 0.46458741562499994 0.61995976875 0.480494571875 0.6296875 0.51875 0.6296875
0 0.51875 0.2309414453125 0.518754565625 0.23094578906250002 0.5313978296874999 0.23078720625 0.5337012453125001 0.2213272625 0.51875 0.21237412031249997 0.51875 0.2309414453125
0 0.572474646875 0.14308286718750002 0.5662990875 0.14027326874999999 0.5500256875 0.1289291546875 0.5632195109375 0.15397729843750002 0.564112346875 0.16686162031250001 0.5625349578125001 0.1786221046875 0.5647130390624999 0.1855237234375 0.573892975 0.184446228125 0.5799017281250001 0.17667204375 0.5881386953125001 0.1692548515625 0.5906841203125001 0.160561753125 0.586811975 0.1482922109375 0.572474646875 0.14308286718750002
0 0.5804773531249999 0.1986064578125 0.5928535421875 0.2009533421875 0.601065440625 0.1968084625 0.5996635203125 0.185662759375 0.5977274484375 0.1795279875 0.5862942296875 0.1835208015625 0.5815456578125 0.18858459375 0.5804773531249999 0.1986064578125
0 0.8841827500000001 0.1922950390625 0.8936297625 0.18871207968749998 0.9015996546875 0.183800353125 0.9016748546875 0.1739834171875 0.88586040625 0.16744530625 0.8752033499999999 0.167194034375 0.86846856875 0.17266768125 0.8661651546875 0.182127625 0.8685852453124999 0.1897960890625 0.87202350625 0.193987315625 0.8802103390625 0.19311474687500002 0.8841827500000001 0.1922950390625
0 0.8817626609375001 0.1846265765625 0.88297270625 0.18846080781250002 0.8834316578125 0.1932668125 0.8841326171875 0.198839665625 0.8927784015625001 0.20277310312500002 0.9046956390625001 0.2003139828125 0.9104122468749999 0.198317575 0.9050128484375 0.191263890625 0.8919607671875 0.1800718421875 0.8867783093749999 0.1770573171875 0.8830479062500001 0.1786438703125 0.8817626609375001 0.1846265765625
0 0.9978390390625 0.143521740625 0.9990741515625 0.1440836609375 0.9885925609375 0.12092620312499999 0.9850540328124999 0.12982422656249998 0.9894603312499999 0.1370828375 0.9978390390625 0.143521740625
1 0.51875 0.6296875 1 0.6296875 1 0.2475444625 0.9967948906250002 0.24746889218749998 0.9851032562500001 0.2204772015625 0.9667684515625 0.2193598765625 0.9585565515625 0.22350475625000002 0.924407296875 0.2158493234375 0.8936712374999999 0.21565742499999999 0.8527872046875 0.21347563749999998 0.8416210625 0.214962984375 0.832032309375 0.20468984843750002 0.816626678125 0.20950236875 0.7918743046875 0.20480859843750002 0.76803983125 0.209726840625 0.744180290625 0.21791739531249998 0.7489954062499999 0.2365266359375 0.7372951125 0.24302491406249999 0.721722671875 0.23725364999999998 0.7063922437500001 0.232249234375 0.690961546875 0.2403340671875 0.6711496203125 0.2378879765625 0.648917603125 0.227773421875 0.6330028875 0.23432456250000003 0.62519980625 0.24982007187500002 0.6187070343750001 0.2560605640625 0.59269448125 0.25407718749999997 0.5794919984375 0.2625190125 0.5833140109375 0.28133318125 0.59566513125 0.28695237812499996 0.5925855546875 0.30065640625 0.5809604609375001 0.2973377484375 0.5492727734375 0.324296125 0.5390245328125001 0.3353954828125 0.51875 0.3379513046875 0.51875 0.35480283125 0.52935191875 0.368429253125 0.5202635921875001 0.38990746875000004 0.51875 0.3902197984375 0.51875 0.6296875
0 0.26787525 0.9855739640625 0.26202572968750004 0.9724031375 0.250706096875 0.9740853609375 0.241556821875 0.977280425 0.23872495625 0.9844001859375 0.25355025468750003 0.9911440984375 0.26787525 0.9855739640625
0 0.41906436406249997 0.9550296359375 0.4339702890625 0.9513002687500001 0.43740324218750004 0.943402940625 0.4350996953125 0.9334216359375 0.426378 0.932607184375 0.4075589921875 0.9293015484375001 0.40294404687499996 0.936135665625 0.404452878125 0.9462810109375 0.41906436406249997 0.9550296359375
0 0.3649221484375 0.8505251906249999 0.38488467656249997 0.855005815625 0.39548838124999997 0.8481390859375001 0.3965573375 0.8381153953125 0.3890579328125 0.8331274875 0.3803161 0.8349313640625 0.3733573078125 0.837020840625 0.361904503125 0.8302345484375 0.3548852734375 0.8401790124999999 0.3649221484375 0.8505251906249999
0 0.42233958281249995 0.890306834375 0.4238490453125 0.8812704890624999 0.41176206718749997 0.8728832828125 0.3996678984375 0.872111209375 0.39544021093750004 0.8801725296875 0.3975702546875 0.8869219328125 0.40124943125 0.8985800203125001 0.408167909375 0.9017271578124999 0.420669534375 0.9011080906250001 0.42233958281249995 0.890306834375
0 0.44592685625 0.8926285406249999 0.45121562812500005 0.9013403125 0.459937328125 0.9021547640625001 0.46807809375 0.9011284484375001 0.47110359375 0.8946222609374999 0.46306357499999995 0.8825569718749999 0.45273231249999996 0.8846888265625001 0.44592685625 0.8926285406249999
0 0.46037718749999995 0.9223237531249999 0.45766621562500004 0.91373358125 0.4517763765625 0.90579936875 0.43950870625 0.90179539375 0.426945028125 0.8977841171875 0.426252665625 0.8973418390625 0.41710340625000003 0.9005368468749999 0.42359430937500003 0.9076935 0.43227568906249997 0.91374456875 0.44269985156249997 0.9253179375 0.4521961015625 0.928586684375 0.46037718749999995 0.9223237531249999
0 0.51875 0.7157506265625 0.5103659640625 0.71594635625 0.5065457343750001 0.7226165359375 0.508655703125 0.7319842546875 0.5131899859375 0.7356233718749999 0.51875 0.73764325 0.51875 0.7157506265625
0 0.58246731875 0.7039552875 0.5832624875000001 0.7143613640625001 0.5930903015625 0.725786325 0.6129523609375 0.7216877890625 0.6095652546875 0.7070119421875 0.5918436609375 0.6981767859375 0.58246731875 0.7039552875
0 0.6238488015625 0.898171078125 0.62142361875 0.910202596875 0.628944209375 0.918259959375 0.6435634109375 0.913321440625 0.6459885953125 0.9012899234375 0.634108784375 0.8912493156250001 0.6238488015625 0.898171078125
0 0.7407820390625 0.9374628671874999 0.7465648390625 0.9439569750000001 0.7585331234374999 0.94244824375 0.7681941796875 0.9375719171875 0.7630397921875 0.92518259375 0.7540366359374999 0.9203139296874999 0.7414694328125 0.9238680953125 0.7407820390625 0.9374628671874999
0 0.7502763437500001 0.9162852484374999 0.760673590625 0.929514553125 0.774065453125 0.9325166843750001 0.772730340625 0.916456484375 0.7527605078125 0.8965541703125 0.7347836890625 0.8829670640625 0.7381707937499999 0.8976429093749999 0.7502763437500001 0.9162852484374999
0 0.7819785359375 0.9654770671874999 0.7863082640625001 0.9713100921875 0.793259421875 0.9775631078125 0.8112952218749999 0.9834506578125 0.8075939062499999 0.97172241875 0.7995333718750001 0.958010934375 0.7791313703125 0.9564553437499999 0.7819785359375 0.9654770671874999