0 0.47875842031250004 0.4390625 0.474759715625 0.424615359375 0.46324094687499995 0.42063215 0.455835740625 0.4309320796875 0.45877923593750003 0.4390625 0.47875842031250004 0.4390625
0 0.401533540625 0.3864329765625 0.40814765 0.38253850312500004 0.4112707078125 0.37587364375 0.413616446875 0.369295253125 0.41453480000000004 0.363928553125 0.40315706562500003 0.35466511093749997 0.392401840625 0.3569144203125 0.3901833609375 0.364531565625 0.392360509375 0.375871378125 0.39545601406249997 0.381844490625 0.401533540625 0.3864329765625
0 0.27161405312500003 0.4390625 0.2777434890625 0.43073761875 0.2741527328125 0.4142905078125 0.26482489062500003 0.415328128125 0.26027445 0.423204678125 0.260896959375 0.4347174265625 0.2638790953125 0.4390625 0.27161405312500003 0.4390625
0 0.1458542234375 0.4390625 0.14458099687499998 0.4371272125 0.152663821875 0.4130640921875 0.1469956203125 0.3989538921875 0.130685671875 0.3944507421875 0.123039728125 0.396354178125 0.1275350609375 0.41375357187499995 0.13307600625 0.42682501874999995 0.144700421875 0.4390625 0.1458542234375 0.4390625
0 0.44563485312499995 0.23833158281250003 0.4346113359375 0.2448223734375 0.43885215625 0.2601442625 0.45178453125000007 0.2692347671875 0.465153784375 0.25616558437500003 0.46324492656249994 0.24058429062500003 0.44563485312499995 0.23833158281250003
1 0.4890625 0 0 0 0 0.3162380984375 0.0014616234375 0.3172224265625 0.019948721875 0.33306539062499996 0.0300263296875 0.3445792734375 0.058095784375 0.3614621234375 0.068328203125 0.3613767875 0.07699220625 0.3677833765625 0.09111122656250001 0.367265696875 0.107421175 0.3717688484375 0.118276103125 0.3831962625 0.14015455000000002 0.3881328890625 0.1563234625 0.397916271875 0.17261963281249998 0.408738409375 0.18897091093750001 0.3942846015625 0.2028216390625 0.39800840625 0.2098312984375 0.39091120468749996 0.22992814374999998 0.3813052890625 0.24427412343750002 0.3955030890625 0.2521883609375 0.3893581734375 0.2755217421875 0.38044513750000003 0.293936690625 0.3699734046875 0.3116740203125 0.373264865625 0.31741110781250004 0.3557801359375 0.336703078125 0.3588986609375 0.3599538 0.3878995390625 0.40248271406249997 0.42633792968749995 0.372150184375 0.37811955625000004 0.3472313421875 0.34193387343750004 0.354495515625 0.33691417968750004 0.367173375 0.3439271765625 0.35686880625 0.31769781875 0.37112886093749997 0.31189990624999997 0.38927551562499996 0.3056696546875 0.4059672359375 0.3132890640625 0.4127361578125 0.297795371875 0.41095455625 0.2832528328125 0.4087911828125 0.2655940328125 0.39806351093750003 0.2552053703125 0.41338295468749997 0.2387605265625 0.42364292812500004 0.22603721875 0.4387937828125 0.22751057968750002 0.45523098749999996 0.23305248281250002 0.47528650156249996 0.242403525 0.4890625 0.24448479375 0.4890625 0.214294940625 0.481051140625 0.2122808234375 0.48560158124999997 0.204404275 0.48343821093750006 0.1867454765625 0.46611020468750003 0.17393230312500002 0.474715834375 0.14770520625 0.480084925 0.1207852328125 0.48169467343749994 0.095336353125 0.48469047343750005 0.0876327421875 0.48238606562499997 0.075254175 0.4713901046875 0.06910699218750001 0.478668053125 0.057768312499999995 0.4890625 0.06225057187500001 0.4890625 0
1 1 0.1091394703125 0.9709143765625001 0.1181379328125 0.9663914890624999 0.1133765078125 0.977796778125 0.11000197656249999 0.9726376046875 0.1000467890625 0.95244105625 0.09597598125 0.9492458484374999 0.07632614531250001 0.9552374484375001 0.0609189203125 0.9241997484375 0.0391017109375 0.9195633812499999 0.026982548437499997 0.9207500265625 0.0173743671875 0.9071675875 0.009409084375 0.4890625 0.0550040015625 0.4890625 0.4390625 1 0.4390625 1 0.250255065625 0.9996404234374999 0.24971480937499999 1 0.249280840625 1 0.21299815781250003 0.995836484375 0.21223323593750001 0.9925277968749999 0.18522566093749998 1 0.18206034843750002 1 0.1091394703125
0 0.0670979609375 0.9135969218749999 0.0760440328125 0.9094430421874999 0.07773970625 0.9039898734375 0.07259431093749999 0.8877157 0.05898431875 0.8923883890625 0.058956765625 0.905026359375 0.0670979609375 0.9135969218749999
0 0.03552694375 0.958172296875 0.025972140625 0.944494440625 0.0187217453125 0.9431951484375001 0.008602806250000001 0.9506382234374999 0.0102433734375 0.9704609953125001 0.018766340625 0.9821478156250001 0.028744246875 0.979984975 0.0362767109375 0.9707238 0.03552694375 0.958172296875
0 0 0.946473246875 0.0087576171875 0.9390390046875 0.007866815624999999 0.9317677343749999 0.005675890625 0.9267469046875 0 0.922461653125 0 0.946473246875
0 0.4280127171875 0.5860049953125 0.4387266140625 0.60271264375 0.45192727968749996 0.6075616687500001 0.467432353125 0.6247892593750001 0.4779330625 0.6204624437499999 0.47459682187499996 0.6060928390625 0.45275970625 0.5821992578125 0.44474576718750003 0.5746674484375001 0.43126303281249995 0.5803788890625 0.4280127171875 0.5860049953125
0 0.223643125 0.519241615625 0.22984790937500002 0.52486885625 0.2403348453125 0.526861025 0.2437399703125 0.5096357 0.2345531625 0.5053930875 0.22600264062500003 0.5063442390625 0.223643125 0.519241615625
0 0.1877453625 0.5284993921875 0.17782256406250002 0.505386290625 0.16928581874999998 0.5000184562500001 0.156325890625 0.503565925 0.1556482734375 0.5173291171875001 0.1619665390625 0.53031409375 0.167394003125 0.5360278015625 0.1804811890625 0.5335190875 0.1877453625 0.5284993921875
0 0.1940117859375 0.6246699359375001 0.20383487968749997 0.6341063140625 0.21627200468750002 0.6327228203125 0.2205679296875 0.6227687671875 0.21399515 0.6077062828125 0.20921774843750002 0.6008673531250001 0.196230265625 0.61705279375 0.1940117859375 0.6246699359375001
0 0.292682875 0.7547836515624999 0.29854721875 0.7383376734375 0.2941515890625 0.7346150031249999 0.28109195625 0.724485746875 0.2712275296875 0.7340063265625 0.28349606562499996 0.7505410375 0.292682875 0.7547836515624999
0 0.06742860625 0.7619412624999999 0.0535641 0.764536446875 0.049777203125 0.7786455140624999 0.0562227234375 0.7926692421875 0.063600378125 0.7950072859375 0.0761647578125 0.7946625468749999 0.075697059375 0.7715505765625 0.06742860625 0.7619412624999999
0 0.802805590625 0.944897834375 0.79268665 0.952340909375 0.78851798125 0.963333715625 0.78940878125 0.9706049859375 0.79393166875 0.9753664093750001 0.7995001671875 0.975799884375 0.8053369578125 0.971991878125 0.8107919765625 0.9650676140625001 0.8128969749999999 0.9500927328125 0.8107060484374999 0.9450719046875001 0.802805590625 0.944897834375
0 1 0.8635520640625 0.9968916359375001 0.8569746343750001 0.9901640437499999 0.8535113687500001 0.9795360765625001 0.85679943125 0.9804131 0.8703896875 0.984158665625 0.8752375781249999 0.9885542953125 0.8789602484374999 0.995550178125 0.8781820343749999 1 0.87680535625 1 0.8635520640625
0 0.9823292046875001 0.763832746875 0.9863706156250001 0.751801184375 0.9882211015625 0.7347487984375001 0.9755294625000002 0.7340547859375001 0.9669789421874999 0.7350059359375 0.961637403125 0.749287940625 0.968987503125 0.7642639546875 0.9745560015624999 0.7646974312499999 0.9823292046875001 0.763832746875
0 0.8628738578125 0.48335926875 0.8768656203124999 0.4818028390625 0.8817978328125001 0.47704254687500003 0.8811891015625001 0.4592108125 0.8663065359375001 0.4534959703125 0.8562013734375 0.454620059375 0.8563148546875 0.4619778 0.859651096875 0.47634740156250005 0.8628738578125 0.48335926875
0 0.8469319046875 0.4882913609375 0.8558641984375001 0.49045646875 0.8599056109375001 0.47842490781249997 0.857982975 0.4691625984375 0.8521737390624999 0.46033263281250003 0.8449233421875 0.45903334375 0.8375319125 0.463014284375 0.840090834375 0.4774703578125 0.8469319046875 0.4882913609375
1 0.4890625 0.4390625 0.4890625 1 0.7668298671875 1 0.77776275625 0.9655830250000002 0.7893090781250001 0.9569282609374999 0.7955689703125 0.93727955625 0.793292115625 0.91226301875 0.7978701109375 0.8917484999999999 0.8091481421875001 0.8873352171875 0.8214580078125 0.8849129703124999 0.8265450328125 0.8685534609375001 0.835418953125 0.8380848875 0.84220165 0.8162722078125 0.8366744828125 0.7968817765624999 0.844447684375 0.79601709375 0.8422980890625 0.7720393078125 0.8517669640625 0.76572145625 0.8662677578124999 0.7683200359375 0.8863783796875 0.7523951359375 0.8918747265625001 0.726513915625 0.8833655359374999 0.7085081093750001 0.8793654546875 0.7015827109374999 0.86838326875 0.68911654375 0.8686791140625001 0.67223709375 0.885143871875 0.6651410234374999 0.8763939421875 0.638738728125 0.8633067562499999 0.64124744375 0.8589524578125 0.618567815625 0.8738487984375001 0.6179636703125 0.8807863062500001 0.5845517734375 0.8520254578124999 0.5877511015625 0.8445343265625 0.5780553187499999 0.8554168078125001 0.5768447625 0.8690130234375001 0.578491059375 0.8774362890624999 0.57650115625 0.8746228515624999 0.5599675765625001 0.878027978125 0.5427422515625 0.8834967718750001 0.5294990015625001 0.8836791375 0.5052618125 0.8729376890625 0.5011921375 0.8610095953125001 0.5067306406250001 0.8556542796875 0.5273316296875 0.848813209375 0.5165106265625 0.8393856640624999 0.5038715218750001 0.8426359781249999 0.498245415625 0.8316813453125 0.47314127656250005 0.8371363640624999 0.4662170125 0.8274680796875 0.44518141718750004 0.8155817328125 0.4390625 0.4890625 0.4390625