0 0.17269470625 0.005706190625 0.1675842546875 0.0028514843750000003 0.1618697578125 0.0041205703125 0.1574178109375 0.0129460625 0.1583783390625 0.022564365625 0.1664306203125 0.0269030546875 0.1729001765625 0.02047923125 0.17269470625 0.005706190625
0 0.11022223125 0.08711912031249999 0.10769712812500001 0.0720063046875 0.1005872203125 0.072017921875 0.09719235625 0.073626784375 0.089176378125 0.0798240890625 0.0875152515625 0.0911645109375 0.0907772578125 0.09585459375 0.10160220625000001 0.097440215625 0.11022223125 0.08711912031249999
0 0.1342527921875 0.1980519609375 0.1386263375 0.21132939999999997 0.1506956859375 0.2152034328125 0.15854249843749998 0.20476908124999998 0.162033915625 0.186325284375 0.1572254875 0.1814086828125 0.14285466093750002 0.18246286875 0.1342527921875 0.1980519609375
0 0.2896812765625 0.4040526171875 0.304052103125 0.40299843125 0.3102196359375 0.3986365046875 0.312333796875 0.3842032375 0.2994730859375 0.3749479515625 0.28915563125 0.3860734765625 0.2896812765625 0.4040526171875
1 0.1927275625 0.46875 0.191586653125 0.464451659375 0.199113290625 0.45081120468749997 0.22860999999999998 0.44354809531250006 0.22265372656250002 0.41950814531249997 0.206567315625 0.416098765625 0.2015715703125 0.40167712031249997 0.2179236984375 0.3924886109375 0.20968409999999998 0.378644878125 0.171361896875 0.38145604375 0.17504063281249999 0.372517290625 0.1760795609375 0.3600326625 0.179311053125 0.3110118359375 0.1664924375 0.2691176234375 0.143356365625 0.2383489328125 0.1160703703125 0.214343840625 0.10040068906249999 0.1973056265625 0.0905181140625 0.20007031249999999 0.093858521875 0.1826574640625 0.1084043015625 0.142665409375 0.0904149875 0.1252874171875 0.081378234375 0.149237346875 0.07036596875 0.1381466796875 0.070027640625 0.129672584375 0.0494529765625 0.124552703125 0.0523221953125 0.10496470312499999 0.0392320734375 0.11884329375 0.097179990625 0.025183870312500002 0.0277123140625 0.09504148125 0.0091189546875 0.0817872796875 0.0018217296875 0.072293853125 0 0.07225542812499999 0 0.46875 0.173938359375 0.46875 0.1738209609375 0.46711470625 0.1757397375 0.46875 0.1927275625 0.46875
0 0.18931412187500002 0.2535052921875 0.18171487343749998 0.24607376093750002 0.16921064531250002 0.2505605671875 0.1695671265625 0.2643026609375 0.1811652859375 0.2660015421875 0.18931412187500002 0.2535052921875
0 0.1575943328125 0.24359369062499997 0.1654956046875 0.24896332656250003 0.25172635 0.1994632921875 0.201352953125 0.2036684171875 0.1846443421875 0.1991148296875 0.16289789062499999 0.212778525 0.149674909375 0.23295605937500002 0.1575943328125 0.24359369062499997
0 0.7731819734375 0.0779673265625 0.76726200625 0.0644633703125 0.762302565625 0.060577717187500005 0.7572284203125 0.068259003125 0.7526073078125 0.07284744843749999 0.750777015625 0.0799508203125 0.7526617671875 0.0886514375 0.764108915625 0.0913812640625 0.7725960796875 0.08735911406249999 0.7731819734375 0.0779673265625
0 0.70448093125 0.056320365625 0.7052359890625001 0.0511656265625 0.6994851859375 0.04189871875 0.686793640625 0.036880478125 0.6775151125 0.035521375 0.668895090625 0.04584246875 0.671571203125 0.0599243390625 0.675606421875 0.06472768125 0.687977790625 0.0665398203125 0.699557796875 0.062970703125 0.70448093125 0.056320365625
0 0.9018022234374999 0.353755878125 0.8969937953125001 0.348839278125 0.8903550765624999 0.3510260515625 0.886960209375 0.35263490937499997 0.8814330296874999 0.3634090390625 0.8891832890625 0.3698096234375 0.898141640625 0.3679626265625 0.9036869734374999 0.3624564921875 0.9018022234374999 0.353755878125
0 0.9367091984375 0.46875 0.9349421484375 0.461810771875 0.930133721875 0.45689417031249996 0.9239480359375 0.45598810156249997 0.9217794156250001 0.454617378125 0.9123861828125 0.4648252140625 0.9126074531249999 0.46875 0.9367091984375 0.46875
0 0.8825955234375 0.46875 0.8799113343750001 0.46006834999999996 0.8573190625 0.4525467984375 0.8523777750000001 0.4539291421875 0.84675588125 0.46875 0.8825955234375 0.46875
1 0.5296875 0.46875 0.78021768125 0.46875 0.78993503125 0.45426023437499996 0.7895785500000001 0.44051814062499994 0.7816591265625 0.4298805078125 0.7758901703125 0.415345603125 0.756825621875 0.3999162484375 0.74581335625 0.38882558125 0.7423277265625 0.3640944625 0.7319558125000001 0.3594159984375 0.7306024984375 0.325519609375 0.71291520625 0.306079721875 0.712769984375 0.2639357515625 0.7181098484375 0.24365657812500002 0.7192634828125 0.219605009375 0.7004044046875 0.218948696875 0.6981210765625 0.2291449140625 0.690823853125 0.2196514859375 0.6828681234375 0.1984778625 0.680343021875 0.18336504375 0.6915302421875 0.15551784375 0.6786513796875 0.140994559375 0.6573216578125 0.1410294171875 0.653340896875 0.1520300625 0.6367832984375 0.146445528125 0.628296134375 0.150467678125 0.618564571875 0.15220141874999998 0.6098719390625 0.141450528125 0.595446653125 0.12670072500000001 0.5792092296875 0.12432229374999999 0.568988328125 0.11861288125 0.5615400921875 0.11015040312499999 0.545792009375 0.115215121875 0.5296875 0.12374940000000001 0.5296875 0.46875
0 0.973160440625 0.2494239640625 0.971517465625 0.266032384375 0.9739097093750001 0.2874441453125 0.9907330250000002 0.280430790625 0.995335984375 0.27057435 0.99496135 0.251564259375 0.98425110625 0.23841169843749999 0.9790077953124999 0.2418559375 0.973160440625 0.2494239640625
0 0.5296875 0.6211940375 0.5197834328125001 0.6318042687500001 0.5212151484375 0.643597725 0.5271351156249999 0.65710168125 0.5296875 0.6521263187499999 0.5296875 0.6211940375
0 0.45755930625 0.8301440625 0.4391895671875 0.8369308999999999 0.4313609078125 0.85263325 0.4419019859375 0.8615487640625 0.4588944671875 0.8587724578125 0.4641377765625 0.8553282203125001 0.46457265937500003 0.8469673796875 0.46964680468750003 0.83928609375 0.45755930625 0.8301440625
0 0.433741571875 0.9603948453125 0.4416065359375 0.9552284890625 0.44852912656250005 0.9457118234374999 0.439667328125 0.9307238859375001 0.4295974375 0.9239835265625 0.42186533125 0.9228509390624999 0.41369834375 0.9300791921875 0.4145260109375 0.9459964390625 0.40762157343750005 0.9607810999999999 0.41982378125 0.9583561906250001 0.433741571875 0.9603948453125
0 0.506644640625 0.5867039546875 0.5070432171875 0.567807121875 0.4938202359375 0.5879846578125 0.48318260312500005 0.5959040812499999 0.48848037343749995 0.60826383125 0.49960734375 0.607787559375 0.4995710390625 0.5972515656249999 0.506644640625 0.5867039546875
1 0 0.46875 0 0.992887615625 0.0464339890625 1 0.30961077656249997 1 0.32871199375 0.9818676375 0.34781863749999997 0.9646580703125001 0.3472929921875 0.946678925 0.3774300546875 0.94582801875 0.3617785234375 0.9340578 0.3664780359375 0.907366425 0.3641220984375 0.896490653125 0.376082528125 0.8687567109375 0.3910392484375 0.8583107375000001 0.393322575 0.8481145234374999 0.3917398484375 0.8373520125 0.393098953125 0.8280734859375001 0.4062253796875 0.8247308875 0.412960653125 0.8057091765625 0.4079830609375 0.796555528125 0.413190065625 0.7825752968749999 0.4097407421875 0.76838016875 0.403724221875 0.771711146875 0.40087894375 0.7533922296875 0.413026690625 0.7351633296875 0.4028057875 0.7294539203125 0.4128212203125 0.7203902890625 0.423966346875 0.7251820125 0.4243830734375 0.7115531765625001 0.44424477500000004 0.68918886875 0.44881142812499997 0.6687964359375 0.4321028171875 0.6642428515625001 0.4357634 0.6500361015625 0.4474581140625 0.634900046875 0.44061392499999996 0.6223137765625 0.4182271203125 0.6295652687500001 0.4032340953125 0.6294752484374999 0.40751687812500004 0.6164127078125 0.40700938593749997 0.6037015609375 0.4101443234375 0.5715156703125001 0.40013467968749994 0.5374043828125 0.3935562078125 0.5122202265625 0.39535019375 0.4945808625 0.417507584375 0.5104632515625 0.422412565625 0.498544915625 0.418057171875 0.490535471875 0.4314240296875 0.46875 0.3787550140625 0.46875 0.3691575859375 0.4738951296875 0.3605787875 0.46875 0 0.46875
1 0.5296875 1 0.7482839765625 1 0.753178428125 0.9806186640625001 0.7596298328125 0.9689268453125 0.7688539015625 0.9544819609375 0.78026474375 0.9466757953125 0.79180844375 0.9325706874999999 0.7865106765625001 0.9202109359375001 0.7736681187500001 0.9162236437499999 0.7662561890624999 0.918297159375 0.7552620765625 0.9124744875000002 0.7530389968750001 0.8952997765624999 0.75113609375 0.881331165625 0.7436333984375001 0.8570646984374999 0.7508035546875 0.8296821484375 0.7423584859375 0.8010653765625 0.7380996453125 0.7762209953125 0.7276369671875 0.7452025499999999 0.7215841421875 0.7379975375 0.7582873109375 0.713887871875 0.788218903125 0.6982639234375 0.7429741109375 0.7105917515625 0.716872265625 0.7162459999999999 0.7041807203125 0.7112277609375 0.6906615046875 0.6902922734375 0.6850617140625 0.67999441875 0.6703888640625 0.6831105 0.6573952953125 0.6801541531249999 0.64592999375 0.6721563296874999 0.6511369984375 0.6581760984375 0.6494032609375 0.6484445359375 0.638088971875 0.6394157640625 0.631413946875 0.631066546875 0.635225540625 0.6158288515625 0.631643359375 0.6079326671875 0.613708503125 0.6063586640625 0.6072207953125 0.6075144890625 0.5910015234375 0.6104040515625 0.5886818921875 0.6100642765625001 0.58046044375 0.601488540625 0.58413918125 0.5925497890625 0.5862714953125 0.5833845203125 0.579258140625 0.566561203125 0.5602299000000001 0.561667840625 0.555155753125 0.569349128125 0.5438777703125 0.57085635 0.5296875 0.56877778125 0.5296875 1
0 0.8665557375 0.8698048328125001 0.8606902281250001 0.8721048625 0.853465615625 0.8836834234375001 0.8511822890625 0.8938796406249999 0.856292740625 0.8967343453125001 0.8626475890625 0.9018774640625 0.87021053125 0.8987730015625001 0.8796219171875 0.8938331625 0.8767947921874999 0.8807822406250001 0.8744570078125001 0.8751744671874999 0.8665557375 0.8698048328125001
0 0.8783172718750001 0.9189156781250001 0.8871064593749999 0.9128316328124999 0.9028182359375 0.8972309218750001 0.899707240625 0.8915098921875 0.878866859375 0.8989879000000001 0.8705307062500001 0.901979103125 0.8591017109375001 0.9045172718749999 0.8442778515625001 0.9086642999999999 0.8293029796875 0.9138422765625 0.8342987234375 0.9282639234375001 0.8364673437500001 0.9296346468750001 0.8434262406249999 0.9306539749999999 0.8542511890625001 0.9322395968750001 0.8644539375000001 0.9326810109375 0.871376528125 0.9231643453124999 0.8783172718750001 0.9189156781250001
0 0.8706388390625 0.7987943312500001 0.8791078499999999 0.7895041859375 0.8861814515624999 0.7789565734374999 0.8852209249999999 0.7693382703125 0.878413040625 0.7672879937499999 0.8705480765625 0.7724543515625 0.863776496875 0.7809400671875 0.8596265734375 0.7877036671875001 0.8615113234375 0.7964042796874999 0.8706388390625 0.7987943312500001
0 0.7386492328125 0.7562932171875 0.747172703125 0.7628070593749999 0.754904809375 0.7639396453125 0.7618455515625 0.759690978125 0.7605830015625 0.7521345687500001 0.75700081875 0.744238384375 0.75064596875 0.739095265625 0.7421406515625 0.737849421875 0.7362932953125 0.7454174484375 0.7386492328125 0.7562932171875
0 0.6870611703125 0.6771280921875 0.6892479437500001 0.6837668125 0.6974512359375 0.6870745515625 0.708862078125 0.6792683875 0.7108433828124999 0.671134065625 0.7072611999999999 0.6632378812499999 0.7044703796875 0.660722953125 0.699359928125 0.657868246875 0.6953428640625 0.6583329 0.6911929406249999 0.6650964984375001 0.6870611703125 0.6771280921875
0 0.7369502328124999 0.48751215 0.7309337109375 0.49084312968750005 0.7277080093749999 0.4966890390625 0.7268200921875 0.5081427203125 0.7319305437500001 0.510997425 0.7384364046874999 0.515109596875 0.7430756703125001 0.5157891484375 0.7489230250000001 0.508221121875 0.7512063515625 0.49802490468749994 0.7497927890625 0.49149944218749997 0.74236270625 0.4883049609375 0.7369502328124999 0.48751215
0 0.5960212109375 0.586918778125 0.60250891875 0.5857629531249999 0.612222328125 0.5787612171875 0.6120350109375 0.569256171875 0.6096972265625 0.5636484 0.6025691671875 0.5583920234375 0.596552646875 0.561723003125 0.5917986765625 0.572610390625 0.5907597484375 0.5850950203125 0.5960212109375 0.586918778125
0 0.5407725640625001 0.5219604015625 0.5478824703125 0.52194878125 0.5547869078125001 0.50716411875 0.5496401515625 0.493773421875 0.546227134375 0.490114284375 0.5394192484375 0.4880640109375 0.5371177703125001 0.49299223124999997 0.531759753125 0.508003409375 0.5325692703125 0.5186526609375 0.5407725640625001 0.5219604015625
0 0.5757419968749999 0.48811917187500004 0.57078255625 0.48423351875 0.5662943046875 0.4825230203125 0.560712665625 0.477493159375 0.5528476999999999 0.4826595171875 0.5598610546875 0.499482834375 0.568517384375 0.49969773125000005 0.5757419968749999 0.48811917187500004