0 0.12148989218749999 0.050226884375 0.13760980312499999 0.0450475453125 0.13796013125 0.0396467171875 0.129239078125 0.028094921875 0.11763467968750001 0.028549734375000003 0.11431060312500001 0.031128696875 0.11281888437500001 0.037903545312499995 0.12148989218749999 0.050226884375
0 0.20298060156250003 0.0268139078125 0.2115515140625 0.04068034375 0.22846248593750001 0.039527815625000004 0.2331781875 0.0317170984375 0.231896346875 0.0190341921875 0.2237161171875 0.015366946875 0.21310297031249997 0.016762379687500002 0.20967880156250002 0.0208844375 0.20298060156250003 0.0268139078125
0 0.32951984843750004 0.136242875 0.3365086390625 0.1420556859375 0.3543107671875 0.1433868765625 0.3548612828125 0.1348998578125 0.3500551796875 0.1278821015625 0.3428661984375 0.125155478125 0.335577128125 0.1239719515625 0.3300703640625 0.12775585625000002 0.32951984843750004 0.136242875
1 0 0.559375 0.46875 0.559375 0.46875 0.159958090625 0.465128884375 0.170736521875 0.455306796875 0.1761587671875 0.44746720624999997 0.1834622578125 0.437654809375 0.1725129359375 0.42982491093749997 0.163444859375 0.41668843593749993 0.1550745015625 0.38931445781249996 0.15530782031249998 0.3916876421875 0.16738825468750002 0.397434946875 0.17611817968750001 0.34358783437499996 0.16269697031250002 0.31953793125 0.160351328125 0.3025769109375 0.16227540000000001 0.28620676562499997 0.171312475 0.26642214062499997 0.168100040625 0.265090253125 0.1561886828125 0.2556281859375 0.13983853125 0.24576573906250002 0.12966075625 0.23009625156250002 0.127896171875 0.229045265625 0.1440986625 0.2354334921875 0.159170040625 0.236915521875 0.16876675624999998 0.20795941875 0.160946453125 0.20091089062499998 0.1722767546875 0.1806354875 0.1604082265625 0.1523203046875 0.15892937499999998 0.1492367734375 0.17402216718750002 0.1489364921875 0.17865145 0.12071171249999998 0.1920010703125 0.0931875921875 0.1945490328125 0.08663953437500001 0.1981638625 0.05688268125 0.2026883125 0.042595128125 0.2120635390625 0.022019440625 0.20482429062500002 0.0011434734375 0.202214328125 0 0.20240437187500002 0 0.559375
0 0.02907345625 0 0.0289840609375 0.000121390625 0.0274923453125 0.006896240624999999 0.032348495312499996 0.013142446875 0.0350720078125 0.0198220515625 0.0397279703125 0.029154446875 0.0513323703125 0.028699637500000003 0.0518828859375 0.0202126171875 0.047627296875 0.00470784375 0.041542957812499996 0 0.02907345625 0
0 0.539742175 0.40863767500000003 0.5381600515625 0.40058405312499995 0.54684075 0.39653582656249997 0.53672806875 0.3902157890625 0.53316345 0.380280921875 0.5217592390625 0.3776495421875 0.504998409375 0.3764874296875 0.47212735625 0.36413308906249997 0.50558928125 0.3836004296875 0.509253996875 0.391992203125 0.519366675 0.39831224062500004 0.526655746875 0.3994957703125 0.546730965625 0.4144504875 0.539742175 0.40863767500000003
0 0.6383844 0.3965860015625 0.637843571875 0.3887014546875 0.6338285296875 0.3857105109375 0.6223742734375 0.3838506796875 0.6187999609375 0.390287378125 0.6185997750000001 0.39337356562500003 0.6183495390625 0.397231303125 0.6212231921875 0.401596265625 0.629503515625 0.40372041718749996 0.6369927750000001 0.40181775625 0.6383844 0.3965860015625
0 0.8256175062500001 0.4301057828125 0.82408543125 0.4212806140625 0.8162054828125 0.412984084375 0.8090165046875001 0.4102574625 0.8016273390624999 0.410617028125 0.7940379828124999 0.4140627828125 0.792396125 0.4231522734375 0.7932872796874999 0.4256359890625 0.7962610265625 0.4284578578125 0.8022585687499999 0.433330046875 0.8095476406250001 0.4345135765625 0.8200606968749999 0.4346612375 0.8256175062500001 0.4301057828125
0 0.7375093109374999 0.49064826874999995 0.7335443140625 0.486885778125 0.7274466796875 0.48355668281249997 0.7211488546875 0.483313778125 0.7146508453125 0.486157059375 0.7090439875 0.4914840609375 0.70854351875 0.49919953125000005 0.711517265625 0.5020213984375 0.7177650421875 0.503035853125 0.7240628671875 0.503278759375 0.7294194875000001 0.5018094953125 0.7358674515625 0.499737759375 0.7375093109374999 0.49064826874999995
0 0.9519517765625001 0.29936209375 0.9449129390625 0.2943208296875 0.9345500250000001 0.291858528125 0.9282021546875001 0.29238716875000004 0.9268605765625001 0.29684737656250004 0.9307254781250001 0.3021529609375 0.9365728796875 0.309339790625 0.9416292203125 0.3124998109375 0.9499595875000001 0.3138524140625 0.9573487546875 0.31349285 0.9595314406250001 0.31228790625 0.9588905203125 0.305946453125 0.95695806875 0.3032936609375 0.9519517765625001 0.29936209375
0 1 0.267623996875 0.9940233765625 0.26720960625 0.9917906421874999 0.269186096875 0.989658003125 0.26961949375 0.9894578140625001 0.27270568125 0.98920758125 0.2765634171875 0.986674565625 0.283169190625 0.995795996875 0.28854860625 1 0.289627059375 1 0.267623996875
0 0.9573746328125001 0.1022055875 0.9516773734375 0.0927041171875 0.948753671875 0.0891107015625 0.9449388171875001 0.0830335703125 0.9430564125 0.0796092296875 0.9374996046875002 0.08416468125 0.9388314906249999 0.096076040625 0.942346065625 0.10678245625 0.945910684375 0.11671732500000001 0.9498756828125 0.1204798140625 0.9578557218749999 0.1272332484375 0.9634625781249999 0.12190625 0.9599980515625 0.1104282875 0.9573746328125001 0.1022055875
0 0.8824173906249999 0.39800571093750003 0.8828177671875 0.3918333359375 0.8760792109375 0.3821627875 0.8690403718749999 0.37712152187500003 0.85946851875 0.37868603125 0.8557941140625 0.386665825 0.8556940203125001 0.38820891875 0.8602999390624999 0.3983128625 0.87056275625 0.40231825781249997 0.8824173906249999 0.39800571093750003
1 0.46875 1 0.46875 0.559375 0 0.559375 0 0.5772721703125 0.0026089765625 0.578090278125 0 0.5804650875 0 0.8348268453125 0.0118255984375 0.841557009375 0.017622953125 0.8495153859375 0.014289184375 0.868465915625 0.0184446796875 0.88551378125 0.024882953125000003 0.8998136125 0.029538918749999997 0.9091460078125 0.03875075 0.9293538953125001 0.05956698125 0.9491069718749999 0.08093373125 0.960373028125 0.095201903125 0.9837409359375 0.09978475 1 0.46875 1
0 0.6227328937500001 0.6610474921875 0.6297216859375 0.6668603046875 0.639743959375 0.6583518703125 0.6513984046875001 0.6571255125000001 0.6316234703125 0.6375415125 0.6233835046875 0.6510173796875 0.6227328937500001 0.6610474921875
0 0.654772528125 0.653775003125 0.6600887921874999 0.6367057218750001 0.6359581750000001 0.603160040625 0.6319237515625 0.6329122296875 0.6415359609375 0.6469477390625 0.654772528125 0.653775003125
0 0.6443401875 0.6848273796875001 0.646022403125 0.6913379078124999 0.6597594390625 0.6904497015625 0.662092265625 0.6869301171875 0.662943065625 0.6738138140625 0.6557540875 0.6710871921875 0.6471734828125 0.6735923234375 0.6443401875 0.6848273796875001
0 0.95512750625 0.7602395453125 0.9463063593750001 0.750230846875 0.9379759906250001 0.7488782421875 0.9240387640625001 0.7528526375 0.9141165843749999 0.759817978125 0.9208050921875 0.770260071875 0.9278939765625001 0.7745297890625 0.93076763125 0.7788947515625 0.9356738312499999 0.7843694125 0.9451956359375 0.78357645 0.9538262859375 0.780299771875 0.950461853125 0.767278715625 0.95512750625 0.7602395453125
1 0.46875 1 1 1 1 0.8429003734375 0.9925657140624999 0.8481840921874999 0.97818775625 0.8427308468750001 0.9699074359375001 0.8406066953125 0.9606455562499999 0.82117035625 0.9441850046875 0.815378959375 0.9361952765625 0.8249970890625 0.9152192124999999 0.823930221875 0.9397695875000001 0.8185603921875 0.9290159875 0.8058989015625 0.9123552499999998 0.8031936937499999 0.8993188703125 0.7932802390625 0.8785930437499999 0.7883556359374999 0.8504376921875 0.768190578125 0.8213314484375001 0.762684915625 0.81334171875 0.7723030484375 0.8039700546875 0.77078136875 0.799314090625 0.7614489718749999 0.7857772421875 0.759250990625 0.7840352890625001 0.769883575 0.78160236875 0.774946253125 0.757061684375 0.763944515625 0.7353946546875 0.7573077406250001 0.726463721875 0.7652137031249999 0.7157101234375001 0.7525522125 0.7076800359375 0.7465703265625 0.7035245421875 0.7295224578124999 0.6839901515625 0.7224522875 0.6729265796874999 0.7307916453125001 0.6608217140625 0.7389619265625 0.648125971875 0.740019209375 0.6358709640625 0.7505041328125 0.651881090625 0.7632394546875 0.64924798125 0.7713883234375001 0.640426834375 0.761379625 0.6284317500000001 0.7516352453125 0.619570246875 0.726026528125 0.6088166453125 0.7133650390625 0.596711778125 0.7215353203125 0.5901637203125001 0.7251501499999999 0.59680218125 0.7363637921875 0.6145348828125 0.7712096609375 0.5967828015625 0.7691069234375 0.577989425 0.7668351109375 0.55249785 0.7704927703125 0.54237548125 0.7805442984375001 0.520217671875 0.7652514296875 0.5108863640625 0.7793297671875 0.5208489015625 0.787964446875 0.514841671875 0.7994638249999999 0.5130997171875 0.8100964078124999 0.49901235 0.8163854453124999 0.4935556359375 0.819397803125 0.482751990625 0.8075078609374999 0.46875 0.8120067093750001 0.46875 0.8149910859375 0.478426975 0.825517765625 0.46875502812500003 0.82862536875 0.46875 0.8286222265625 0.46875 1
0 0.5072508921875001 0.559375 0.5071330640625 0.5611914953125 0.5295911546875 0.5718550812500001 0.53733065 0.5660946859375 0.5355182671875001 0.559375 0.5072508921875001 0.559375