0 0.20207492187499998 0.22660719999999998 0.20207492187499998 0.2140868625 0.19972545 0.20576729062500002 0.1926770296875 0.20167579375 0.1832791359375 0.2090885890625 0.18171282187499999 0.21536696875 0.18641176875 0.22365922500000002 0.19659281875 0.23188774531249998 0.20207492187499998 0.22660719999999998
0 0.0524917953125 0.263820628125 0.056407584375 0.2689919078125 0.061889689062499996 0.271014890625 0.07833599999999999 0.270823678125 0.0846012625 0.27075083437499997 0.09948126093750001 0.2664043859375 0.10026441718750001 0.255961665625 0.0932159984375 0.25187016875 0.0806854734375 0.249929134375 0.0587570578125 0.2512274484375 0.054841268750000005 0.25857650468750004 0.0524917953125 0.263820628125
0 0.18014650625 0.33328501093749996 0.18014650625 0.3186779515625 0.17701387500000001 0.314540928125 0.16056756249999998 0.3178622265625 0.1574349328125 0.3262455390625 0.1597844046875 0.3293483078125 0.16683282500000002 0.3365698875 0.1762307171875 0.33854734375 0.18014650625 0.33328501093749996
0 0.20834018593749998 0.33608729843749996 0.2044243953125 0.3152656 0.19659281875 0.30283631718750004 0.18171282187499999 0.30822612656250004 0.18406229375 0.3248925921875 0.18171282187499999 0.3395269671875 0.188761240625 0.3446618265625 0.20207492187499998 0.342420309375 0.20834018593749998 0.33608729843749996
1 0.5 0.3890625 0.5 0.05575550312500001 0.49184328437499997 0.0646472546875 0.4746138140625 0.051283878125 0.46913170937500004 0.043000725000000004 0.44798645156249994 0.0338563203125 0.4440706625 0.0547690734375 0.4440706625 0.06833277343750001 0.4417211890625 0.089227315625 0.429190665625 0.09667653281250001 0.4252748765625 0.12176273281250001 0.4182264578125 0.136451740625 0.40804540625 0.1407435578125 0.40178014375000004 0.1303827859375 0.383767515625 0.132678934375 0.37828541250000003 0.1463063703125 0.389249621875 0.16287267656249999 0.3962980390625 0.1878314 0.382984359375 0.18798619218749998 0.38141804375 0.2099149921875 0.3696706765625 0.22048518593750002 0.3555738375 0.215432278125 0.3524412078125 0.2373792890625 0.34460963125 0.257294209375 0.3140664796875 0.29416696875000004 0.320331740625 0.32330824375 0.3164159515625 0.3358741078125 0.30310227031250003 0.3318554546875 0.2882222734375 0.3320284578125 0.27569175 0.346781203125 0.2694264875 0.3687646359375 0.28479640625 0.3890625 0.5 0.3890625
0 0.043093903125 0.142899975 0.0360454828125 0.139851840625 0.029780221875000002 0.13262115624999998 0.019599171874999998 0.14108641718749998 0.0211654859375 0.167152240625 0.038394957812500005 0.1711253640625 0.043877060937500004 0.1616713734375 0.043093903125 0.142899975
0 0.609096634375 0.050634784375 0.6184945265625 0.0505255203125 0.6247597890625001 0.0358456171875 0.619277684375 0.0192155734375 0.6083134765625 0.021429775 0.602831371875 0.022536871875 0.6004818984375 0.032997803125 0.6036145296875001 0.0454817171875 0.609096634375 0.050634784375
0 0.5895176906249999 0.141634859375 0.6012650578125001 0.1341947484375 0.609096634375 0.12575680312499998 0.6004818999999999 0.1112499046875 0.592650321875 0.11238432031250001 0.5856019031249999 0.1135096296875 0.580119796875 0.11983353593749999 0.5816861140625 0.1344223859375 0.5895176906249999 0.141634859375
0 0.6686166218749999 0.25861504375 0.6772313578125 0.2647750515625 0.6819303031249999 0.26472041874999996 0.6850629328125 0.2594671890625 0.6850629343750001 0.24486013125 0.6803639875 0.23448115 0.6709660953125 0.23876386093750002 0.6693997796875 0.24086879374999998 0.66705030625 0.2513297234375 0.6686166218749999 0.25861504375
1 1 0.3890625 1 0 0.7890045421874999 0 0.7719934421875 0.023700178125 0.7633787062499999 0.0488410109375 0.7461492375000001 0.0521714140625 0.741450290625 0.075179996875 0.728136609375 0.10767899218749999 0.729702925 0.13791826093749998 0.7132566125 0.1339360296875 0.704641878125 0.16846711406249998 0.7187387171875 0.187083721875 0.7187387171875 0.2079509484375 0.7124734546875 0.2414113546875 0.6975934578125 0.2541046953125 0.6960271421875 0.2666432421875 0.7054250359375001 0.2842711203125 0.7109071390625 0.315508221875 0.698376615625 0.311480465625 0.6858460921875 0.3199730421875 0.6850629343750001 0.3429360984375 0.7015092468749999 0.3542218578125 0.711690296875 0.366623825 0.6991597734375 0.3782464859375 0.6858460921875 0.38674817031250003 0.67723135625 0.37432799375000003 0.659218728125 0.3734940578125 0.6607786546875001 0.3890625 1 0.3890625
0 0.20165804999999998 0.44570025937499996 0.21418857343750003 0.4539014640625 0.2235864671875 0.45587892031250005 0.226719096875 0.4433221625 0.22515278125 0.428733315625 0.22045383593749998 0.4079207203125 0.20870646874999998 0.42370772187499994 0.20714015468750002 0.4383329921875 0.20165804999999998 0.44570025937499996
0 0.223586465625 0.5143071578125 0.22123699375 0.49868405312499997 0.222803309375 0.4955357578125 0.209489628125 0.4936038265625 0.1977422609375 0.5020873 0.20244120781250002 0.5145530046875 0.21262225781250002 0.5206948015625 0.223586465625 0.5143071578125
0 0.26352751093750004 0.5816612671875 0.27449171875 0.5857072359375 0.28154013906249997 0.57832175625 0.279190665625 0.5595685687499999 0.27370856093749996 0.56067566875 0.26509382656249997 0.5576457453125 0.2603948796875 0.5597871 0.2572622484375 0.570257134375 0.26352751093750004 0.5816612671875
0 0.3246138140625 0.57260415 0.3136496046875 0.559167928125 0.310516975 0.5519008203125 0.30268539843750003 0.5426016234375 0.29093803125 0.54169484375 0.3042517125 0.5686674468749999 0.310516975 0.5852883859375 0.322264340625 0.59245533125 0.329312759375 0.5881999375 0.3246138140625 0.57260415
0 0.411544321875 0.536119159375 0.41859274218750003 0.5287336781249999 0.4193758984375 0.514117515625 0.4138937953125 0.492270665625 0.40527905937500003 0.4829805734375 0.40292958749999996 0.5090919234375 0.4005801125 0.5237262984375001 0.411544321875 0.536119159375
0 0.21418857187499998 0.7043081890625 0.22123699375 0.693792625 0.21732120312499997 0.677144371875 0.2094896265625 0.667845175 0.1993085765625 0.6700502671875 0.19852541875000002 0.6825797093749999 0.2055738390625 0.69710481875 0.21418857187499998 0.7043081890625
0 0.09906438749999999 0.8381535843750001 0.08731702031250001 0.8309866359375 0.07322018125 0.8207169203125 0.0708707078125 0.8082239000000001 0.06538860468749999 0.812461084375 0.07008755 0.8384904859375 0.084967546875 0.8497944562499999 0.08966649374999999 0.8601734375 0.0982812296875 0.8673768062499999 0.10611280625 0.8568521390625001 0.1084622796875 0.8526513765625001 0.09906438749999999 0.8381535843750001
0 0.101413859375 0.9049013921875 0.11316122656250001 0.9016347281249999 0.11472754062499999 0.8859660968749999 0.1092454375 0.8735094984374999 0.09593175468750001 0.8757510140625001 0.0888833375 0.8810497703125 0.0888833359375 0.8883532984375 0.0920159671875 0.8966637687500001 0.101413859375 0.9049013921875
0 0.03014650625 0.843128309375 0.02388124375 0.8421577921875001 0.0176159828125 0.8432739968749999 0.0144833515625 0.85374403125 0.0144833515625 0.8631342828124999 0.019182296874999998 0.8682964578125001 0.0277970328125 0.8702830203125 0.0356286109375 0.860801715625 0.0379780828125 0.85242750625 0.0332791375 0.8462219703125001 0.03014650625 0.843128309375
1 0.5 1 0.5 0.5634261671875 0.4867274640625 0.57280604375 0.4679316796875 0.56676440625 0.45540115468750003 0.5700401765625001 0.4366053703125 0.5702587078125 0.4154601109375 0.566331109375 0.398230640625 0.5759216828125 0.3802180125 0.5803045546875 0.3598559125 0.5784545734375 0.3488917046875 0.5900590234375 0.335578021875 0.5985607078124999 0.3191317109375 0.6258793171875 0.3066011859375 0.6082878609375 0.3144327640625 0.6311507562500001 0.2987696078125 0.6334195890625001 0.2838896125 0.6440262062500001 0.27449171875 0.6389186640625001 0.2611780375 0.630726565625 0.2439485671875 0.6517941140625 0.2470811984375 0.6715815578125 0.2603948796875 0.687077184375 0.24864751406250002 0.7007774640625 0.232984359375 0.7134799093749999 0.21418857343750003 0.713698440625 0.1961759453125 0.7024308921875 0.1789464765625 0.6921975984375 0.153885428125 0.6851854421875 0.127258065625 0.691755196875 0.15936753125 0.7101623765625 0.1828622640625 0.725539634375 0.1914769984375 0.74213325625 0.180512790625 0.7610412375 0.1734643703125 0.7809470515625 0.16328332031249998 0.7914990359375 0.1570180578125 0.8291328874999999 0.1515359546875 0.8490204921875 0.1625001640625 0.8593266296875001 0.157801215625 0.8719015984375 0.1382222734375 0.8648257062500001 0.1202096453125 0.8587749625000001 0.11394438437500001 0.8724115046875 0.12255911875 0.885875040625 0.13900543125 0.8940307187500001 0.12177596093750001 0.9025779296875001 0.11237806718750001 0.9068606406249999 0.1108117515625 0.9110522968750001 0.113161225 0.9298054828125 0.11316122656250001 0.9485859874999999 0.11629385625 0.9694167953124999 0.127258065625 0.9724194031250001 0.1382222734375 0.9837689015625 0.1382222734375 1 0.5 1
0 0.546889478125 0.4531577859375 0.556915615625 0.45220629843750004 0.5638085828125 0.44628162656250003 0.5644352078125 0.4304106328125 0.55315581875 0.41885275312500003 0.5431296328124999 0.42063919375000003 0.5374899640625 0.42738420781249997 0.5443829296875 0.4448376140625 0.546889478125 0.4531577859375
0 0.5 0.45609346406249995 0.5030250765625001 0.45450273125 0.513051215625 0.449376553125 0.51117129375 0.4368744359375 0.5067848734375 0.431080909375 0.5 0.43115979375 0.5 0.45609346406249995
0 0.5099180453125001 0.4769657109375 0.5036517 0.4862228328125 0.5036517 0.49707693593749996 0.5168110125 0.501098596875 0.5224507296875001 0.49602344687500005 0.5218241046875 0.4876814203125 0.519317559375 0.47936124687500004 0.5099180453125001 0.4769657109375
0 0.53247686875 0.48171303906249996 0.5412497593750001 0.4816110390625 0.54563618125 0.47154085625000003 0.540623134375 0.463249825 0.527463775 0.45672337812499997 0.5199441828125 0.4501313609375 0.5117979171875 0.44605141562500006 0.5105446687499999 0.45608514062500005 0.5111057265625 0.45662386718750003 0.5174376359374999 0.4676940515625 0.5237039796875 0.47847529843750003 0.53247686875 0.48171303906249996
1 0.5956434500000001 0.3890625 0.5926337515625 0.3908410265625 0.5807276906250001 0.394319159375 0.58950058125 0.42010005625 0.602033265625 0.4366529734375 0.6014066421875001 0.45001914843749996 0.586367409375 0.4460193453125 0.585114159375 0.4694119921875 0.5738347234375001 0.47204792187500005 0.562555334375 0.4688393546875 0.557542240625 0.4797517421875 0.5425030078125 0.48410125624999994 0.5274637765625 0.5113356328125 0.514931090625 0.53151970625 0.5080381203125001 0.549133409375 0.5030250765625001 0.5700649828125 0.5030250765625001 0.5834238875000001 0.5 0.5896881765625 0.5 0.6063108296874999 0.5042783265625 0.6184764296875 0.5 0.625263103125 0.5 0.868804234375 0.504278325 0.87730518125 0.5 0.8830554109375001 0.5 0.92676169375 0.501771778125 0.92993503125 0.5036517015624999 0.9449419031249999 0.5092914203125 0.9657496203125 0.5262105265625 0.9739022203125 0.54438293125 0.9928943890624999 0.5497627921875 1 1 1 1 0.4059092890625 0.9911732000000001 0.39873134375 0.983417996875 0.3890625 0.6297466625 0.3890625 0.630231809375 0.39875320468750003 0.6195790453125001 0.4022167671875 0.6126860781250001 0.3914428046875 0.611213903125 0.3890625 0.5956434500000001 0.3890625