0 0.155646675 0.2011562234375 0.160339659375 0.20148445625 0.16497937499999998 0.1892408015625 0.165647528125 0.17776671718749998 0.1602938609375 0.17529758281250002 0.1548187109375 0.1749146453125 0.148014728125 0.1838648890625 0.14806799843750001 0.1964367765625 0.155646675 0.2011562234375
0 0.1125678765625 0.3070673171875 0.11816450781250001 0.30536405625 0.121482859375 0.288838596875 0.11547598125 0.270613571875 0.10813279843750001 0.27533671718749997 0.1039790125 0.2792355828125 0.10096436718749999 0.2905455515625 0.1029464125 0.296968259375 0.1125678765625 0.3070673171875
0 0.1823627125 0.30880680312500003 0.1833345703125 0.2921172265625 0.181595490625 0.281522125 0.17786689218750001 0.2781193015625 0.1659522078125 0.28042801562499997 0.1574624109375 0.291355046875 0.155526165625 0.3111192125 0.1652083703125 0.320175171875 0.1805554203125 0.312869784375 0.1823627125 0.30880680312500003
0 0.20446145 0.3878560765625 0.199639509375 0.403229028125 0.2021000140625 0.41492193281249995 0.20986091562500003 0.41651208593750005 0.217811509375 0.40135795625000004 0.219383309375 0.38785238125 0.21156166718749997 0.3873053265625 0.20446145 0.3878560765625
1 0.459375 0.4390625 0.459375 0.0392938875 0.45598083437500003 0.033639492187499995 0.43738364687500003 0.042812253125 0.42475500781250003 0.0304081796875 0.40122934218750006 0.029810114062499997 0.4009789046875 0.0475974953125 0.401206928125 0.07065507343750001 0.3928918859375 0.0920677921875 0.3784484828125 0.0973416875 0.35703381562500003 0.087465146875 0.3404794140625 0.1020175171875 0.3551508390625 0.1198012015625 0.3633219859375 0.1413196375 0.348574878125 0.1518090234375 0.3470563484375 0.1778864859375 0.338080625 0.1971583046875 0.3265303859375 0.193208428125 0.3024963765625 0.2418001109375 0.2955709109375 0.25283655 0.26704108125000003 0.2707407328125 0.2568654765625 0.2836445484375 0.24470782500000002 0.2901256578125 0.242650096875 0.311976021875 0.2511249484375 0.3282789625 0.24840653750000002 0.3479884265625 0.2586279421875 0.3612714828125 0.2631312328125 0.37834399687500003 0.2496522203125 0.3805433 0.23855802499999998 0.42270858125000005 0.2306149 0.42424772343750006 0.2213429421875 0.4351200484375 0.22215397499999998 0.4390625 0.459375 0.4390625
0 0.1080626390625 0.07424121875 0.115891753125 0.0611732859375 0.1112062375 0.04723006875 0.0953274609375 0.0366933671875 0.083169809375 0.0431744765625 0.08304085624999999 0.058875659375 0.0877263703125 0.0728188796875 0.1080626390625 0.07424121875
0 0.6772522125 0.080277575 0.6801379046875 0.084668790625 0.6910882046875 0.08543466562499999 0.6963886015625 0.0753319140625 0.6962138484375 0.06484622343749999 0.6910424046875 0.05924779375 0.6838814453125 0.0608416421875 0.679727659375 0.064740509375 0.677859625 0.06984658906249999 0.6772522125 0.080277575
0 0.5484998015625 0.1739124796875 0.555303784375 0.1649622375 0.5491679546875 0.162438396875 0.5388250671875 0.1512415359375 0.5344283171875001 0.1593127953125 0.5310566953125 0.16326636875 0.5241312296875 0.174302809375 0.5370028328124999 0.182534490625 0.5484998015625 0.1739124796875
0 0.5119128374999999 0.181827015625 0.515337728125 0.19044533125000002 0.5181626796875001 0.19587964687499998 0.5233948640625 0.20043497812500002 0.5335629984375 0.20114614843749998 0.53507405625 0.188683671875 0.53321349375 0.1801747671875 0.5208203499999999 0.17721328281249998 0.515048965625 0.168430853125 0.503202490625 0.1560814828125 0.49020193437500004 0.1635509828125 0.5119128374999999 0.181827015625
0 0.53593093125 0.0525885140625 0.5319593703125001 0.0533580875 0.5254590921875 0.05709283750000001 0.521487528125 0.0578624078125 0.5098158078124999 0.055998729687500005 0.501212 0.05539696875 0.5150405203125 0.074169046875 0.526233784375 0.070762528125 0.538930634375 0.06850851875 0.5426059624999999 0.059339453125 0.53593093125 0.0525885140625
0 0.55629903125 0.21530449375 0.5750102296875 0.21766052187499998 0.583917740625 0.2130467890625 0.581275015625 0.20448317968750002 0.5673782828125 0.2003691859375 0.5557673015625 0.1974624078125 0.5468597890625 0.202076140625 0.55629903125 0.21530449375
0 0.5803629234375001 0.112252865625 0.5831878734375 0.1176871796875 0.590766553125 0.12240662656250001 0.5996740625 0.11779289531249999 0.6007599328125 0.11263210781249999 0.5972135609375 0.1060999890625 0.5925205734375 0.10577175781249999 0.5829523812499999 0.10824458749999999 0.5803629234375001 0.112252865625
1 1 0.4390625 1 0 0.7997088703124999 0 0.7916677640625001 0.0170603390625 0.7651956625 0.013114157812499999 0.7564021625 0.0292566796875 0.735701446875 0.03409293125 0.734365140625 0.05704109843750001 0.6905490046875 0.08120756875 0.6633181265625 0.1442385125 0.660296009375 0.1691634671875 0.6463385374999999 0.1660925734375 0.622888553125 0.1372214375 0.6051950109375 0.14436270625 0.635494778125 0.190470471875 0.633915509375 0.2175910328125 0.612971828125 0.226599678125 0.6041783281249999 0.2427422 0.6250921234375 0.2881935 0.6251986656249999 0.3133372765625 0.622662478125 0.3299174421875 0.6126690953125 0.3396919625 0.612168225 0.375266721875 0.5985602562500001 0.393167209375 0.61563144375 0.42368689843749996 0.6185285687500001 0.4390625 1 0.4390625
1 0.459375 0.91330855625 0.455331090625 0.9055293500000001 0.43487333906250003 0.90619320625 0.41983746718750004 0.8946681125 0.41882728125 0.8715558281250001 0.39621273125 0.8553112875 0.3788303671875 0.8436220765625 0.36379449375 0.8320969843749999 0.33943339375 0.8188723265625001 0.3298044578125 0.82238825625 0.3193400890625 0.8132775921875 0.308997203125 0.8020807296875001 0.289746803125 0.7954976031250001 0.28157565625 0.7739791671875 0.2887366171875 0.7723853187499999 0.297644128125 0.7677715859375001 0.3005447625 0.7449328281250001 0.284240796875 0.7416978203125 0.27562951875 0.7547110453125001 0.2656968796875 0.7634424656250001 0.2493854421875 0.7738224421875 0.23674933281250002 0.775033353125 0.22182747187500002 0.7750370484375 0.2014304625 0.7746578062499999 0.18169413437499998 0.776419465625 0.172429646875 0.7736768046875 0.168344071875 0.7629175859374999 0.16210170156249998 0.7352499703125 0.148683428125 0.7364061749999999 0.1519718953125 0.7743406593750001 0.136207128125 0.77533275 0.11653154218749999 0.7760513109375 0.10792026562499998 0.7890645375 0.08813066562500001 0.7782543109375 0.0811369890625 0.803948834375 0.0683261265625 0.7946740546875001 0.06819717343750001 0.8103752390625001 0.05695064062500001 0.80120986875 0.0478609046875 0.8089528968749999 0.03834598125 0.823997615625 0.0242062828125 0.8240560171875 0.015352042187500001 0.8412416374999999 0.0068547765625000005 0.865783653125 0.004508284374999999 0.8656195375 0 0.86433921875 0 1 0.459375 1 0.459375 0.9459482265624999 0.45536941875 0.9453312109375 0.45218749062499997 0.9325405015625 0.459375 0.9259160968749999 0.459375 0.91330855625
0 0.019224535937500002 0.8017133046874999 0.0174172421875 0.8057762859375 0.018374159374999997 0.816316684375 0.028481551562500002 0.8180709531250001 0.0355210296875 0.8185633031249999 0.0402214859375 0.8052765468749999 0.034267878125 0.7996234125 0.028132046875 0.7970995703125 0.019224535937500002 0.8017133046874999
0 0.0584158984375 0.7625605171875 0.050472775000000004 0.7640996609374999 0.042165203125 0.7718973953124999 0.0407148859375 0.7833167734375 0.0429398953125 0.7855670859374999 0.04967566875 0.791274928125 0.04871128125 0.79434951875 0.0638153640625 0.7912165265625 0.06899427968750001 0.783199971875 0.0629874015625 0.764974946875 0.0584158984375 0.7625605171875
0 0.1565882234375 0.6950651734375001 0.1512270875 0.7062110234375 0.1535661078125 0.7199901265624999 0.1581376109375 0.7224045562500001 0.165777028125 0.7260809046875 0.1707737203125 0.721193646875 0.17252774375 0.704558775 0.1676600046875 0.6937448515625 0.1654957359375 0.6904514390625 0.1565882234375 0.6950651734375001
0 0.2679443015625 0.724847821875 0.2533868890625 0.7185929265625 0.24441863593750002 0.7242497578125 0.23592884062500002 0.7351767875 0.2349037109375 0.739294475 0.2424823890625 0.744013925 0.2483145140625 0.7517532578124999 0.26233272812499997 0.7537810515625 0.2735867328125 0.7493314359375 0.2767228609375 0.7359352703125 0.2679443015625 0.724847821875
1 0.459375 1 0.9507898625 1 0.9733804093749999 0.701875196875 0.9757000453125 0.662040446875 0.9758822687500001 0.6589111515624999 0.969996871875 0.6385999328125 0.9744010937500001 0.6169136843749999 0.967840075 0.6216915328125 0.9517183328125001 0.6153272281250001 0.938003825 0.6080839390625 0.9300074296874999 0.5970511937499999 0.916361134375 0.5751498203125001 0.9067396703124999 0.5650507640625 0.8985003109375 0.5581904125 0.878414478125 0.5389806921875 0.843467525 0.5187315671875 0.8351674250000001 0.512914315625 0.8239208921875001 0.5037489453124999 0.8120136765625 0.49244267500000005 0.795352734375 0.48185126875 0.77850956875 0.4743891578125 0.7570341609375 0.46555571718750005 0.7427197109375 0.4551284265625 0.725572840625 0.4528818078125 0.7191865734375 0.46814535 0.7074541109375 0.46732476875 0.6928892265625001 0.47468485937500005 0.67123159375 0.46898071249999995 0.6483591375 0.48413853749999997 0.636626675 0.48331795624999996 0.615690465625 0.478711615625 0.6072688828125 0.47498055937499994 0.5970400078125 0.4753124875 0.5887324359375 0.48311022187499997 0.5819891921875 0.49101736562500004 0.574714221875 0.481082425 0.561242678125 0.46966674218750004 0.5493354625 0.458360471875 0.534892059375 0.46363436562500004 0.536137740625 0.49618924062499997 0.5331230953125 0.5074992078125 0.5268583109375 0.5206765515625 0.5205935265624999 0.53385389375 0.5142680000000001 0.548074334375 0.5056567234375 0.5610875609375 0.48989195781249995 0.56207965 0.47997425781249997 0.5435811 0.4696239015625 0.545999225 0.4631768921875 0.5623058640625 0.477301646875 0.5894774359375 0.475912071875 0.5998537140625 0.466161653125 0.6054558421875 0.4642254078125 0.625220009375 0.459375 0.633316046875 0.459375 1