0 0.10670759375000001 0.046445028124999996 0.1137285046875 0.044978865624999996 0.112880378125 0.03346800625 0.1089246421875 0.0248048265625 0.1042177671875 0.021274575 0.0979904265625 0.024889470312500002 0.09491918906249999 0.033978575 0.09651845625 0.0403565078125 0.10670759375000001 0.046445028124999996
0 0.0485849515625 0.39278929375 0.0548607859375 0.39749629531249997 0.068102975 0.3913750015625 0.070332146875 0.3718152734375 0.06088202499999999 0.35851335156249997 0.04843340625 0.36678337499999997 0.045398540625 0.3821139 0.0485849515625 0.39278929375
0 0.0807891484375 0 0.08224022343750001 0.0027196015625 0.0978813140625 0.0061652078125 0.10966971875 0.0186316625 0.12302708281250001 0.0322748671875 0.1284790359375 0.0296319546875 0.1370325359375 0.0231011203125 0.13932838593750002 0.014983995312500002 0.1259892078125 0.004461501562499999 0.1173750921875 0.0005899671875 0.1152468265625 0 0.0807891484375 0
0 0.0191313421875 0.1635604359375 0.024680284375 0.1775613109375 0.035620560937500004 0.1785169046875 0.0441619375 0.169905596875 0.0370258515625 0.1516072625 0.024510553125 0.1484346796875 0.0191313421875 0.1635604359375
0 0.0168910890625 0.44928426562499996 0.002909884375 0.462618959375 0.0053209078125 0.47426633437500004 0.013147515625 0.47702937656250005 0.028740112499999998 0.4721530890625 0.04194593125 0.45979037343750007 0.0403224171875 0.44925149218750005 0.0301454015625 0.44524344375 0.0168910890625 0.44928426562499996
0 0.0419641171875 0.46291108437500006 0.040455776562500004 0.472136703125 0.0467437328125 0.4789241765625 0.05377676875 0.4795384875 0.056848006250000006 0.47044938125 0.048215703124999995 0.4634571375 0.0419641171875 0.46291108437500006
1 0.5796875 0.509375 0.5796875 0 0.194932728125 0 0.19395096875 0.0062388890625 0.18145991875 0.007227253124999999 0.1643711046875 0.02340963125 0.1447864015625 0.0133813203125 0.13396735937499998 0.0332304609375 0.118459628125 0.052670065625 0.10456328749999999 0.08056807187500001 0.0999897703125 0.09992303125 0.1016860265625 0.12294475468749999 0.0946711765625 0.1254511546875 0.089334396875 0.147858565625 0.10111067968750001 0.1582445484375 0.0957314671875 0.1733703015625 0.08476694375 0.1682537609375 0.0698709296875 0.158634990625 0.0683747125 0.1699410828125 0.06925921093750001 0.18769336406249998 0.0552052640625 0.18854521562499998 0.0467608765625 0.21380031093750002 0.061638704687500004 0.220298371875 0.06567930625 0.24352486562500003 0.0555507859375 0.24783871093749998 0.0587493203125 0.2605945796875 0.065861159375 0.2747319703125 0.08079354375 0.2905921609375 0.08165985625 0.305223734375 0.0753961453125 0.3025972046875 0.058997853125 0.3032442890625 0.0716646953125 0.3324227875 0.07488747812499999 0.349339603125 0.0726643671875 0.36993956875 0.0797883296875 0.38615743125 0.0876452453125 0.3941216546875 0.0963563515625 0.4146369765625 0.097985928125 0.4262160953125 0.0972893453125 0.440711153125 0.0926673328125 0.4517442171875 0.0966655015625 0.467689053125 0.10301407656249999 0.4848788953125 0.10308075781249999 0.4963214984375 0.1061581203125 0.509375 0.5796875 0.509375
0 0.6817521671875 0.11173542031249999 0.6816854875 0.100292815625 0.676203225 0.0977345453125 0.6707330875 0.0972567484375 0.66453605625 0.10607282656250001 0.665390246875 0.11862392343749999 0.6732289781249999 0.1234674375 0.6779176671875 0.1238769765625 0.6817521671875 0.11173542031249999
0 0.6448367015625001 0.2104023046875 0.637700615625 0.1921039671875 0.6306978890625 0.196690840625 0.6268148953125 0.20051050468749998 0.6245372296875 0.21174834062499998 0.6269179453125 0.2181945296875 0.637131328125 0.22844399843750002 0.64258934375 0.2268413203125 0.6448367015625001 0.2104023046875
0 0.704160096875 0.20414720625 0.7002346703125 0.2006852125 0.6885311296875 0.20278207343750002 0.6807833265625 0.21354211093750003 0.6801170515624999 0.2332383515625 0.6903243734375 0.24244758437499997 0.7051233984375 0.23542256718750001 0.706662046875 0.231398134375 0.706565059375 0.21475434531249998 0.704160096875 0.20414720625
0 0.733056021875 0.33767428125 0.7408765671875 0.3393970859375 0.7478186765625 0.32440784375 0.748521321875 0.31095302187499996 0.7407068359375 0.31027045468750003 0.7336798640625 0.3106963828125 0.7298635499999999 0.32595865156250003 0.733056021875 0.33767428125
1 1 0.509375 1 0 0.908332078125 0 0.9022473828124999 0.0187064921875 0.8882176812499999 0.023719292187499998 0.8662886343749999 0.013486210937500001 0.85075059375 0.027724629687500002 0.86647655 0.0457335515625 0.8759751640625 0.06735736718749999 0.861975775 0.0775713515625 0.86212731875 0.1035772703125 0.8544280093750001 0.122659203125 0.8426880984375 0.1185146421875 0.8218799578125001 0.1666030765625 0.8156950500000001 0.177499628125 0.78845953125 0.1948751421875 0.779160953125 0.2075791390625 0.7674816609375 0.21383694531250003 0.7668275109375 0.2356136625 0.7762958171875 0.25203629375 0.77484809375 0.27166428125 0.7858611124999999 0.285102715625 0.791428240625 0.3022243 0.7781618031249999 0.3041846453125 0.7698144046875 0.3460835296875 0.7620120421875 0.34748143593749997 0.7534827921875 0.3581732171875 0.7614670046875001 0.3879824140625 0.7740307953125 0.3994768890625 0.7686091515625 0.4073209859375 0.7529377515625 0.39867419531250003 0.747607034375 0.42212184375 0.7696088249999999 0.4448377671875 0.7720016640624999 0.45336443125 0.753252965625 0.45276650781249994 0.7431850640625 0.467482721875 0.747310528125 0.5052725296875 0.7407486203125 0.509375 1 0.509375
0 0.21289576718749997 0.509375 0.21145245 0.5127544453125 0.22324085624999998 0.5252209015625 0.2310674625 0.527983940625 0.2349201484375 0.5189630937499999 0.2354675015625 0.509375 0.21289576718749997 0.509375
0 0.40751542343749997 0.509375 0.410667228125 0.520797771875 0.41698549375000005 0.5327864296875 0.427162509375 0.5367944765625 0.4270291484375 0.5139092671875 0.42637213906250004 0.509375 0.40751542343749997 0.509375
0 0.2536329984375 0.6474418828124999 0.25049508125000003 0.6450883828125 0.2426987828125 0.647526528125 0.2419961375 0.6609813499999999 0.2451643640625 0.6685360328125001 0.255335315625 0.67150384375 0.26078120781249997 0.66782069375 0.2630770578125 0.6597035703125 0.2591273828125 0.652080628125 0.2536329984375 0.6474418828124999
0 0.438072996875 0.6666711750000001 0.43338430624999996 0.6662616328125 0.424812621875 0.6696717578125 0.4233467125 0.6861790328125 0.43589231875 0.6945527953124999 0.438236665625 0.6947575671874999 0.44292535468749994 0.69516710625 0.4475655515625 0.687254753125 0.4443609546875 0.6734586484375 0.438072996875 0.6666711750000001
0 0.5404669796875 0.6797737484375 0.530302090625 0.6778461734375 0.525631584375 0.68055734375 0.5217728375 0.68853795625 0.5186955375 0.6965868234375 0.5297267421875 0.7131459671875 0.538334796875 0.7159772656250001 0.5453193375 0.70826968125 0.5453011531249999 0.7051489703125 0.5452223484375 0.6916258921875 0.5404669796875 0.6797737484375
0 0.3160948328125 0.7776625765625 0.33017302656249997 0.7809716703125 0.33564316562499996 0.7814494671875 0.344233034375 0.7811600546874999 0.34575349843750003 0.7740149093750001 0.34569288125000003 0.7636125421875001 0.343312165625 0.7571663515625 0.33934430625 0.7464227 0.3315116375 0.7426194234375 0.3151436546875 0.748467690625 0.3128417421875 0.7555445765625001 0.31293266875 0.771148128125 0.3160948328125 0.7776625765625
0 0.2679359984375 0.8233620265624999 0.26167835 0.8217757359375 0.2585707421875 0.8246234203125 0.25320365312500004 0.8418296468750001 0.2556025546875 0.8513965484374999 0.2681421 0.8587300765625001 0.27512664062500003 0.8510224921875 0.277428553125 0.8439456062499999 0.271861425 0.8268240203125 0.2679359984375 0.8233620265624999
0 0.0636814703125 0.8886977140625 0.06216100625 0.8958428578125 0.062173129687499995 0.8979233328125 0.0637663359375 0.9032610296874999 0.0677038859375 0.9088034953124999 0.0716232515625 0.9112252546875 0.0786441625 0.9097590890625 0.08250291093749999 0.9017784796875 0.0785411125 0.892075065625 0.07617858125 0.888749584375 0.0683580375 0.88702678125 0.0636814703125 0.8886977140625
0 0.0511346953125 1 0.0510515203125 0.9998829234375 0.0455328875 0.99108323125 0.034592610937500004 0.9901276375 0.0291588421875 0.9958912609375 0.0119609171875 0.9933493765625 0.0033528609374999995 0.9905180796875002 0.014972778124999999 1 0.0511346953125 1
1 0.5796875 1 0.5796875 0.7815308578125 0.5722886593750001 0.7792460359375 0.5660128249999999 0.7745390359375 0.558155909375 0.7665748125 0.54952966875 0.760622803125 0.5369961859375 0.7543295125 0.5252441515624999 0.748104478125 0.514273565625 0.7419477000000001 0.501782515625 0.74293606875 0.49718475156249997 0.758130078125 0.487801309375 0.7562707609375 0.48394256249999995 0.764251371875 0.4784966703125 0.767934521875 0.46991286250000003 0.769264171875 0.4652059875 0.765733921875 0.45346001406249997 0.760549125 0.4449065140625 0.7670799578125 0.44096290156249995 0.760497253125 0.4291866203125 0.7501112734375 0.4284779140625 0.76252585625 0.42151155781250005 0.7733541515625 0.41682892968749996 0.7739848484375 0.409014446875 0.77330228125 0.40739699218750003 0.7638036359375 0.39411237187500003 0.7626432718749999 0.3917316546875 0.7561970812500001 0.38234821406249997 0.754337765625 0.3706992296875 0.7657967578125 0.37233486718750003 0.7784161125 0.3747519546875 0.7911037234375 0.37086289843750003 0.79388315 0.3661196515625 0.784111478125 0.3551308796875 0.7748339890625 0.34973954375 0.7878792718750001 0.3395685921875 0.7849114609375001 0.32710785 0.7911010093749999 0.33117269843749997 0.8184884499999999 0.328779859375 0.8099617859375 0.3177850265625 0.7996440609375 0.305275790625 0.7975117171875 0.310043284375 0.8114443359375001 0.2984912890625 0.8395471140625 0.2883688296875 0.8449012 0.282189984375 0.8568379875 0.2705470625 0.869337215625 0.27219482500000003 0.8840370421875001 0.263617078125 0.8864069296875 0.2574018609375 0.892102296875 0.266119028125 0.9136578546875 0.2567477109375 0.9138790109375 0.24355401406250002 0.9283222 0.231814103125 0.9241776390624998 0.23194746406250003 0.94706285 0.2257019375 0.9475570296875 0.22422390625 0.9619838328124999 0.2164033609375 0.9602610296874999 0.2071350921875 0.9781662109374999 0.21264160156249998 0.984885428125 0.218536065625 1 0.5796875 1
0 0.723566371875 0.509375 0.7213081906250001 0.5163174453125 0.7276203953125 0.527265865625 0.739329996875 0.5262092421875 0.740044765625 0.51483489375 0.74001295 0.509375 0.723566371875 0.509375
0 0.7358172921875 0.7276056375 0.7428563890625 0.7292601828125 0.7514159499999999 0.7237695859375 0.7536936171875 0.7125317515624999 0.74973181875 0.7028283375 0.7380404031250001 0.7070056703125001 0.731055859375 0.7147132562499999 0.7358172921875 0.7276056375
0 0.7624405703125 0.6051662078125 0.75611624375 0.5921373140624999 0.745182028125 0.5922219562500001 0.741396021875 0.6126854093749999 0.7547533843750001 0.6263286140625001 0.767256559375 0.6274207203125 0.7624405703125 0.6051662078125
0 0.7555540609375 0.89776215625 0.7500172421875 0.885841753125 0.7390587796875 0.8817654484374999 0.7289060140625 0.88191835 0.722696859375 0.888653953125 0.726688965625 0.9035585515625 0.736108778125 0.9116592890625 0.751725621875 0.9109439500000001 0.7555540609375 0.89776215625
0 0.8074382828125 0.8211968859375001 0.8183967453125 0.8252731890625 0.8300942234375001 0.822136090625 0.83396509375 0.8162359546874999 0.8323355187499999 0.8046568374999999 0.8174637515625001 0.7991990125 0.8096613921875001 0.8005969187499999 0.805015134375 0.8074690359375 0.8074382828125 0.8211968859375001
0 0.9411987906249999 0.7216317 0.9342930515625 0.7428623625 0.9311187656250001 0.7342674421875 0.9296952890625001 0.7580563734375 0.9305434171875 0.7695672359375 0.9422712046875 0.7716313234375 0.946117828125 0.7615702390625 0.9467962265625001 0.7439544703125 0.9436098156250001 0.7332790765625 0.9411987906249999 0.7216317
1 1 1 1 0.8193017234375001 0.9815921546874999 0.817693865625 0.9526785656250001 0.8151683671875001 0.9277085890624999 0.8192255750000002 0.9066519156249999 0.8246643015625 0.8761754296875001 0.822002290625 0.855936575 0.8337506937500001 0.8449962984375 0.8327951 0.8356977203125 0.8454990984374999 0.8255934484375 0.8539738937500001 0.810043284375 0.8661318359375001 0.8100008515624999 0.8588501781250001 0.8028829515625 0.843672553125 0.7888471906250001 0.84764511875 0.7866180187499999 0.8672048453125001 0.7835346578125 0.8742134765625 0.7859638671875 0.8889815593750001 0.793917771875 0.9135895749999999 0.78846581875 0.9162324875 0.7713163875 0.922012496875 0.7534036921875 0.9308449624999999 0.735394009375 0.9230336359375 0.728324603125 0.91617790625 0.7118717562500001 0.9074628578125001 0.6922870515625 0.8974345453125 0.674259184375 0.8865025124999999 0.64765356875 0.8779403640625001 0.6806865625 0.91721543125 0.6956250078125 0.9341158593750001 0.7089520625000001 0.94255788125 0.718371875 0.9506586203125 0.709818375 0.9571894531249999 0.699768659375 0.975026378125 0.6909347265625 1 1 1
0 0.7089702484375 0.9456785921875 0.6979936 0.9384815781250001 0.6886101578125 0.9366222593749999 0.6839639 0.943494378125 0.6871624359374999 0.9562502453124999 0.6965701234375 0.9622705093749999 0.703542540625 0.9524824515624999 0.7089702484375 0.9456785921875