0 0.1537643734375 0.35 0.154114884375 0.34958128906249997 0.1521269875 0.33939225156249997 0.14823563125 0.3317283140625 0.1433503265625 0.3189698578125 0.1424988765625 0.3064181515625 0.13894703749999998 0.32096334843749996 0.13633285625 0.332126971875 0.135025765625 0.337708784375 0.133945609375 0.3485475453125 0.13462980468750002 0.35 0.1537643734375 0.35
0 0.24908200468750002 0.33689703125000003 0.2523207 0.333028165625 0.2530032765625 0.320151596875 0.247180315625 0.3107747140625 0.2377492234375 0.3074669359375 0.23220948749999998 0.31182309531249996 0.23013538437499997 0.3175673390625 0.22882829375 0.32314915 0.22834450624999997 0.3370446234375 0.231440703125 0.3406329453125 0.23874140000000002 0.3412088734375 0.24908200468750002 0.33689703125000003
1 0.4 0 0 0 0 0.2644471515625 0.0146962359375 0.2613349171875 0.019752184375000002 0.2708742296875 0.0110581890625 0.29181339375 0.0209431515625 0.30563507031250003 0.032845928125 0.3052364140625 0.040403475 0.28665991874999996 0.043614025 0.27855300625 0.0482161046875 0.2775784203125 0.055460509375 0.26967825625 0.0636988640625 0.2668726125 0.0627031453125 0.2904255109375 0.062048714062499996 0.3075401265625 0.07091158125 0.3120292390625 0.07812607187500001 0.3285384484375 0.0870452296875 0.34150365312500003 0.0961368046875 0.322602296875 0.10227468125000001 0.2926554296875 0.11179197968750001 0.28002992656250003 0.1262790203125 0.29287701875 0.13116432656250002 0.305635475 0.1534939109375 0.2849916953125 0.17190222500000002 0.28109335 0.1813333171875 0.28440112812499996 0.20050864218750003 0.280340353125 0.20525145 0.300555996875 0.2336027859375 0.290308003125 0.2381485734375 0.2808573265625 0.24533668749999998 0.2644810703125 0.2595123578125 0.25935707343750003 0.26749563125 0.2470564328125 0.2790008265625 0.2446199671875 0.2904215859375 0.2294693640625 0.29590503125 0.2166371125 0.302950646875 0.2077180453125 0.3333760875 0.191725809375 0.348262478125 0.177963290625 0.361416053125 0.163506728125 0.36826288125 0.15356875781249998 0.3754509953125 0.137192503125 0.3807637953125 0.1275793921875 0.386162803125 0.10203300312500001 0.4 0.10054628125000001 0.4 0
0 0.36660918750000004 0.2515311078125 0.378455671875 0.2426563578125 0.379877115625 0.2253793140625 0.3722931921875 0.21107034374999997 0.36729353593749997 0.21000712031250002 0.3511862609375 0.21341817187499998 0.3495941734375 0.2339143609375 0.355615925 0.24431014687500002 0.36660918750000004 0.2515311078125
1 0.4 0 0.4 0.21242677968749998 0.40250628125 0.21343061562500001 0.41415397499999995 0.2035369640625 0.425516671875 0.20855768593750001 0.429265528125 0.2236788109375 0.44182096406250004 0.2348129578125 0.448636103125 0.2779317765625 0.4578384890625 0.3046300234375 0.477210834375 0.3302355703125 0.490322475 0.35 0.942367596875 0.35 0.9574964218750001 0.33568624375 0.967013721875 0.323060740625 0.9790027046875001 0.306728803125 0.9798559250000001 0.2906330921875 0.9919012 0.28277724531250004 1 0.27978047031250003 1 0.0745670609375 0.9854518546875 0 0.4 0
0 0.2331602609375 0.6847479703125 0.2345817046875 0.6674709234374999 0.22415666406249998 0.6590686265625 0.21478186406250002 0.6642369406249999 0.2108043 0.672506284375 0.210093578125 0.6811448062500001 0.22088805156250002 0.687346865625 0.22645593281249998 0.6872287515625001 0.2331602609375 0.6847479703125
0 0.4 0.753884546875 0.399908153125 0.7534137828125 0.39274995625 0.7453806671875001 0.38661385 0.7466801140625 0.3806765359375 0.7489984671875 0.382863221875 0.7602064078125 0.38925440624999996 0.7684019546874999 0.39578809062500003 0.7691403140624999 0.4 0.7653217859375 0.4 0.753884546875
0 0.2380615046875 0.43967965937500003 0.22510671875 0.455155125 0.2264982453125 0.4622874515625 0.24118584687500003 0.447506028125 0.252008465625 0.4579461328125 0.26305979218750003 0.44499576718749995 0.2658446171875 0.43061300156249993 0.263089709375 0.4205863953125 0.251953946875 0.4208226203125 0.2424085015625 0.429210078125 0.21991004374999998 0.42442558124999996 0.21900053125 0.43204520156250004 0.2380615046875 0.43967965937500003
0 0.20229176093749998 0.35 0.204886465625 0.359703034375 0.21357869062499998 0.3674112890625 0.22914588593750002 0.36941961875 0.23911705625000002 0.36730801562500004 0.2454519515625 0.367027471875 0.24923072500000001 0.3577392234375 0.24653210625000002 0.35618870937499997 0.246650365625 0.35 0.20229176093749998 0.35
0 0.6621895328124999 0.9540799171875001 0.669803371875 0.9439795156249999 0.6676166859375 0.9327715734375002 0.6581574484375 0.9252257499999998 0.649009584375 0.935651015625 0.653923034375 0.952647515625 0.6621895328124999 0.9540799171875001
0 0.6132256765624999 0.7808957578125 0.6202994374999999 0.7762147374999999 0.632571646875 0.773615840625 0.63615163125 0.763308690625 0.6304993140625 0.7507126640624999 0.6249314328125 0.750830778125 0.6153859875000001 0.759218234375 0.6132256765624999 0.7808957578125
0 0.7277040984375001 0.8436546953124999 0.7343521359375 0.8326978203125 0.7310008578125 0.8196145046875 0.7185017140625 0.81695645 0.7110866625 0.8280757546874999 0.7154318890625 0.8462535921875001 0.7277040984375001 0.8436546953124999
0 0.8473528218750002 0.9042577140624999 0.8530913468750001 0.9009204578125001 0.85647254375 0.889594403125 0.8553941578125001 0.8717857468750001 0.8505369984375001 0.8632653375 0.8405658296875 0.8653769406249999 0.8339459390624999 0.8805718609375 0.8473528218750002 0.9042577140624999
0 0.452531221875 0.6695689390625 0.4549166984375 0.681795784375 0.4655123828125 0.6869789390625 0.47144969843749995 0.6846605859375 0.473439365625 0.66620220625 0.469718653125 0.6553191265625 0.45784402343749997 0.6599558296875 0.452531221875 0.6695689390625
0 0.408246796875 0.6227140046875 0.4064277734375 0.63795324375 0.417762325 0.6387359203124999 0.422932628125 0.63658 0.4294100203125 0.6288422671875 0.4250929375 0.6149024765625001 0.42142851718749996 0.6124954890625001 0.40995146718750003 0.61917 0.408246796875 0.6227140046875
0 0.41019257031249995 0.39524760312499996 0.4083454015625 0.40624879687500004 0.40840169218750005 0.4147248875 0.41732085156250004 0.42769009375 0.4257579953125 0.42590335156250003 0.43072950781249997 0.42272852656249993 0.4337694140625 0.4178407578125 0.43408255625000003 0.4071644265625 0.42959483125000003 0.396443778125 0.418232134375 0.3914230546875 0.41019257031249995 0.39524760312499996
1 1 0.35 0.476863896875 0.35 0.47712326562499996 0.3534875921875 0.4754467421875 0.3612696421875 0.4647367046875 0.367781721875 0.4597933375 0.3751945921875 0.45930955000000007 0.389090065625 0.4733708671875 0.395661303125 0.4733990125 0.39989935 0.46328534374999997 0.4094681390625 0.46013108437500005 0.42605114374999997 0.46211898125 0.4362401828125 0.46734557343749994 0.44256035312500003 0.46416316718750006 0.45490531093750003 0.4745882078125 0.46330760781249997 0.48492881250000003 0.458995765625 0.48788251093749996 0.4700412765625 0.485268328125 0.4812049 0.49052306718749994 0.4917631171875 0.49563530624999996 0.5097785234375001 0.49875965000000005 0.517604890625 0.4718016125 0.5063377921875001 0.48384511406249997 0.5271293640625 0.48165665625000004 0.5445688421874999 0.482877540625 0.554920309375 0.4723100015625 0.5539752015625 0.4606341625 0.559630809375 0.45534950781249994 0.5734819640625 0.44353116875 0.5865947609375001 0.4564560375 0.5955286671875 0.4563135390625 0.6029858562499999 0.4700634828125 0.59158600625 0.48287576874999993 0.583567728125 0.49472225312500007 0.574692978125 0.5039264109375 0.57274380625 0.49287508437500005 0.585694171875 0.49503362500000003 0.5926640671875 0.48781736562500005 0.6048022765625 0.4813962640625 0.6210161015625 0.47920780625 0.6384555781250001 0.49125308125 0.6305997328125 0.5021056171875 0.6166304640625 0.5132695234375 0.6206322828124999 0.52932050625 0.6087451390625 0.53218976875 0.6070765124999999 0.5372457171875 0.616615825 0.5395449875 0.64477595 0.5505945406249999 0.6604730046875 0.5631781218749999 0.675845196875 0.5722960718750001 0.6898293046875 0.5841126390625 0.7053639265625 0.59396945625 0.714947559375 0.5842252203125 0.7223161109375 0.5783741124999999 0.7087011828125 0.562011759375 0.7026172390625 0.5581186312499999 0.72360071875 0.56394159375 0.7329776015625 0.5724068828125001 0.7354289078124999 0.5615262015625 0.745160128125 0.5531734937499999 0.7596610078125 0.5434855515625 0.775505653125 0.522916925 0.8010815203125 0.5739672828125 0.7679895078125 0.5918935796875 0.74933921875 0.60819964375 0.746947071875 0.6204155625000001 0.7358720828124999 0.6402154031249999 0.7391060656249999 0.65350970625 0.7458397343750001 0.6611798359375 0.7442154249999999 0.668422471875 0.7649626796875 0.67643211875 0.785547503125 0.6869415953125 0.8066639375000001 0.697509134375 0.8076090453125001 0.7016854875 0.80035860625 0.7033338671875 0.788338509375 0.7172245390625 0.7981288890625 0.7262861953125 0.8036369062500001 0.7320810124999999 0.8087757421875 0.747989496875 0.8043457859375 0.7657433796875 0.8175620578124999 0.770373603125 0.8208255187500001 0.789946509375 0.81880255 0.8072183765624998 0.817266875 0.824120809375 0.8179314390624999 0.825654834375 0.8176065781249999 0.8600279234375 0.8177543703125 0.8615619500000001 0.817429509375 0.883805328125 0.8127190093750001 0.8930094859375 0.8107698375 0.916786890625 0.8057344765625001 0.926870640625 0.82057505625 0.9244552484374999 0.8327575843750001 0.9341695671875 0.8497984031249999 0.9466687125 0.85245645625 0.9487146703124999 0.8424741687499999 0.981923165625 0.8407465843749999 0.98624201875 0.8260389578125 0.980930990625 0.8070046468750001 0.969710790625 0.7945267359375 0.9619280781249999 0.7791988625 0.9772401937499999 0.7717121953125 0.9806213890625 0.7603861421875 1 0.755510709375 1 0.35