0 0.418941940625 0.2150101453125 0.4065556 0.21015670156250002 0.397271528125 0.20632130625 0.3866502734375 0.212563228125 0.38850628593750003 0.22053359375 0.40082442812499997 0.2277307875 0.4061918875 0.2226567015625 0.42174869218750005 0.22618444375000002 0.44335090624999995 0.23721703125000002 0.44364642343750005 0.22706078125 0.418941940625 0.2150101453125
0 0.33287005000000003 0.1951774734375 0.3296995859375 0.196503175 0.3121958421875 0.18813006875 0.30159731875 0.19359074062499998 0.30544573750000004 0.204843971875 0.31151388125 0.21156756875 0.316517625 0.21899348281250003 0.3229040171875 0.2147795796875 0.3263927296875 0.20251637812499998 0.33287005000000003 0.1951774734375
0 0.2719532796875 0.2077868734375 0.2643660953125 0.21739059374999997 0.26936984062499997 0.2248165078125 0.28180164375 0.22810745 0.2871236390625 0.2245958640625 0.2882789640625 0.22076854687499997 0.286422953125 0.21279818125 0.2719532796875 0.2077868734375
0 0.21534758125 0.1439916375 0.207874059375 0.1496891078125 0.2022565484375 0.16335694375 0.21151788749999997 0.16797358906249998 0.219828490625 0.1693863015625 0.227211084375 0.16681383125 0.227392940625 0.16056383125 0.22762026093749999 0.15275133125 0.2226392484375 0.14454416718750002 0.21534758125 0.1439916375
0 0.216302328125 0.1111791375 0.2048667265625 0.10952962656250001 0.212813615625 0.12344233906249999 0.22302569375 0.1312629171875 0.2403930453125 0.1443235234375 0.2702149359375 0.159893825 0.25409383750000003 0.1398809 0.239828753125 0.127838340625 0.22651440625000002 0.118999715625 0.216302328125 0.1111791375
0 0.2513900375 0.017532303125000002 0.24403017500000002 0.0193235234375 0.238458128125 0.031428859375 0.24565886718750002 0.0351063890625 0.2519316 0.034798735937500005 0.263526325 0.030979496875000002 0.2720415140625 0.025360959375 0.2680794375 0.018013978125 0.259768834375 0.016601265625 0.2513900375 0.017532303125000002
0 0.098832025 0.20171528125 0.088392625 0.201707203125 0.0891615078125 0.2111611359375 0.09502506250000001 0.22491598281249997 0.1085439984375 0.226723359375 0.1139796515625 0.2193055234375 0.11529410312499999 0.21000945624999998 0.10711989375 0.20390924375 0.098832025 0.20171528125
0 0.0361688921875 0.238464496875 0.032793840625 0.24682144843749998 0.038861984375000005 0.2535450453125 0.04395665625 0.257845959375 0.0555059171875 0.2555892203125 0.061915042187500005 0.2505940671875 0.0600590296875 0.2426237015625 0.044502225 0.239095959375 0.0361688921875 0.238464496875
0 0.0576614546875 0.21738690312500003 0.052248534375 0.2240234890625 0.052949218750000006 0.23582117187499999 0.0684378265625 0.24169266406249998 0.09807785937499999 0.2635129640625 0.0811424140625 0.23560860625000002 0.0773167296875 0.22357412499999998 0.070297846875 0.213646596875 0.0576614546875 0.21738690312500003
0 0.09452095 0.278119915625 0.10172168749999999 0.2817974453125 0.10208539999999999 0.2692974453125 0.0908771203125 0.259835434375 0.08170670937499999 0.2520937890625 0.0763392515625 0.257167875 0.07921419843750001 0.2659984234375 0.09452095 0.278119915625
0 0.0938617203125 0.300776165625 0.0842594 0.3078782703125 0.0964638828125 0.31898171406250003 0.11514568750000001 0.3227462546875 0.13577443125 0.33135615937499996 0.13806235312499998 0.324482775 0.12483893593749999 0.31251915 0.10837685781249999 0.304224975 0.0938617203125 0.300776165625
0 0.028082293749999997 0.92513478125 0.0226466390625 0.9325526171874999 0.0210139390625 0.952786184375 0.0239343515625 0.9600542328125 0.034373748437500004 0.960062309375 0.039786671875 0.9534257234375 0.0494117234375 0.94554236875 0.0487337703125 0.9329634359375 0.041555762499999996 0.92850465625 0.028082293749999997 0.92513478125
0 0.0524845578125 0.8040571859375 0.054363303125 0.8112463015625 0.0655943171875 0.8199270625 0.0829389359375 0.83376891875 0.11171915937500002 0.8492602874999999 0.10259421093750001 0.8399561421874999 0.09471551875 0.8236996796875001 0.0855905703125 0.8143955343750001 0.0743595578125 0.805714775 0.05991261875 0.799922215625 0.0524845578125 0.8040571859375
0 0.09164800625 0.7138510828125 0.10301541249999999 0.7178443437500001 0.1123904125 0.7185547390625 0.12185634062499999 0.716140134375 0.12203819687499999 0.7098901343749999 0.12006852187499999 0.7058260187500001 0.11703444999999998 0.7024642203125 0.1067087125 0.6985498921875 0.09629204531249999 0.6977605640625 0.0908336609375 0.7059596499999999 0.09164800625 0.7138510828125
0 0.1578907796875 0.661713665625 0.160765728125 0.6705442140625 0.16692479843750002 0.6741428109375 0.18150813125 0.6752478703125 0.180671053125 0.6681376875 0.18080744531249998 0.6634501875 0.179879440625 0.6594650046874999 0.17480749843750001 0.6543828406250001 0.1686711578125 0.65000299375 0.1602696296875 0.65171528125 0.1578907796875 0.661713665625
0 0.20742142187499998 0.6098758234374999 0.222978225 0.613403565625 0.22411082031250001 0.6103574984375 0.2264214734375 0.6027028640625 0.22442906875 0.5994199984375 0.21310712812500002 0.5938642375 0.20153513437499998 0.5969022265625 0.2003116125 0.60307329375 0.20742142187499998 0.6098758234374999
0 0.23439903125 0.56875 0.2282814953125 0.574656796875 0.22800871093750003 0.584031796875 0.2382889859375 0.589508625 0.255023846875 0.5884277984375 0.2541867703125 0.581317615625 0.25323603125 0.5781136828125 0.2502701546875 0.572408134375 0.246171684375 0.569748653125 0.24176777500000002 0.56875 0.23439903125 0.56875
0 0.348652171875 0.6714708640625 0.33920897656250004 0.6731042203125 0.3409967921875 0.683418334375 0.3439626671875 0.6891238828125 0.3563490078125 0.6939773265625 0.364796 0.6907025390625 0.367220315625 0.6791416546875 0.3632355046875 0.6725759234375 0.348652171875 0.6714708640625
0 0.4563302828125 0.6663196906250001 0.44693255 0.6663905453125001 0.4218870859375 0.666058659375 0.4394135640625 0.6736505171875 0.4484930484375 0.6845171609375 0.44736045312500006 0.6875632281249999 0.4672657796875 0.6851567015625 0.49618239375 0.69596056875 0.49326198125 0.6886925203125001 0.47365217187499997 0.6809427984375 0.4676294921875 0.6726567015625 0.4563302828125 0.6663196906250001
0 0.853217440625 1 0.8547912046875 0.9951091609375 0.8384427859375 0.9829087359375 0.830109453125 0.9822772750000001 0.8267571328125 0.9898529765624999 0.8296320796875 0.998683525 0.8311915187500001 1 0.853217440625 1
0 0.7432493984375 1 0.7462305515625001 0.9947126515625001 0.7465033359375 0.9853376515625001 0.7371965328125001 0.9822835078125 0.7352950546875 0.9758756421874999 0.7196927859375 0.9739104000000001 0.7123101921874999 0.9764828703124999 0.71092754375 0.9881226875 0.7147986953125001 0.99859466875 0.7153977734375 1 0.7432493984375 1
1 1 0.56875 0.509375 0.56875 0.509375 0.8887536562499999 0.5226894093750001 0.8916467390625 0.53822348125 0.8959557312499999 0.5550720046875 0.8909686546875001 0.557382659375 0.8833140203125 0.5832879328125 0.889974840625 0.5887235875 0.8825570046875001 0.586867575 0.8745866390625 0.6046441031249999 0.8735847453125001 0.6032841875 0.8844433125 0.6197689984375 0.8919562375 0.6522652546875001 0.8873719031249999 0.678011403125 0.8995014734375001 0.7007689453125 0.90670674375 0.7125227953125 0.8974187546875001 0.7191137765625 0.8861736015625 0.7259093453125001 0.8678971984375 0.75928814375 0.8688605468749999 0.7920571828125 0.8549012125000001 0.8248716875 0.8393793796875 0.8469058109375001 0.8355682171875 0.839095315625 0.81696800625 0.8528415703124999 0.81096288125 0.87265596875 0.8116813546875001 0.8791787531249999 0.8027799515625 0.889618153125 0.8027880296875001 0.915205178125 0.8203863484374999 0.93203096875 0.8161805234375 0.9354514859374999 0.806261071875 0.9180614015625 0.7939817140625001 0.9205993750000001 0.7785145796874999 0.9343683640624999 0.7717282062499999 0.9491108203125 0.7673645140625001 0.9628116125 0.762921890625 0.9765124015625 0.7584792671875 0.9880389328125 0.757003778125 1 0.759073484375 1 0.7144742921875 0.997690725 0.712322740625 1 0.710799021875 1 0.56875