0 0.46332019375 0.054915371874999994 0.457296890625 0.052456275 0.45046356249999997 0.065587715625 0.4527561890625 0.0766431484375 0.46046907968750006 0.0837048921875 0.46959503125 0.08162888125 0.4742552546875 0.0721977171875 0.475209790625 0.060848875000000004 0.47104557812500003 0.056720112499999996 0.46332019375 0.054915371874999994
0 0.40532438125 0.129733596875 0.39901205625 0.11879110156249999 0.3902001171875 0.1188365015625 0.386010915625 0.125221746875 0.3827387625 0.1360291671875 0.38750601093750003 0.146610715625 0.397235 0.15098748906249998 0.40514238437500005 0.1412629125 0.40532438125 0.129733596875
0 0.26926305 0.072700459375 0.279946575 0.065728390625 0.27826948125 0.05586873906249999 0.27241568125 0.0471373328125 0.26345923125000004 0.04294103125 0.260984609375 0.0434149140625 0.25725393125 0.052011249999999995 0.2564688984375 0.05708777968749999 0.25753045937499996 0.0657516515625 0.263541265625 0.0734677546875 0.26926305 0.072700459375
0 0.43213831875000003 0.230676271875 0.423119390625 0.2527649953125 0.42958872187499997 0.26269218437499997 0.445969040625 0.26546683125000003 0.4498442296875 0.261112196875 0.45297187031249997 0.2460630796875 0.44665954531249996 0.23512058281249998 0.439091165625 0.23230053593750002 0.43213831875000003 0.230676271875
0 0.6030725421875001 0.44523795625 0.5897948734375 0.4379282 0.5857501843749999 0.448555146875 0.5830935625 0.46055834687499997 0.5874022859375 0.46892880625 0.5977593031249999 0.46924435625000005 0.6076702875 0.4620918140625 0.6076952796875 0.4515778046875 0.6030725421875001 0.44523795625
0 0.5561296828125 0.422699728125 0.5773397265625 0.40977089843750003 0.5716304375 0.4052811890625 0.574299553125 0.388020984375 0.55926981875 0.40239360468749996 0.546111671875 0.40983955625 0.5337260625 0.417465984375 0.5421989968750001 0.4299652046875 0.5561296828125 0.422699728125
0 0.51620368125 0.66875 0.516902975 0.6660122546875 0.5206336515625 0.657415921875 0.5314741828125 0.6494285484375 0.509215075 0.6484365015625 0.49654044218750004 0.6475795296875 0.503493290625 0.6492037953125 0.4914216953125 0.6547996078125 0.4836676515625 0.66875 0.51620368125 0.66875
0 0.473341465625 0.326564553125 0.48171986875000006 0.313794059375 0.48313292968750005 0.3046563046875 0.4795842515625 0.301723321875 0.4658230671875 0.3027164890625 0.458531215625 0.31363684531249997 0.462525925 0.32403791718749997 0.473341465625 0.326564553125
1 0 0.66875 0.4524438421875 0.66875 0.45431485 0.656650865625 0.4510926796875 0.6464302671875 0.4597601078125 0.6421431703125 0.46641143593749995 0.6405410453125 0.4752608609375 0.62472463125 0.47375326875 0.6085926703125 0.4695890578125 0.6044639078125 0.47826897968750004 0.5949198046874999 0.47334472656250004 0.5853535640625 0.4614426328125 0.5846770671875 0.459174996875 0.563107625 0.46942498906249996 0.5434104625 0.46310016875000004 0.537724971875 0.46203860625 0.5290611015625 0.4794804859375 0.5404996203125 0.48751988593749995 0.540273746875 0.483851684375 0.522585059375 0.4945352109375 0.515612990625 0.491771565625 0.5076034765624999 0.512642603125 0.5072192703125 0.5142251671875 0.491809203125 0.5128745828125 0.474661934375 0.5060912375 0.46676535937499997 0.49154501875 0.47283505625 0.483662625 0.4720456234375 0.495589709375 0.4622081109375 0.498076828125 0.456477221875 0.49302055625 0.43741227812499994 0.4821925203125 0.44014264687500004 0.46442413125000004 0.4359917453125 0.457144775 0.4416550953125 0.4535836 0.44397911875 0.45948738125000005 0.431682509375 0.4741906046875 0.4245975046875 0.469580365625 0.41300065156250004 0.46789077656250005 0.40839800468750004 0.470754384375 0.3743514796875 0.45862574531250005 0.3389065609375 0.4532804515625 0.3113582203125 0.44127133281250003 0.29066901093749997 0.413955953125 0.27061201874999996 0.405640025 0.257097490625 0.3918913359375 0.252833653125 0.390854765625 0.233655771875 0.3930528609375 0.2194414859375 0.4026748234375 0.2038055484375 0.4005517 0.1864778046875 0.3880465703125 0.179348521875 0.384931425 0.1891406359375 0.36839410156249996 0.18738129375 0.3650149234375 0.1781760015625 0.35296831875 0.17325780625 0.3564099734375 0.156178075 0.3390876140625 0.159495265625 0.333208821875 0.161277865625 0.3529237703125 0.12696006875000002 0.390589103125 0.085263859375 0.35031713125 0.11793525 0.32134421562500004 0.144830353125 0.3083805609375 0.1354899859375 0.30947960937499996 0.12838284375 0.3030102765625 0.11845565312499999 0.2853863984375 0.11854645 0.27690096875000003 0.11130423125 0.25913258125 0.10715332968749999 0.2470984703125 0.0969781296875 0.23719998125 0.098873665625 0.22640942968750002 0.0858330203125 0.21187570781249998 0.0866457140625 0.190244625 0.08159244375 0.1724887328125 0.072184534375 0.169593071875 0.054676320312500006 0.152101209375 0.06426581875000001 0.1454498796875 0.0658679453125 0.1525972203125 0.050705892187500004 0.1517176578125 0.030512704687499996 0.1438727484375 0.013952257812499999 0.13286271562500002 0.0282119421875 0.1298670921875 0.052759764062500006 0.1295280875 0.065304384375 0.110937178125 0.0820010296875 0.09559343125 0.0984042609375 0.0795396203125 0.0883419953125 0.0677945359375 0.08665019375 0.0523187703125 0.093554725 0.0399331640625 0.1011811484375 0.0281630859375 0.11000335624999999 0.008667621875 0.11702082031250001 0 0.1222821546875 0 0.66875
0 0.43806165625000004 0.27519140625 0.4371071203125 0.28654024843750003 0.45114483281249995 0.299287484375 0.5003357687500001 0.28658340781249997 0.5185876734375 0.28243138437500004 0.5376371062499999 0.267945828125 0.5050209812500001 0.26663823125 0.48541849218750005 0.253642984375 0.460358253125 0.260412440625 0.44843116875 0.2702499515625 0.43806165625000004 0.27519140625
0 0.844789221875 0.0024378453125 0.8387534234375 0.005235753125 0.8271278578124999 0.018299659375 0.82212863125 0.040275446874999996 0.8222731421875 0.04451714375 0.8360343265625 0.0435239765625 0.8484324296875 0.030640546875 0.8518490937500001 0.024074826562500002 0.8542041953125 0.0088452328125 0.844789221875 0.0024378453125
0 0.8843652562500001 0.06743845937500001 0.8787504984375 0.08821846875 0.887706946875 0.09241476562499999 0.8977749421875 0.08424691875 0.9011916031249999 0.0776811984375 0.9009025812499999 0.0691978 0.89443325 0.0592706125 0.8843652562500001 0.06743845937500001
1 0.65 0.66875 0.8885471046875001 0.66875 0.8929896718749999 0.666609271875 0.8990558265624999 0.639560928125 0.8790754109375 0.628705125 0.8860357359375 0.6080538140625 0.907537965625 0.590799659375 0.9010205703124999 0.5781384578125001 0.8947025890625 0.55809806875 0.8944360625 0.5171940453125 0.8951078078125001 0.46413291875 0.8971837624999999 0.4324395296875 0.8857672921875 0.414920959375 0.8727766015625 0.37104442187500003 0.8649662093749999 0.3667445671875 0.861219521875 0.3361661984375 0.8504012968750001 0.2965100609375 0.8382606718750001 0.2775846921875 0.8489152750000001 0.23304382499999998 0.84075015625 0.2249482109375 0.8431808375 0.197050578125 0.8228162906250001 0.1947684421875 0.8150352999999999 0.17809916406249998 0.8152935140625001 0.1459811265625 0.7922170640624999 0.1368773125 0.7803282625 0.165040678125 0.7680029265625 0.1473097890625 0.76181085625 0.15081376562499998 0.7452812 0.14200173124999999 0.73880790625 0.110786396875 0.714807884375 0.10765496875 0.6975687749999999 0.0912514234375 0.6846157953125 0.108027521875 0.6567955828125001 0.105241284375 0.65 0.10069739375 0.65 0.66875
0 0.9141435640625 0.5663525921875 0.907537965625 0.590799659375 0.9208015734374999 0.59637345 0.9277324968749999 0.5880915625 0.9330303984375 0.57819055 0.923062240625 0.5634855812499999 0.9141435640625 0.5663525921875
0 0.5103544859375 0.7566577406249999 0.51823688125 0.7574471734375 0.5211825234374999 0.7539273718749999 0.5229095984375001 0.742759003125 0.5164277703125 0.7380888203125 0.513337615625 0.7373669234375 0.5094749234375 0.736464553125 0.505141209375 0.7386081015625 0.503112615625 0.7465500781250001 0.5051037234375 0.7543791171875001 0.5103544859375 0.7566577406249999
0 0.4790031078125 0.93869095 0.4878150484375 0.938645553125 0.49602395 0.9321473687499999 0.49866807343749997 0.925401175 0.4982220453125 0.9179330828125 0.4946858609375 0.9097430953125001 0.4855724046875 0.906562103125 0.48309778124999997 0.9070359859374999 0.4803091453125 0.9095404828125 0.47550441093750007 0.9147299484375001 0.47440536250000004 0.9218370921875 0.47438037343749995 0.932351103125 0.4790031078125 0.93869095
0 0.4173999421875 0.8401409578125 0.421118125 0.836801628125 0.42437778125000003 0.8312512125 0.424547284375 0.8249789015625 0.42162663125 0.8179846968750001 0.41623135468749994 0.8114643734375001 0.4085059703125 0.8096596343750001 0.40571733437499996 0.8121641296875 0.4047752921875 0.8182559671874999 0.40460579062499996 0.824528278125 0.40613837343750003 0.83014623125 0.40828648593750005 0.8369599624999999 0.4173999421875 0.8401409578125
0 0.3221440828125 0.7211054859375 0.32030998125 0.7122611421875 0.31272910625 0.7146981 0.3097709671875 0.7234749078125 0.3082009 0.73362796875 0.3109645453125 0.74163748125 0.3186899328125 0.743442221875 0.3218050765625 0.7336501078125 0.3221440828125 0.7211054859375
0 0.5226399671874999 1 0.527560584375 0.9973738531249999 0.5325223265625 0.99116908125 0.5308452328125 0.9813094296875 0.522818328125 0.9762782968749999 0.52127325 0.9759173484375001 0.5112177515624999 0.9788281937499999 0.50733006875 0.98843983125 0.5114118546875 1 0.5226399671874999 1
1 1 1 1 0.66875 0.65 0.66875 0.65 0.9024514546875 0.6522704671875 1 1 1