0 0.5446482515625 0.22996832656250002 0.547540428125 0.24348168281250002 0.56096339375 0.24518072812499997 0.5663603765625 0.23665471718750003 0.570568425 0.22397950312499998 0.5616046453125 0.2200579109375 0.5529494500000001 0.21926528906249998 0.5446482515625 0.22996832656250002
0 0.5866912859375 0.3390625 0.5873256390625 0.3385491375 0.5885720234375 0.33537464375 0.5794599687499999 0.322043375 0.561063509375 0.3173519265625 0.5478462671875 0.3177388609375 0.5474227796875 0.3292572796875 0.55370861875 0.3390625 0.5866912859375 0.3390625
1 0 0.3390625 0.4700786015625 0.3390625 0.475585590625 0.3282223140625 0.47279627812499997 0.31575195 0.45377060468749997 0.3204929359375 0.43926156875 0.31568768125 0.4332594546875 0.3022653671875 0.4210495015625 0.2733347625 0.4033517421875 0.2361968 0.400768153125 0.225812415625 0.387596321875 0.2345660375 0.3599849453125 0.2155003265625 0.3758552671875 0.2024837015625 0.360729059375 0.19142050156249998 0.35367424375 0.19894904687499998 0.35088493125000003 0.18647868125 0.36095886250000003 0.16212572187500002 0.3423687171875 0.139657909375 0.3317804765625 0.1587959140625 0.31809433593750003 0.16233458437499998 0.3137954640625 0.158276425 0.311326775 0.1332446515625 0.30921208437500003 0.119708534375 0.2841963375 0.095336828125 0.2716991296875 0.1030247 0.27113940937500003 0.0894430625 0.2851915859375 0.08170967031250001 0.2842204171875 0.06395606875 0.2710606265625 0.0570193109375 0.2517717796875 0.06699801093749999 0.2459058984375 0.0786757546875 0.237147840625 0.07684014375 0.23000220468750002 0.0676353171875 0.217562446875 0.0679994921875 0.2020127515625 0.0684547109375 0.1915394125 0.072945325 0.1793053796875 0.0753954828125 0.181764775 0.0449894296875 0.1592056765625 0.06133987656249999 0.14717736875 0.0658760140625 0.1355150953125 0.066217428125 0.1110590703125 0.0554273609375 0.103226771875 0.0629786640625 0.0839045515625 0.0489003 0.07193369375 0.046112740624999995 0.06471856718749999 0.059921990625 0.0498889046875 0.06767814062500001 0.0334014109375 0.074436825 0.0173828171875 0.07804377812499999 0.0131173171875 0.0980426859375 0.006737124999999999 0.104505478125 0 0.10535630625 0 0.3390625
0 0.770886728125 0.17007057187500002 0.7738869859374999 0.153985065625 0.7633413609375 0.1493714265625 0.7493790125 0.14731899531249998 0.748450159375 0.1658050421875 0.76143023125 0.1765003640625 0.770886728125 0.17007057187500002
0 0.6797822874999999 0.19458064375 0.685841853125 0.20067925937500003 0.6889517921875 0.20058821718750003 0.6990136828125 0.1919256390625 0.7031642828125 0.186574121875 0.6938465046875 0.1711568734375 0.6891815953125 0.17129343749999998 0.6792225671875001 0.18099900625 0.6797822874999999 0.19458064375
0 0.6829737578125 0.1557851453125 0.6732204515625 0.16757669375 0.677564734375 0.1800015375 0.6853970328125 0.17245023125 0.6931264703125 0.1638559375 0.7015305296875 0.154195890625 0.7086427953125 0.1393436546875 0.7045042359375 0.1290047921875 0.6886793250000001 0.150388103125 0.6829737578125 0.1557851453125
0 0.3213566484375 0.3872469515625 0.3118211078125 0.38543410156249996 0.303326225 0.3783607765625 0.29440785625 0.382805871875 0.296625409375 0.397384978125 0.3033475578125 0.41810822343750004 0.3108712703125 0.40742794687500006 0.3213566484375 0.3872469515625
0 0.1539101625 0.4287590296875 0.13479366718750002 0.4167666453125 0.134941940625 0.426176321875 0.1585509921875 0.4600032234375 0.167880809375 0.45973009375 0.1678353984375 0.45136340624999993 0.15835730625 0.4422268609375 0.1539101625 0.4287590296875
0 0.0197286640625 0.34900705625 0.0057913890625 0.3420930609375 0.0071285937499999995 0.3556519359375 0.009609323437500001 0.3649933296875 0.01753244375 0.3741753953125 0.027536884374999997 0.37283651406249996 0.026919712499999998 0.3665785703125 0.0197286640625 0.34900705625
0 0.30014130156249996 0.5437223109375 0.3124327859375 0.5339484609375 0.31627479687500004 0.5254679687499999 0.3128108609375 0.5140633546875 0.3000050671875 0.5186222546875 0.29149814687500003 0.527239309375 0.30014130156249996 0.5437223109375
0 0.13079788750000002 0.5580938734374999 0.1201883140625 0.53748443125 0.11251632812500001 0.53875503125 0.1094063890625 0.538846075 0.10437544218749999 0.5431773640625 0.10602123593749999 0.5598652125 0.1170542953125 0.568956234375 0.126486975 0.5697260953125 0.13079788750000002 0.5580938734374999
0 0.034356399999999995 0.5368591625000001 0.0216080578125 0.5340943671875 0.017354596875 0.5384028937500001 0.0171368328125 0.5520072953125 0.0228303609375 0.562300634375 0.03138269375 0.5620502625 0.0403010640625 0.5576051703125 0.034356399999999995 0.5368591625000001
0 0.23104526875000003 0.6179192328124999 0.22073224218749998 0.6161291421875 0.21279708125000002 0.62263745625 0.2112875234375 0.6310496640625 0.214442871875 0.63932530625 0.22242344374999998 0.6411836765625 0.2322221609375 0.6377588125 0.23637275937500002 0.6324072953125001 0.23104526875000003 0.6179192328124999
0 0.5169670421875 0.860589290625 0.5084147078125001 0.8608396609375 0.5070080124999999 0.8702948578124999 0.5153425828125 0.8836488859374999 0.5245695375 0.8823327656250001 0.53027510625 0.8769357249999998 0.5278972390625001 0.8686373234375001 0.5169670421875 0.860589290625
0 0.5598769781249999 0.8687471140625 0.5406909953125 0.879768803125 0.523792053125 0.882355528125 0.515799440625 0.896187534375 0.5147587812500001 0.9014480093749999 0.533624140625 0.902987728125 0.544772103125 0.8974313625000001 0.5517240546875 0.8888598265625 0.5687378984375 0.871625715625 0.5598769781249999 0.8687471140625
0 0.5023885156250001 0.8787981109375 0.49429304218750003 0.8915871281250001 0.49532166093749996 0.9020170343749999 0.5034050953125 0.9049183968750001 0.5088474875 0.90475906875 0.515639128125 0.9024682375000002 0.514141609375 0.895190065625 0.5075677328125 0.8838764968749999 0.5023885156250001 0.8787981109375
1 0 1 0.4478463453125 1 0.4513562765625 0.9859382703125 0.44410777812499996 0.9756904531250001 0.44847614062499996 0.9567345359375 0.465226809375 0.9447381374999999 0.45741858906250005 0.92090868125 0.4414574453125 0.9171919359375 0.43524960625000003 0.9016836453125 0.4405557671875 0.8764242609374999 0.427613740625 0.8558831031250002 0.407444546875 0.8648415734375 0.3996696984375 0.8650691828125 0.3957368625 0.8568163015625 0.3810007703125 0.8101776203124998 0.3689270515625 0.8063470703124999 0.3678076078125 0.7791837953125 0.357346309375 0.7679840312499999 0.3281558828125 0.7803446015625 0.31376174843750004 0.7608919578125 0.33010096875 0.744723596875 0.3238931296875 0.7292153031249999 0.3065252890625 0.734953759375 0.3023987703125 0.7089245156249999 0.26937837187499997 0.7140752 0.26327339375 0.6996098953125001 0.27034024843750004 0.6763909734375 0.2514748890625 0.6748512546875001 0.235365471875 0.6617248359375 0.2197129140625 0.6611370640625001 0.2141556171875 0.6759437796875 0.1962855078125 0.6607769015625 0.20340981249999998 0.6302342828125 0.191804990625 0.6232520015625 0.1807144796875 0.6214846749999999 0.174470521875 0.653047521875 0.16233935156249998 0.6565406703125 0.1723104203125 0.631144721875 0.1589449046875 0.6221219796874999 0.1460816609375 0.634004575 0.12555846875 0.6314673859375001 0.11094657187500001 0.625619140625 0.09617436093750001 0.626051596875 0.0728044046875 0.618367740625 0.0559054640625 0.6209544625 0.029997328125 0.6112529078125 0.0217535828125 0.61463225 0.0163566 0.6231582609374999 0.0017901125000000001 0.6256767 0 0.6276288921875001 0 1
0 0.2833397265625 0.6896084359375 0.28461948125 0.710491009375 0.3068579546875 0.7067019703125 0.309979934375 0.6909205453125 0.3085852765625 0.6846853625 0.303040021875 0.6838016984374999 0.2934016171875 0.680945859375 0.2833397265625 0.6896084359375
0 0.4487781828125 0.8332974734375 0.45229956875 0.8373783937500001 0.4577419640625 0.837219065625 0.525785296875 0.7839729984375 0.44826387187499994 0.828082521875 0.4487781828125 0.8332974734375
0 0.7807246203125 0.4944363015625 0.7942460671875 0.49236636406249995 0.7937158109375 0.4806632671875001 0.7914838296875 0.47068406874999996 0.7847689984375 0.46585838593749995 0.7766722734375 0.478651075 0.7807246203125 0.4944363015625
0 0.759785440625 0.433945040625 0.7568031703125 0.4290100859375 0.7508196890625001 0.44425205468750006 0.7543781546874999 0.45502944999999995 0.7608460484374999 0.45735125468749993 0.7691074 0.44622780781250004 0.759785440625 0.433945040625
0 0.7223838375 0.5354853140625 0.719346209375 0.5489669890625001 0.7267195453124999 0.56046971875 0.7381641703125 0.56264581875 0.7419426734375 0.5566759187500001 0.7431963140625 0.5440835500000001 0.734203653125 0.5351392890625 0.7223838375 0.5354853140625
0 0.6879945078125 0.547373653125 0.6889363296875001 0.5632499234375 0.696282765625 0.5555014578125 0.70246729375 0.5486240406249999 0.7112684203125 0.5366478 0.7199508546875 0.517141571875 0.7248183671875 0.49690999375 0.715404628125 0.4963485484375 0.7066399234375 0.5150201078125 0.6953867859375 0.533764528125 0.6879945078125 0.547373653125
0 0.7957420953125001 0.6530350968749999 0.7979281390625 0.6688749578125 0.805347371875 0.674517078125 0.8153831968749999 0.675060309375 0.8170484515625 0.6666411140624999 0.8221629078125 0.6489134671875 0.8159055828125 0.6424003015624999 0.80578739375 0.6410224171875 0.7957420953125001 0.6530350968749999
0 0.9037950828125 0.628945721875 0.8974127046875001 0.6474745953125 0.9031081234375 0.6599364875 0.9128511171875001 0.6638364828125 0.918495875 0.6578119140625001 0.9175904265625 0.64863094375 0.9162275187500001 0.6411374296875 0.9240314125 0.6317014921874999 0.9149563953125 0.6219226265625 0.9037950828125 0.628945721875
0 0.8590121734375 0.67462013125 0.8677413421875 0.67867728125 0.877181146875 0.669065946875 0.8791392343750001 0.6572900203125001 0.8716376875 0.6508132453125001 0.86479465 0.651013575 0.8529748312500001 0.651359603125 0.8491963796875 0.657329534375 0.848564778125 0.66990369375 0.8590121734375 0.67462013125
0 0.8543915984374999 0.6973555734375 0.8453071140624999 0.70013268125 0.843641859375 0.708551878125 0.843842909375 0.716916434375 0.8499356531250001 0.721760325 0.8625880765625 0.7172047015625 0.8615180015625 0.70635445625 0.8543915984374999 0.6973555734375
0 0.8237807234375 0.7032739984375 0.8324900656249999 0.70301903125 0.8408701515624999 0.699425509375 0.8460210281249999 0.688393146875 0.8512084375000001 0.6770692781250001 0.851711675 0.6765079171874999 0.849479746875 0.666528746875 0.8418040578125 0.670938678125 0.834997440625 0.677834290625 0.8225919109375 0.6848938125 0.8184383125 0.69338585625 0.8237807234375 0.7032739984375
0 0.9144294140625 0.8253398546875002 0.911474096875 0.8396561343750001 0.9160297921874999 0.847893209375 0.9257727890625 0.85179320625 0.9329087078124999 0.848236140625 0.9329181765625 0.8356801984375 0.928115534375 0.8249391921874999 0.922891815625 0.8225809890625001 0.9144294140625 0.8253398546875002
0 0.94190136875 0.8571804203125 0.95202901875 0.846002296875 0.9521208 0.8342809765624999 0.944454628125 0.8261349578124999 0.9339613453125001 0.8272792140625 0.9303015859375 0.8407791171875001 0.9334025921875 0.8532440015624999 0.94190136875 0.8571804203125
1 0.61875 1 0.9290438828124999 1 0.9295534265625001 0.9976708609374999 0.9220154609375001 0.9844988375 0.9066735984375001 0.9807627484375001 0.9051096421875 0.964904675 0.9186770265625 0.9569740765624999 0.9249169171875 0.9316800687499999 0.91991323125 0.9125745359374999 0.9135830625000001 0.8926708046874999 0.924872575 0.8806216671874999 0.9395559296875 0.8776806828125 0.92484566875 0.8613704234374999 0.913894878125 0.86420215 0.9082595874999999 0.8576707578124999 0.9045824359375001 0.8393634375000001 0.8891946828125 0.8414879953125001 0.8818482484375 0.849236475 0.8739351359375 0.8385865453125 0.87705508125 0.82593954375 0.8799645546875 0.8174839203125 0.8717221406250001 0.803495471875 0.8704051249999999 0.7901413140625 0.8633705546874999 0.7694211390625 0.8547989328125001 0.7520941375 0.84038150625 0.7324271375 0.8227834921875001 0.7058143171875 0.80744163125 0.702078228125 0.8013947765625 0.6913736796875 0.7905263421875001 0.6950400140624999 0.779081671875 0.6928639296875 0.775532721875 0.6695305859375 0.7610139953124999 0.6741408484375 0.759074896875 0.660804915625 0.7698705296874999 0.6437479828124999 0.7760281515624999 0.61761931875 0.7638790828124999 0.6146268234375001 0.748747740625 0.60669936875 0.7440543203125001 0.616044228125 0.7382813578125 0.6270948046875 0.7273765062499999 0.6240658874999999 0.7267638921875 0.6115281546875 0.7115043421875 0.6086266890625 0.7105165796875 0.5986110640625 0.7127674984375 0.5834783734375 0.7003984390625 0.59723319375 0.6827882234375 0.5768226234375 0.66600109375 0.5647584015625 0.6564686640625 0.5566670203124999 0.6419499859375 0.561277278125 0.6254462203125 0.5584122515625 0.61875 0.5551116640625 0.61875 1