0 0.2613746484375 0.7618193 0.2483372546875 0.757824125 0.23956811562500002 0.7680963296875001 0.246380928125 0.77836894375 0.258919621875 0.7752045296875 0.2613746484375 0.7618193
0 0.22490660468749998 0.6840487546875 0.22258713125 0.7026220859375 0.2120482703125 0.6988344984375 0.21767959218750002 0.71159736875 0.22472000312499998 0.7186533671875 0.23694157031250002 0.7093151062499999 0.2375348296875 0.6902748015625 0.22490660468749998 0.6840487546875
0 0.22192193906250002 0.587705690625 0.20983843906250002 0.584436871875 0.20220476875 0.5964211796875001 0.20878998593749998 0.6099104078125 0.218420975 0.6087692765625 0.22410083281249998 0.5995346109375 0.22192193906250002 0.587705690625
0 0.14937994062499999 0.536704790625 0.138705528125 0.5277291015625 0.13252696875 0.5298041812500001 0.1280286 0.5365485921875 0.1284812796875 0.5479105390625 0.13915569218749999 0.5568862265625001 0.1469249140625 0.550090021875 0.14937994062499999 0.536704790625
0 0.021896096875 0.61929599375 0.010403340625 0.61478205 0.0034064375 0.6213188703125 0.00208688125 0.636416203125 0.0071734796875000005 0.646221840625 0.01925698125 0.649490659375 0.022530349999999998 0.6316436859375 0.021896096875 0.61929599375
0 0.1963224546875 0.4309206875 0.1976855203125 0.42941617499999996 0.1951895 0.411413409375 0.182515253125 0.4093897203125 0.1740197328125 0.412242953125 0.17015561875000002 0.4313350546875 0.1867809953125 0.441452278125 0.1963224546875 0.4309206875
0 0.208188415625 0.3662254125 0.1885607734375 0.3843313625 0.1910567953125 0.40233412812499997 0.23316872968750002 0.40389165625 0.276689753125 0.39974231250000003 0.2254045359375 0.3750975078125 0.208188415625 0.3662254125
0 0.22395194062499998 0.3672115609375 0.22390843125 0.3536187421875 0.22032045 0.347496690625 0.2097355671875 0.3479114625 0.20410173125000003 0.35294377187500003 0.2040096875 0.3613484890625 0.210096203125 0.367678128125 0.2160471671875 0.3688196640625 0.22395194062499998 0.3672115609375
0 0.35 0.424387690625 0.3435569203125 0.4243875234375 0.341193940625 0.42936803437500004 0.342191340625 0.4436872140625 0.35 0.4423497828125 0.35 0.424387690625
0 0.33777167812500003 0.2148919578125 0.34517775156249997 0.20612426562500002 0.34031875 0.19310201093749998 0.3303246109375 0.19227165468750002 0.3179674921875 0.1964218109375 0.3180110015625 0.21001463125000003 0.33059320312499996 0.22044303593749998 0.33777167812500003 0.2148919578125
0 0.28493427968749996 0.24415145625 0.2945627546875 0.260805503125 0.298969078125 0.26246580937499997 0.3117328546875 0.2738799578125 0.3272712984375 0.2602875453125 0.310418325 0.2533869359375 0.30038067812499997 0.2389637609375 0.289251071875 0.2364213015625 0.28493427968749996 0.24415145625
0 0.224670684375 0 0.22295879531249999 0.0011911921875 0.223183878125 0.015769754687500002 0.2384922109375 0.0231891359375 0.2486270984375 0.0287331328125 0.2378119359375 0.0150438015625 0.2460798578125 0.015407184374999999 0.2673391546875 0.0239681 0.259572446875 0.0129691296875 0.2531227828125 0.0046680046874999995 0.23801530468749998 0 0.224670684375 0
1 0 0 0 0.5892960859375 0.01708563125 0.5842762046875001 0.03548575625 0.5728628671875 0.0546582046875 0.5611901453125 0.05979333906249999 0.5489982484375 0.070470265625 0.5401787609375 0.123116034375 0.581114228125 0.0969082046875 0.5501405984375001 0.081011640625 0.5261711671875 0.0977290609375 0.5278836765625 0.08673752031250001 0.5127341421875 0.10895322656249999 0.504226240625 0.1105438875 0.49950511249999996 0.1251284359375 0.48518634218749995 0.12862437499999999 0.499713109375 0.1402091734375 0.4958223359375 0.1471165453125 0.479895053125 0.136943346875 0.46028377656249997 0.133992134375 0.44871424062500004 0.1344933484375 0.438078653125 0.1232742125 0.42614573437500003 0.13458539375 0.4296739359375 0.1461701921875 0.42578316406249994 0.158483803125 0.4080401875 0.16916073125 0.3992206984375 0.183336109375 0.38713279843750004 0.1913789484375 0.37291761874999996 0.1988770671875 0.355745209375 0.206467228125 0.33016808124999997 0.212558771875 0.300907365625 0.20915739218749999 0.26018070312499997 0.2098862046875 0.2463285015625 0.198076321875 0.235640709375 0.1977591953125 0.229466865625 0.20925195156249998 0.23398081093749998 0.22256296562500003 0.2305570125 0.23582795625 0.2313355734375 0.2502744390625 0.2296238765625 0.2496862078125 0.21307382812500003 0.23124257343750002 0.21089434687500003 0.22442975937499998 0.2006217328125 0.2338791734375 0.1984948578125 0.2502794671875 0.194033521875 0.2504635546875 0.17722408750000002 0.250964771875 0.1665885 0.227388515625 0.1588057375 0.22502804687500003 0.1459910734375 0.22616602968750002 0.12990799687500001 0.202495215625 0.1483251296875 0.20022427812500002 0.144900925 0.2051318171875 0.1359256421875 0.2098117578125 0.1301669765625 0.200001709375 0.112527184375 0.2011396921875 0.096444109375 0.20772742187499998 0.0921381609375 0.21268098281249997 0.0789605203125 0.206458915625 0.0674427796875 0.21077570781250002 0.059712625 0.2089599640625 0.049855190625000004 0.20369179062499998 0.039063807812500004 0.182568046875 0.0356909953125 0.19215552656249998 0.02095704375 0.18402566874999998 0.0079865859375 0.1725329140625 0.003472640625 0.16992814375 0 0 0
0 0.6388552921875 0.7144935046875001 0.6485297875 0.72694519375 0.6524374109375 0.7214459093750001 0.6607513562499999 0.717606934375 0.6639326796875 0.7081646765625 0.662116934375 0.69830724375 0.651532053125 0.698722015625 0.6402643796875 0.70878663125 0.6388552921875 0.7144935046875001
0 0.4639068359375 0.7397549828125001 0.45731910625000005 0.7440609328125001 0.45159322500000004 0.7574979578125001 0.452227478125 0.7698456499999999 0.459677059375 0.7746707765624999 0.4681725796875 0.7718175421875 0.47285252031249997 0.7660588749999999 0.4749443984375 0.7507021578125 0.4711748421875 0.743594365625 0.4639068359375 0.7397549828125001
0 0.5538666421875 0.6582523015625 0.55650324375 0.6458528140625 0.5495088546875 0.6345944609374999 0.53583469375 0.6360467703125 0.5345611578125 0.64694174375 0.536967646875 0.65555405 0.5449619515624999 0.66333640625 0.5538666421875 0.6582523015625
0 0.5917689125 0.5523642015625 0.5858614578125 0.5648154843750001 0.5895849921874999 0.5761256359375 0.5991699578125 0.5791868625000001 0.6057576890625 0.5748809140625 0.6112099499999999 0.5688628609374999 0.6161635109375 0.5556852218749999 0.6114400609375 0.5478510703125 0.6025813921875001 0.5487328140625001 0.5917689125 0.5523642015625
0 0.736164321875 0.3834953640625 0.7406601765625 0.39454613125 0.753515996875 0.3975555609375 0.8182042734374999 0.41037185000000004 0.760195771875 0.3848448953125 0.7437519703125 0.3757134125 0.736164321875 0.3834953640625
0 0.8040464921874999 0.29789350937500003 0.7992770203124999 0.2942617140625 0.7893749265625 0.28502664218749996 0.7770178078125001 0.2891767984375 0.7702024796875 0.2966993640625 0.766611984375 0.308372490625 0.7618860203125 0.31833351875 0.7642925109375 0.3269458234375 0.771243390625 0.3246113609375 0.7811479984374999 0.31605125625 0.7929603937499999 0.3089438703125 0.8201271437500001 0.3050535046875 0.8040464921874999 0.29789350937500003
0 0.7581624875 0.307023365625 0.7575282328124999 0.294675675 0.7513496734375 0.2967507546875 0.74090034375 0.302353628125 0.740217553125 0.312003471875 0.7468487921875 0.3212903421875 0.755390334375 0.3142347515625 0.7581624875 0.307023365625
0 0.6418099921875 0.058251014062499995 0.6440349078125001 0.0658775765625 0.6490319765624999 0.0662927546875 0.656755175 0.06369890781250001 0.6643428234375 0.055916959375 0.666751828125 0.046734085937499996 0.6626191234375 0.0376548078125 0.6509908156249999 0.027952760937499998 0.6422676984375 0.03402260625 0.6408125890624999 0.0439318375 0.6410836953125 0.054308040625 0.6418099921875 0.058251014062499995
0 0.6536684109374999 0.0469412703125 0.6537144328125001 0.0427389109375 0.6491265343749999 0.0400928609375 0.634362925 0.0356307109375 0.6260950015625 0.035267328125000004 0.626412128125 0.0414411734375 0.6285910234375001 0.0532700953125 0.6352682828124999 0.058354606249999996 0.64049295 0.05555316875000001 0.64494529375 0.053011118749999996 0.64880689375 0.051714193750000005 0.6536684109374999 0.0469412703125
1 0.4163238609375 0 0.35 0.022274965625 0.35 0.7295656484374999 0.35051889531249997 0.7296871171875 0.3627839703125 0.7339416765625 0.36319565468750004 0.7139156265625 0.37527915625 0.71718444375 0.38995323437499996 0.7122561328125 0.400310521875 0.7150579765625 0.4138056234375 0.6948247453125 0.4271626609375 0.6871985890625 0.435747709375 0.693735815625 0.44147359062499997 0.680298790625 0.459646121875 0.67210206875 0.468141640625 0.6692488359375 0.481723759375 0.6762012421875 0.49471764531249995 0.6666035984375001 0.4828182328125 0.6465253468750001 0.49204005156249997 0.6476150890625 0.500579078125 0.6583546734375 0.5141151749999999 0.6695094390625 0.5272906374999999 0.6608975390625 0.5230684015625 0.6424278 0.5098494328125 0.6374468796875 0.5076705390624999 0.6256179578125 0.544020628125 0.5736341609375 0.5247076015625 0.6157091343750001 0.541061871875 0.6154501578125 0.557055509375 0.5954245140625 0.57132293125 0.574931896875 0.5621496500000001 0.5518446203125 0.567192740625 0.5480574390624999 0.575777790625 0.5545946671875 0.6028550125000001 0.541313840625 0.5965434125 0.520405640625 0.6019956750000001 0.5143875875 0.6115346203125 0.5216511734375 0.61403566875 0.5040635859375 0.6004075265625 0.5013135390625 0.598410209375 0.49047036093749996 0.6142222703125 0.4694589734375 0.635755184375 0.47060091875000004 0.6452966437500001 0.4600693265625 0.6401205140625 0.44087322812499996 0.646255565625 0.4252053296875 0.6586637359375 0.3812624609375 0.6514417515625001 0.37322072031250003 0.6625278484375 0.3621703578125 0.67206679375 0.3694339453125 0.690239325 0.3612372234375 0.6929219468750001 0.344635378125 0.68161328125 0.323312 0.6847946046875 0.31386974375 0.6957451499999999 0.29763127968749997 0.6957476640625 0.27983610312499996 0.6785775640624999 0.2667616484375 0.6691306640625 0.2510933453125 0.6706778171875 0.2327793984375 0.66059415 0.22255857968749998 0.6497381625 0.2125971484375 0.6512392953124999 0.1984855609375 0.6695933984375 0.19127458125000002 0.6681433171875 0.16559345625 0.6637855296875 0.14193561562499998 0.6505230531249999 0.12336187812499999 0.6491625 0.1070712125 0.6364882546875 0.10504752343749998 0.6337186156250001 0.09446373125 0.6167786265625 0.06037748281250001 0.6053344078125 0.0338660015625 0.5859854140625 0.008962625 0.586619578125 0 0.4163238609375 0
0 0.2740211796875 0.7993344953125 0.2613009109375 0.8015131640625001 0.25680254375 0.8082575734375 0.26202469375000004 0.8232513156250001 0.2692466796875 0.8312930546875 0.2776961765625 0.83264218125 0.28165233437500004 0.8051453625 0.2740211796875 0.7993344953125
0 0.1338220953125 0.8485140109374999 0.14086250312499998 0.8555700093749999 0.1471331078125 0.8450902140625001 0.148815815625 0.8319643687499999 0.15122481875 0.822781496875 0.14541192187500002 0.8090328859374999 0.1346454640625 0.8084619140625 0.1207437046875 0.813130840625 0.12651057968749999 0.8310818109374999 0.1338220953125 0.8485140109374999
0 0.5630051921874999 0.8962806078125001 0.5730428390625001 0.9107037828125 0.5839013390625001 0.9028700359374999 0.5983043140625 0.8875655234375 0.5793619781249999 0.8782264515625 0.5665956875 0.8846074796875 0.5630051921874999 0.8962806078125001
0 0.602858759375 0.8054380421875 0.606858425 0.79153404375 0.6000456125 0.78126143125 0.58732534375 0.7834401 0.5812823375 0.7907032796875 0.584005953125 0.8054894328125 0.59676973125 0.8169035812500001 0.602858759375 0.8054380421875
0 0.5804179734374999 0.7993673828125 0.572694771875 0.80196123125 0.5695134484375 0.8114034875 0.5817325015625 0.8198604062499999 0.5870031906250001 0.8128566109375001 0.5844151249999999 0.8032585609374999 0.5804179734374999 0.7993673828125
0 0.57187643125 0.8064229734375001 0.577556290625 0.7971883078124999 0.57592211875 0.7883166171875 0.5655188093750001 0.78971713125 0.5591126546874999 0.7950088234375 0.55802069375 0.8068895421875 0.5658794453125 0.8094837968749999 0.57187643125 0.8064229734375001
1 0.35 0.7796875 0.35 1 0.5783632437499999 1 0.5657622609375 0.9958402875000001 0.5650384765625001 0.9741021375000001 0.576441703125 0.9692256218749999 0.5788532203125 0.9422475718750001 0.5757664546875001 0.925489934375 0.559821353125 0.9235180406250001 0.557506909375 0.9065010171875001 0.55228475625 0.891507278125 0.5418814484375 0.8929077937500001 0.5382039375 0.8773952812499999 0.52375996875 0.8613118015625 0.5259873984375 0.8511431859374999 0.5262175078125 0.8301313953125 0.5239030625 0.8131143703125 0.5087763046875 0.806680734375 0.5033725796875 0.7907012515625 0.488291840625 0.78006525625 0.48779575 0.7796875 0.35 0.7796875