0 0.3426204265625 0.29357625781249996 0.337170146875 0.28522735312499997 0.3327557375 0.2798060828125 0.32518581874999997 0.293686621875 0.322471240625 0.3087473625 0.332351896875 0.3131559671875 0.3434703421875 0.303817265625 0.3426204265625 0.29357625781249996
0 0.3409046265625 0.28245581875000003 0.345998971875 0.29606989375000003 0.3581373140625 0.299020396875 0.3731442515625 0.298319934375 0.3673380390625 0.295236196875 0.38626540781249996 0.2844508265625 0.3747379734375 0.27930745625000003 0.3615637625 0.2734293171875 0.345690940625 0.273250346875 0.3409046265625 0.28245581875000003
0 0.2288186921875 0 0.2236708421875 0.006778378125 0.22738935312500003 0.0133684140625 0.23224469062500003 0.014548617187499998 0.2435011828125 0.025981257812500002 0.254077740625 0.0292210953125 0.259644946875 0.0198709578125 0.2641762859375 0.007593184375000001 0.2635461171875 0 0.2288186921875 0
1 0 0 0 0.56875 0.059452395312499996 0.56875 0.0653923015625 0.5549838890625 0.091023703125 0.5294385453125 0.0930794703125 0.5446553859375001 0.07415210156249999 0.5554407578125 0.0729100546875 0.56875 0.099175840625 0.56875 0.10450594375 0.5581362296875 0.12239744374999999 0.5444232265625 0.1117837984375 0.5120745734375001 0.11777596406249999 0.5078449375 0.13042425625 0.5169400453125 0.13309093125 0.5299640203125 0.1416647796875 0.537734259375 0.15660269375 0.526648121875 0.1496065984375 0.5092269765624999 0.150929378125 0.4965037703125 0.1469558921875 0.4868414328125 0.1539839234375 0.48553943281249995 0.162302796875 0.4902373703125 0.16788597031250002 0.471525659375 0.152895 0.4628645515625 0.1524700421875 0.45774404999999996 0.16618614062499998 0.4510436484375 0.1752328484375 0.4358496734375 0.1896448453125 0.42798050625000006 0.1958760171875 0.43618474531249996 0.2098470890625 0.4325566453125 0.21284857812500002 0.4018450609375 0.20967195468750002 0.382676484375 0.21632293281249998 0.34816926718749996 0.3059766921875 0.36795479375 0.264892275 0.35060970937499997 0.254772609375 0.33376723125 0.2598298671875 0.31827249062499996 0.2462306984375 0.3072738484375 0.21942538281249999 0.30912021093750003 0.22005226093750002 0.297565771875 0.2265703421875 0.29011916875 0.2383527515625 0.29833484375 0.2576200859375 0.291645875 0.25790699687499996 0.275995034375 0.2767493734375 0.26418556249999997 0.268021509375 0.24500555 0.2531845546875 0.24775421718750001 0.253742409375 0.22581410468750002 0.24367580000000003 0.228718871875 0.23493196875 0.21890042968749998 0.2444036375 0.20882696093750003 0.237492534375 0.1924299171875 0.23005551249999998 0.179249840625 0.2290356140625 0.1669606328125 0.23805038750000002 0.1704898046875 0.2492538234375 0.1621752015625 0.24313958125 0.13627191875 0.24621009531250002 0.11594600937499999 0.22442495 0.073188815625 0.220908359375 0.049923834375 0.21348730625 0.027382185937499998 0.20253351875 0 0 0
0 0.45 0.3909240859375 0.44584656875000006 0.39091553125 0.4206030375 0.3924725609375 0.4215219765625 0.4130992375 0.4409433265625 0.4178200453125 0.45 0.407112625 0.45 0.3909240859375
0 1 0.177089634375 0.9929196812499999 0.181325265625 0.9917822171874999 0.1900994265625 0.9962569265625 0.19905723749999998 1 0.2007273390625 1 0.177089634375
1 0.45 0 0.45 0.56875 0.897262984375 0.56875 0.9042611859375 0.5292773265624999 0.910110909375 0.5098433953125 0.90761115625 0.4797227890625 0.9145795578125 0.462528309375 0.9283351671875 0.4147160890625 0.9438718093750001 0.39960431875 0.9491591640625 0.35091421562499997 0.9655333015625001 0.3234138078125 0.9682269734375 0.2996711703125 0.971120628125 0.278338178125 0.9714769562499999 0.24891180937500001 0.9675773421875 0.2019236640625 0.9738458109374999 0.1762954140625 0.9824328390625 0.1673645125 0.977058221875 0.1475632828125 0.9691274921874999 0.130682290625 0.9886388921875 0.1185042109375 0.9854016375000001 0.10197706250000001 0.9667465140625 0.0907528953125 0.9625905625 0.0743959453125 0.966184146875 0.06149672187500001 0.9775272656249999 0.05205523125 0.999857175 0.0625986125 1 0.062518696875 1 0.008434709375 0.986989359375 0.0087084625 0.9603471484374999 0.013644146874999999 0.954853753125 0.0036517078124999997 0.9529029703125002 0 0.45 0
1 0 1 0.45 1 0.45 0.56875 0 0.56875 0 1
0 0.623214853125 0.9564046703125 0.6285270859375001 0.94398223125 0.6260303921875 0.93300645625 0.6202241796875001 0.9299227218749999 0.6110234546875 0.9337069218749999 0.6080698671875 0.9363337890625001 0.607697965625 0.95096053125 0.6162718140625 0.9587307703124999 0.623214853125 0.9564046703125
0 0.6785629171875 0.8494453203125 0.6875936609375 0.8436129171875001 0.6870146874999999 0.8270826421875 0.683992078125 0.8193238375 0.66837423125 0.8222171703125 0.6615852062500001 0.8359530421875 0.669973103125 0.8510366515625 0.6785629171875 0.8494453203125
0 0.8293235671874999 0.640582496875 0.8397991656249999 0.6521598046875 0.8498657749999999 0.6492550390625 0.8532762546875 0.6330255296875 0.843140621875 0.6255446250000001 0.8383012531249999 0.61500285 0.831512228125 0.6287387234375 0.8293235671874999 0.640582496875
0 0.8075966265625001 0.66540450625 0.79649415 0.6653816375 0.7904010265625001 0.67794874375 0.8005366593750001 0.68542965 0.8124730828125 0.705055096875 0.8132859124999999 0.6861872859375 0.80688475625 0.6759348453125 0.8075966265625001 0.66540450625
1 0.45 0.56875 0.45 0.9808915984375 0.4585475234375 0.9785918546874999 0.4882214328125 0.9730945234374999 0.5102723703125001 0.9617304859375 0.528588828125 0.9531379859375001 0.5518456171875 0.9467497843749999 0.5628631015625001 0.9457485531250001 0.5815566140625 0.9703612703125 0.5694661765625 0.9393260515625 0.5663745437500001 0.9211815734375 0.5803296453125 0.9269150453125 0.5747253515625 0.9071563671874999 0.591634040625 0.910262971875 0.5948585703125 0.9013468328125 0.6056210796875 0.8972733015625 0.6134140359375 0.9051882062499998 0.6306096375 0.8926439687500001 0.634291059375 0.870125190625 0.6279748984375 0.8608968499999999 0.6135948359375 0.8500428750000001 0.6251542062500001 0.8364631031249999 0.6443525171875 0.8193884640625001 0.6684911578125 0.8045181265625001 0.6908501250000001 0.8159736359374999 0.70568708125 0.813224971875 0.7131241015625001 0.8264050453125 0.730558709375 0.8262946828125 0.7708941687499999 0.8250612875 0.7333582796875 0.81225804375 0.7184842375 0.785897890625 0.72335554375 0.7777165203124999 0.719212075 0.7660059796875001 0.6960243109375 0.7827798515625 0.6953603453125 0.7652254765625 0.703557140625 0.739790496875 0.71575935625 0.7052947125 0.7146864015625 0.6732582609375 0.7160091796875 0.660535053125 0.7125616125 0.647655746875 0.7275685515625 0.6469552828125 0.7495025609375 0.653290290625 0.7571574703125 0.64043385 0.7464268953125 0.625784240625 0.743675228125 0.611736165625 0.7606848765625001 0.6065052984375 0.7574232609375 0.586312621875 0.7423897046875 0.56875 0.45 0.56875