0 0.538935696875 0.48104647656250005 0.545404421875 0.5038939609375 0.5558890703125 0.509754396875 0.5699988609375 0.512833178125 0.5716885890625 0.49718250781249995 0.550719290625 0.4854616359375 0.538935696875 0.48104647656250005
0 0.5796875 0.30897414375 0.5715561765625 0.30641934531250004 0.5619796953125 0.313319028125 0.558778865625 0.3256435453125 0.5752911609375 0.3329344734375 0.5796875 0.33181190312500003 0.5796875 0.30897414375
0 0.468170496875 0.21551875156250003 0.4616757625 0.22274513593749998 0.46991052499999997 0.23549046875 0.48087902656250003 0.24456815937499998 0.4872546765625 0.24999299375 0.5065602546875 0.24729067031250002 0.510321246875 0.24373192812500002 0.5181149296875 0.2350602671875 0.508173675 0.2260914765625 0.49625423125 0.22245340625 0.49255278125 0.21968653906250002 0.47549709062499995 0.2155039671875 0.468170496875 0.21551875156250003
0 0.44505190937499994 0.2819275546875 0.434703109375 0.2752900296875 0.4209413234375 0.2762055921875 0.4156859953125 0.28831230625000004 0.41822434687500004 0.2917473625 0.423844446875 0.2955091203125 0.43692698906249994 0.29847900156249996 0.44485651875 0.2890302515625 0.44505190937499994 0.2819275546875
0 0.415918890625 0 0.415088215625 0.0104358953125 0.425980409375 0.013965065625 0.43514934531250005 0.0093966484375 0.44193535625 0 0.415918890625 0
0 0.1493030125 0.41757914218750003 0.137867421875 0.41715832500000005 0.12891064375 0.426498175 0.1287915609375 0.43914939375 0.1412544 0.439679109375 0.1491243890625 0.43655596875 0.156782221875 0.42866139687500004 0.1493030125 0.41757914218750003
0 0.01968174375 0.46478251562499995 0.0396833328125 0.47006887812500003 0.04604221875 0.46361958437500006 0.053564201562500004 0.45650209999999997 0.05067784374999999 0.44907270156249995 0.041975996875 0.4449842421875 0.030540406250000002 0.44456342812500005 0.0217194765625 0.4531261875 0.01968174375 0.46478251562499995
0 0.0291743953125 0.3985121859375 0.0461705453125 0.4090203671875 0.053556678125 0.40267997343750006 0.053964225 0.4003487078125 0.055518103124999996 0.3854751234375 0.0435223515625 0.37628853125 0.028189918749999997 0.380203546875 0.0240213828125 0.3860935546875 0.0291743953125 0.3985121859375
1 0 0 0 0.3063072703125 0.0053539921875 0.3073400484375 0.0364599328125 0.3209270125 0.0577009265625 0.33109370781249997 0.0717344109375 0.3286239703125 0.088697028125 0.31538389375000003 0.1020940421875 0.298599859375 0.12760589218750001 0.2783512 0.1354591140625 0.263353928125 0.1644937890625 0.26484896406249997 0.1804291578125 0.2514999859375 0.21336067343749998 0.24865919062500003 0.2366394 0.2471695546875 0.256080828125 0.24369014218750001 0.2825939171875 0.2536242515625 0.2994374515625 0.25303539062499997 0.298317128125 0.235503840625 0.28475073281249996 0.229316703125 0.283163321875 0.2204420265625 0.31218123124999997 0.21006293281250002 0.3255354703125 0.2114786375 0.33881340312499997 0.207345821875 0.36257598281250003 0.2090734421875 0.36953780625 0.193190184375 0.366710990625 0.17943517656250002 0.3467857078125 0.179697334375 0.359155475 0.1628044015625 0.35051316718750003 0.1523903328125 0.353849846875 0.13928872812499998 0.36617683749999996 0.14059553281249998 0.370965078125 0.1371456921875 0.388895403125 0.1303401234375 0.391536071875 0.10924983125000001 0.3947369015625 0.0969253140625 0.396214471875 0.0765032109375 0.39488199375 0.054200226562499995 0.3974631203125 0.0394355453125 0.4030664546875 0.031323171875 0.3965381875 0.0148012953125 0.399125715625 0 0 0
0 0.3053460140625 0.2671171 0.29419888906249997 0.2770162359375 0.29489489999999996 0.285004925 0.3011347015625 0.291206846875 0.312918296875 0.29562200625 0.325848225 0.287494846875 0.3273425625 0.2789468734375 0.32102645 0.2671964296875 0.3053460140625 0.2671171
0 1 0.42121760625000004 0.9864047546875 0.41491207656249995 0.97119140625 0.4061758734375 0.9518858281250001 0.40887819687500004 0.954092940625 0.4201930375 0.9617675390624999 0.4241725953125 0.97204003125 0.42526159999999996 0.9858781249999999 0.429894559375 0.9986889703124999 0.43441861875 1 0.4339744625 1 0.42121760625000004
0 0.913002971875 0.415837021875 0.9106600109375 0.40529926875 0.8953871203125001 0.402888675 0.884630775 0.398582415625 0.867243846875 0.4022796296875 0.8665646015625 0.406165071875 0.8809628546875 0.41956380781249997 0.8880940593750001 0.42665171874999996 0.9004805921875001 0.42163291562499994 0.913002971875 0.415837021875
0 0.8180717312500001 0.39627532187500003 0.8123325484375 0.405164784375 0.8157027593749999 0.41581143750000005 0.8258394031249999 0.41767752968750005 0.8315190453125 0.4151136765625 0.8367148328124999 0.40933256875 0.8307467265625 0.4015764703125 0.8180717312500001 0.39627532187500003
0 0.774843434375 0.33233085625 0.7536192046875 0.3340382921875 0.7519890203124999 0.3433633546875 0.7537122796875 0.3514609421875 0.7682296171875 0.3522084578125 0.77493650625 0.34975350625 0.7837574390625 0.341190746875 0.774843434375 0.33233085625
0 0.8310814046875 0.2021564328125 0.8243149734375 0.21093699375 0.8273371796875001 0.2175893046875 0.8389849265624999 0.222781553125 0.8442570203124999 0.222548965625 0.85602385 0.2150899953125 0.8518980875000001 0.2027802640625 0.8427886921875001 0.201023071875 0.8310814046875 0.2021564328125
0 0.647140815625 0.38052912031249997 0.636868321875 0.37944011718750004 0.6292104890625 0.3873346890625 0.6314771453125 0.392323921875 0.6374452500000001 0.4000800203125 0.6426578046875 0.40617304374999996 0.651011646875 0.4062671578125 0.6607239781249999 0.3985903875 0.658245165625 0.388829721875 0.647140815625 0.38052912031249997
0 0.5796875 0.43523250156250004 0.5879921968749999 0.4375778890625 0.5929162859375 0.43335095937499996 0.5980357656249999 0.42202133125 0.5965246640624999 0.41869517500000003 0.5853607703125 0.4167201828125 0.5796875 0.41789164999999995 0.5796875 0.43523250156250004
1 0.5796875 0 0.5796875 0.40344580468749996 0.5887569921875 0.39729296875000003 0.59699175 0.41003829999999997 0.6043518765625 0.433771775 0.6314586609375 0.4762199171875 0.6376481625 0.44679945156249995 0.6320708390625 0.42483795625000004 0.622460825 0.407989378125 0.6105841562500001 0.38615157031249997 0.6083770421875 0.374836728125 0.6293128078125 0.36280934062500003 0.6392968359375 0.35357839375 0.6470905171875 0.34490673125 0.6553252765625001 0.357652065625 0.6727885125 0.3595033703125 0.6899800515625 0.3629088546875 0.7040730765625 0.3541135078125 0.712410153125 0.34233349375 0.7006861 0.3315927265625 0.6943104484375 0.32616789062499996 0.7037510796875 0.3200452984375 0.7114089124999999 0.312150725 0.7153652953125 0.3014892859375 0.749069128125 0.312185696875 0.7254851734375001 0.2914812484375 0.7440947421875 0.2807902390625 0.7596225609375 0.269772525 0.7759059359375 0.2604178921875 0.781356653125 0.2412084765625 0.7851604203125 0.21944999687500003 0.7880132453125 0.2031311359375 0.801622415625 0.1911185359375 0.7952299984375 0.173819571875 0.79624048125 0.16205434218749998 0.8074639156250001 0.15770372500000002 0.798261446875 0.13852388437500002 0.795375090625 0.131094484375 0.8167184015625001 0.11673583125 0.8127117187499999 0.0917748828125 0.8324248453124999 0.0867412921875 0.8596004140625 0.080915828125 0.8193850796875001 0.065571671875 0.7954103421875001 0.05907261875000001 0.7884149875 0.051207618749999996 0.78483261875 0.035789532812500004 0.7904191875000001 0.01580303125 0.7802088484375 0 0.5796875 0
0 0.5796875 0.7676776546874999 0.5609076828124999 0.7503696484375 0.5564506812500001 0.745939703125 0.545906490625 0.746404875 0.544412153125 0.75495285 0.5530544609375 0.7653669171875 0.5677244140625 0.777211475 0.5796875 0.784924353125 0.5796875 0.7676776546874999
0 0.536592465625 0.793698378125 0.5343425765625 0.8005832765625 0.5385278796875 0.806567396875 0.5534527640625 0.8049836484374999 0.5592682546875001 0.8016427078125 0.556305590625 0.7886647890624999 0.5452775453125 0.7859127078125001 0.536592465625 0.793698378125
0 0.43401091562499994 0.8358533781249999 0.420384978125 0.8359918499999999 0.41478164375000004 0.8441042234375 0.4138307015625 0.8495438421875001 0.42171745781250003 0.8582948312500001 0.4319899484375 0.8593838359374999 0.44375677812500003 0.8519248656249999 0.44449556250000005 0.8417138125000001 0.43401091562499994 0.8358533781249999
0 0.398276871875 0.890635421875 0.3911624359375 0.895421640625 0.4003481375 0.902727353125 0.4064520921875 0.9097063656250001 0.41788768125000003 0.9101271796875 0.420001721875 0.904019371875 0.4177350671875 0.899030140625 0.4077938125 0.8900613484375001 0.398276871875 0.890635421875
0 0.4067665640625 0.8899524484375 0.4171749046875 0.8902643640625 0.4173107515625 0.8894872750000001 0.41339714687500007 0.8819489749999999 0.40541731875 0.8557753359374999 0.4003406140625 0.848905225 0.38904087187499997 0.847707321875 0.37527908593750003 0.8486228812500001 0.3709151578125 0.8616155875 0.3759918640625 0.8684856984374999 0.38517756406250003 0.8757914109375001 0.3955263640625 0.8824289359374999 0.4067665640625 0.8899524484375
0 0.41039923125 0.9409929234375 0.4105518453125 0.9520899640625 0.42206374375 0.9580593000000001 0.43535844062500006 0.9658006140625 0.44328797187499996 0.9563518656250001 0.436428465625 0.9477097765625 0.4221065171875 0.9398595625 0.41039923125 0.9409929234375
0 0.3527299015625 0.8818494625 0.3651332 0.8887047859375 0.3734870421875 0.8887989015625 0.38244382187500003 0.879459053125 0.3791499171875 0.8743609187500001 0.3694208203125 0.8701635624999999 0.35990388125 0.8707376359375001 0.3527299015625 0.8818494625
0 0.2077166609375 0.9392934593750001 0.216494815625 0.9489304375 0.226767309375 0.9500194421874999 0.2356645453125 0.9470052031249999 0.2330498859375 0.9380216265625 0.22310863281249999 0.9290528359374999 0.210374096875 0.9300772984375 0.2077166609375 0.9392934593750001
0 0.23253249999999998 0.9110561125000001 0.2247983609375 0.9134021640625001 0.218439475 0.919851459375 0.21830362656250002 0.9206285484375 0.22413588281250002 0.9291617359375 0.238805834375 0.9410062953124999 0.24605612031250002 0.9354429890624999 0.24495256406250002 0.9297855671875 0.244528253125 0.920242703125 0.23253249999999998 0.9110561125000001
0 0.03626835625 0.8965817453125 0.02968055 0.886385478125 0.014483968750000001 0.8895234046875 0.0065544390625 0.8989721546875 0.007598453125 0.9109551843749999 0.0159522953125 0.9110492984375 0.034230625 0.9082380734375001 0.03626835625 0.8965817453125
1 0.5796875 0.56875 0 0.56875 0 0.8587027984375 0.0061561343749999995 0.8593554203125 0.010417746875 0.8708880640625001 0.032473834374999996 0.8763922265625 0.0632913109375 0.8796592390625 0.08528785625 0.8914890109375 0.0981582421875 0.8896874625000001 0.09854902343750001 0.8754820671875001 0.109712915625 0.877457059375 0.1189153828125 0.8966369015625 0.14748297187499998 0.9067888109375 0.15795085312499998 0.90077511875 0.171245553125 0.9085164328124999 0.17837675625 0.9156043437499999 0.203302434375 0.916663775 0.20595986875 0.9074476140625001 0.2147808 0.898884853125 0.234646540625 0.9049483046875 0.23641257656249998 0.8948461515625 0.232558509375 0.8809822453124999 0.24665153437499998 0.872186896875 0.25816343124999996 0.878156234375 0.26570218125 0.8829128796875001 0.2754145125 0.8752361093750001 0.291578803125 0.8785326937499999 0.31683571875 0.8717123390625 0.33771194375 0.866010559375 0.353316071875 0.8605413687500001 0.36364810468750003 0.8553047625 0.3660338421875 0.8476427781249999 0.3795834734375 0.8419557859375001 0.39772595312500003 0.8399216484375 0.395985928125 0.8199499328125001 0.405486103125 0.8075017296875 0.4217099328125 0.8044727046875 0.4180680234375 0.7953802281250001 0.43450401093749996 0.7971226343750001 0.4415756734375 0.8105361562500001 0.44952196874999995 0.8129615359375 0.4645231609375 0.8169263062500001 0.47628999062500005 0.8094673374999999 0.49278552031249995 0.8048841343750001 0.49344799687499996 0.7891245625 0.48022960625 0.78693176875 0.476044303125 0.780947646875 0.48021284062499997 0.7750576390624999 0.49143627343749996 0.7707070234375 0.49539265625000006 0.7600455828125 0.5062085421875 0.7580262328125 0.5219652859374999 0.76365408125 0.5033817265625 0.744271225 0.5252088921875 0.7331298265624999 0.537731271875 0.727333934375 0.5529278546875 0.7241960078125 0.5578351796875001 0.7080949484375 0.55904105 0.6892270218750001 0.564839775 0.67401195 0.5742041 0.6623408375000001 0.5796875 0.6508383640625001 0.5796875 0.6326629609375 0.5746971984375 0.6236100921875 0.5782460328125001 0.6152799203125 0.5796875 0.6150781484375 0.5796875 0.56875
0 0.9830573359375 0.7355279890624999 0.9762741359374999 0.7324344203125 0.9673769 0.7354486609374999 0.9653391671874999 0.7471049890625 0.9773349187499999 0.75629158125 0.9860199999999999 0.7485059078124999 0.9830573359375 0.7355279890624999
0 0.8825990671875001 0.7296271812499999 0.8972522546875 0.7295976093750001 0.9108018843749999 0.7239106171875 0.9163456765625 0.722123853125 0.9115406687500001 0.713699565625 0.8972950296875 0.711397871875 0.892490021875 0.702973584375 0.8839407890625001 0.7099821671875001 0.8849084968750001 0.7164166765625 0.8825990671875001 0.7296271812499999
0 0.7789659796875 0.705977021875 0.77171569375 0.7115403296875 0.7788468953125001 0.718628240625 0.7926086828125 0.71771268125 0.8035604203125001 0.7149162421875 0.7934833171875 0.7067245390625 0.7789659796875 0.705977021875
0 0.6984850109374999 0.6396663218749999 0.698773475 0.6499862734375 0.7063122265625 0.65474291875 0.7207532546875 0.6499419171875 0.7247691796875 0.6329548671875 0.712849734375 0.629316796875 0.6984850109374999 0.6396663218749999
0 0.5938061890624999 0.6998032578125 0.59977429375 0.7075593578125 0.6134765375 0.71296940625 0.6161339734375 0.7037532437499999 0.6240039625 0.7006301031250001 0.6190631046874999 0.692982903125 0.6137147046875 0.68766696875 0.6013877140625 0.686360165625 0.5933818765625001 0.69026039375 0.5938061890624999 0.6998032578125