0 0.314005584375 0 0.3174477046875 0.0045080578125 0.324405165625 0.009364734375 0.331398984375 0.012141365625 0.33617666874999996 0.0074056296875 0.33587995937500004 0 0.314005584375 0
0 0.5052094296874999 0.0512415921875 0.5170172921875 0.0472024375 0.5195970203125 0.0339143203125 0.51747178125 0.0212018390625 0.5120765828125 0.01649995625 0.5041743750000001 0.0209260984375 0.5007953374999999 0.03517684375 0.5052094296874999 0.0512415921875
0 0.42705937812499994 0.090380284375 0.4161053640625 0.0903367375 0.41112770468750004 0.10651273593749999 0.41490610156249996 0.11417989218749999 0.4257692171875 0.1194235578125 0.43447073593749996 0.114034790625 0.432436396875 0.0961221890625 0.42705937812499994 0.090380284375
0 0.41261665625 0.15562605625 0.41437889375000003 0.144340590625 0.4152872828125 0.13713781875 0.40998298125000004 0.12723581718750002 0.40298916093750003 0.1244591890625 0.39112675937499997 0.1316184125 0.3916897359375 0.1441761 0.3954681328125 0.15184325781250002 0.4055864765625 0.154929478125 0.41261665625 0.15562605625
0 0.0554386265625 0.22129236406250002 0.06477583906249999 0.22430118437500002 0.0742221296875 0.2210698640625 0.069844396875 0.20292506875 0.0565833484375 0.20056928125 0.046410465625 0.20060313281250003 0.039997801562500004 0.209344165625 0.0444846125 0.22124881875 0.0554386265625 0.22129236406250002
0 0.12383155937500001 0.33746069375 0.08642816875 0.3285454765625 0.082377078125 0.3364786796875 0.10719147343749999 0.3493556515625 0.1218329875 0.36226647500000003 0.12906314218749998 0.35152279062499997 0.12383155937500001 0.33746069375
0 0.1231049671875 0.3342632234375 0.132187665625 0.3518323828125 0.1448857375 0.34163048281249997 0.1458668453125 0.3302676171875 0.136493271875 0.32933884375 0.1231049671875 0.3342632234375
0 0.15247889375 0.35488474999999997 0.1490998546875 0.36913549687499997 0.16621201875 0.37499834375 0.17031765000000001 0.3639450703125 0.16343290625 0.354928296875 0.15247889375 0.35488474999999997
1 0.5296875 0.46875 0.5296875 0.1131537578125 0.529169384375 0.11299969218749999 0.5173615218750001 0.11703884375 0.493164640625 0.1135994859375 0.49029462968750004 0.098729559375 0.4730733890625 0.099106853125 0.470366403125 0.1196751421875 0.4644082296875 0.1024155734375 0.443154075 0.10968604687500001 0.44288138125 0.1252864078125 0.4503472796875 0.14582084374999998 0.4273854265625 0.1612567125 0.4156139234375 0.16321581875 0.41664956875000003 0.14873287968749999 0.41699498124999995 0.128972421875 0.3943967203125 0.1236078125 0.3938149734375 0.15688858125 0.384241425 0.16740007343750002 0.385494634375 0.1852352765625 0.374395184375 0.193511921875 0.358245946875 0.17732623125 0.353014365625 0.16326413281250002 0.33110633749999996 0.163177040625 0.3392442890625 0.19002901875 0.338880696875 0.2108294984375 0.3250203140625 0.1979960734375 0.31542858749999997 0.2095475875 0.33079669375 0.22565587968749998 0.3118132140625 0.23731864374999997 0.3022942046875 0.2447100625 0.2889240796875 0.24859442031249998 0.2811854875 0.2436603453125 0.2677062859375 0.25378484375 0.2760442125 0.2691965578125 0.270430859375 0.2769749640625 0.24763203125 0.32784905000000003 0.23050168750000002 0.323026225 0.209520228125 0.3146963390625 0.2000193984375 0.321047734375 0.2362417078125 0.35276608125000003 0.2329172078125 0.363896753125 0.21963798125 0.36258099062500004 0.2154050921875 0.3809144328125 0.20118111875000003 0.3888814890625 0.197747540625 0.40625230625000003 0.2146233703125 0.4256354671875 0.2260312828125 0.44447684374999996 0.21722068593750002 0.45610575468750003 0.2210923703125 0.46875 0.5296875 0.46875
0 0.6233303875 0.092223315625 0.6160855046875 0.085377075 0.6115975546875 0.07880400625 0.6014888015625 0.0778023875 0.595889384375 0.08215027968750001 0.592790246875 0.10145403281250001 0.6026423484375 0.11713834375000001 0.6163842374999999 0.1209513046875 0.6200601484375 0.12131553125000001 0.6257878921875 0.1096262921875 0.6233303875 0.092223315625
0 0.84473914375 0.1705425921875 0.8445038796875 0.18400172812499999 0.8581602187499999 0.19270891875 0.86918795 0.19380159375 0.8703849671875 0.1779864015625 0.8640590625 0.1712312171875 0.855852428125 0.16674103906249998 0.8512147640624999 0.16873287343750001 0.84473914375 0.1705425921875
0 0.5465633234375 0.11280746875 0.54096390625 0.11715536093750001 0.5408355796875 0.1244967078125 0.549768703125 0.1400899625 0.5616726375 0.1437208109375 0.5627627171875 0.134023403125 0.5530175546875 0.1122213046875 0.5465633234375 0.11280746875
1 0.5296875 0.46875 1 0.46875 1 0.3651637296875 0.9861099031249999 0.35124227812500003 0.9715987500000001 0.3387733578125 0.9589897171875 0.322815878125 0.9335577703125001 0.3031364921875 0.90692880625 0.299272303125 0.900774003125 0.2827286578125 0.8835914671874999 0.2650923390625 0.8650622 0.271836115625 0.8616001671875001 0.259236315625 0.8545691625 0.2401545 0.8471317890625001 0.2443202796875 0.8333471250000001 0.242954434375 0.8158223859374999 0.2448950390625 0.7994518906250001 0.2334675640625 0.78370094375 0.239260953125 0.7581620593749999 0.22569935624999998 0.7387138140625 0.2323520796875 0.7388849171875 0.22256361562500002 0.7298876296875 0.2106410359375 0.71924418125 0.24022835781250002 0.715012884375 0.2189725953125 0.69665471875 0.21592791249999999 0.6841305390625 0.2477802375 0.6683795921875 0.25357362656250004 0.6556422328125 0.24495749218750001 0.6425840562499999 0.25469472187500003 0.6447000515625 0.23897058593749998 0.6487823296874999 0.2160872140625 0.624781971875 0.219837540625 0.616361459375 0.22758293749999997 0.6105695515625 0.24294284687499998 0.5991568390625 0.2638742125 0.5927026078125001 0.2644603734375 0.572442325 0.2649042515625 0.5629958953124999 0.2786763796875 0.5598967578125 0.2979801328125 0.559511778125 0.320004171875 0.56643584375 0.3452037765625 0.5516680390625 0.34741754999999996 0.54576919375 0.36889525 0.5370064765625 0.39621756874999997 0.531407059375 0.4005654609375 0.5296875 0.4052985578125 0.5296875 0.46875
0 0.9634997500000001 0.275461353125 0.97076601875 0.28108403437499996 0.9836317062500001 0.28235882343749996 0.9884618609375 0.2693549703125 0.991518221875 0.25249833125 0.9770498453125 0.23758229531250002 0.9723694046875 0.24202124687499998 0.9658510093749999 0.24627808281250002 0.96023020625 0.2518495328125 0.9599307781250002 0.268979340625 0.9634997500000001 0.275461353125
0 0.413416934375 0.495945575 0.4242255109375 0.5043093140625 0.43376270000000006 0.495877871875 0.4301297375 0.479890521875 0.420792525 0.4768817 0.41363508906249996 0.4834652859375 0.413416934375 0.495945575
0 0.47225509062500004 0.576786940625 0.4806293765625 0.5901186046875 0.486878425 0.5907377875 0.492437240625 0.586079453125 0.494199478125 0.5747939843750001 0.48582519218750003 0.5614623203125 0.4771600328125 0.5647710390625 0.47225509062500004 0.576786940625
0 0.407420034375 0.65995978125 0.40583959218750004 0.6608450078125 0.40473122968749997 0.6794880421875 0.41633911718750005 0.6868891546875 0.42493155781249997 0.68774053125 0.43227079062499996 0.6707567046875 0.41848312656250003 0.6537631828125 0.407420034375 0.65995978125
0 0.38371281874999996 0.7180366359375 0.40578446250000005 0.7087635125 0.4068928265625 0.6901204765625 0.3673278390625 0.6705728265625 0.325328559375 0.6559931015625 0.36912584375 0.702005740625 0.38371281874999996 0.7180366359375
0 0.36898040781249997 0.7103259312500001 0.3664006796875 0.7236140515624999 0.368616815625 0.7311264140625 0.3787169796875 0.735252659375 0.3850205671875 0.73275176875 0.386728265625 0.724586371875 0.382186915625 0.7158017937500001 0.3767735375 0.7121399359374999 0.36898040781249997 0.7103259312500001
0 0.266780684375 0.6033097828125 0.2699779265625 0.599459278125 0.271794703125 0.5850537375 0.25933296562499997 0.5817353234375 0.2481789765625 0.5931320421875 0.25203009375 0.596639103125 0.266780684375 0.6033097828125
0 0.2318631671875 0.8102987234375 0.2231616484375 0.8156874890625 0.2252505265625 0.83048001875 0.23455138125000002 0.8355688906250001 0.24704947656249998 0.83680725625 0.2496292046875 0.8235191374999999 0.23972901562499999 0.807952628125 0.2318631671875 0.8102987234375
0 0.28752344375 0.80435370625 0.28161980781249996 0.7839740671875 0.2777686921875 0.7804670046875 0.2678866828125 0.7638604734375 0.25055636406250004 0.7704779125 0.2651796984375 0.784428759375 0.2719008234375 0.8028057499999999 0.28194645 0.810052065625 0.28752344375 0.80435370625
1 0.5296875 1 0.5296875 0.613341621875 0.51944959375 0.6075088109375 0.5269336703125 0.627003221875 0.5042626921875 0.6257987093749999 0.5018465796875 0.6297266109375 0.48527921249999995 0.637461471875 0.484770775 0.6217837140625 0.4730538109375 0.6206227453125 0.46344390312500006 0.6332142828125 0.46929299999999996 0.6567139953125001 0.4698559765625 0.6692716828125 0.4673307875 0.679439728125 0.475650534375 0.6958914640625 0.46562308906250005 0.6876051249999999 0.4539061234375 0.6864441578125 0.43882830000000006 0.698493909375 0.42702043749999996 0.7025330625 0.411270559375 0.7082652734374999 0.40091588125 0.7186993656249999 0.3905066640625 0.7322535296874999 0.37838974687500004 0.753973090625 0.36698124375 0.7799301453125 0.36234840468749996 0.8211441171875 0.358987546875 0.8343548375000001 0.3681066046875 0.8498439484375 0.3672163953125 0.85600669375 0.3572071296875 0.8466803296875 0.34394608125000004 0.8443245421875 0.3315388828125 0.83788605625 0.3175330640625 0.8333728234375 0.314898796875 0.8497810140625 0.33193824375 0.859803959375 0.3364068734375 0.8727486343749999 0.32705148125 0.8707798359375001 0.310665909375 0.8681144578125 0.3072505125 0.88444525 0.3047253234375 0.894613296875 0.3255431671875 0.9123034000000001 0.3253068328125 0.9258237125000001 0.3211284828125 0.941037084375 0.347087603125 0.9331909718750001 0.34857714687499997 0.9375058640624999 0.342200840625 0.9441668499999999 0.33666020625000004 0.947785159375 0.34254566249999996 0.9692048249999999 0.3383673125 0.9844181953125 0.331300775 0.9858016625000001 0.3240706203125 0.9965453453125 0.32498210156249996 1 0.5296875 1
0 0.620820525 0.48240103437500004 0.6151530921874999 0.484339971875 0.617746859375 0.49709961874999997 0.6279480875 0.504361725 0.63841111875 0.4966466328125 0.6404820453125 0.485599428125 0.6293871624999999 0.47574823593750004 0.620820525 0.48240103437500004
0 0.6491222859375 0.46875 0.65192606875 0.47548095 0.65916264375 0.49120116718749995 0.6693203109375 0.50095949375 0.6767968703125 0.50295055 0.6817015515625 0.49093388281249994 0.6753368140625 0.47905088281249997 0.6670537953125 0.469478303125 0.6664527078125 0.46875 0.6491222859375 0.46875
0 0.7547056375000001 0.46875 0.7543537812500001 0.4706268203125 0.7598903859374999 0.4761764171875 0.765536075 0.47548554843749996 0.7676084234375 0.46875 0.7547056375000001 0.46875
0 0.5721446078125 0.5813499671875 0.5591532609375001 0.5725611125000001 0.5477529421875 0.58018338125 0.5455511140625 0.5987191843749999 0.5669344921875 0.6108400515625 0.56787178125 0.610932921875 0.5746947421875 0.59660583125 0.5721446078125 0.5813499671875
0 0.5296875 0.6116395406249999 0.534760759375 0.6251558609375 0.540210096875 0.6356979125000001 0.553288640625 0.6394943328125 0.5582151375000001 0.6262295765625 0.5537686109375 0.6120360546875 0.5463574999999999 0.6063007015624999 0.538030846875 0.5992243390625 0.5296875 0.603275978125 0.5296875 0.6116395406249999
1 0.5296875 1 1 1 1 0.6051079390625 0.9998818359375001 0.6049780640625 0.9860186515624999 0.5923520375 0.9750328515625 0.5762603328125 0.960188671875 0.5660376921875 0.9453444937499998 0.555815003125 0.9303695578125 0.5530809296875 0.9126479921874999 0.5463239703125 0.8997658 0.5312946046875 0.905455121875 0.5281075453125 0.9047359296874999 0.5155336375 0.89745565 0.502309628125 0.8862080484374999 0.5011951671875 0.8783823484375001 0.5191737328125 0.86724383125 0.5118187562500001 0.8674401828124999 0.5005858609375 0.8581107921875001 0.4971609234375 0.8457294812499999 0.507186484375 0.829948084375 0.49687098125 0.8282044109375001 0.48919659062500004 0.8152348078125 0.4791596703125 0.8046627640625001 0.4931153046875 0.8137739875 0.5090212703125 0.8015672109375 0.5090620171875 0.7915186265624999 0.49306322187499996 0.7764564234375 0.4953215765625 0.7587784921875 0.486068353125 0.747050921875 0.5124121671874999 0.7330350171875001 0.5085228703125 0.7084688171875 0.5173411453125001 0.6905727890625 0.5205690078125 0.675292346875 0.5353083875 0.6571999671875 0.5497691453125 0.644099534375 0.547220853125 0.638192115625 0.5628889515625 0.6270099640625 0.5580301875 0.6225416218750001 0.5450847999999999 0.611250315625 0.5464664984375001 0.5961880390625 0.5487248953125 0.597604534375 0.575120784375 0.6142141343749999 0.591769721875 0.6156742625 0.6156694 0.6006337328125 0.61667965625 0.5967100453125 0.6262929875000001 0.5873588390625 0.6241161828124999 0.5664327046875 0.6395464546875 0.5482748749999999 0.657751515625 0.530204384375 0.6709641968750001 0.5296875 0.672278921875 0.5296875 1