1 0 0 0 0.34486970625 0.0018393265624999998 0.34582061406250003 0.014760106249999998 0.354326134375 0.034969853125 0.3562981125 0.048589759375 0.3753365171875 0.0421604453125 0.3785328 0.034871478125 0.385066340625 0.0382428046875 0.407934578125 0.054729090625 0.4073295578125 0.0594727390625 0.3926991578125 0.0666348265625 0.3819271203125 0.0794623734375 0.368085509375 0.091238659375 0.36400225625 0.1055291875 0.36056681875 0.12516668749999998 0.3562444125 0.14359496875 0.349992821875 0.1532065734375 0.3505281921875 0.1600165265625 0.36004739375 0.1734448265625 0.38550689375 0.1859849640625 0.3812969296875 0.1726213921875 0.3451778390625 0.1874530890625 0.34058774375 0.20610405312500002 0.33536409843750004 0.21084770156250002 0.320733696875 0.23271203593749998 0.3266907515625 0.23249192500000002 0.3001051265625 0.24725889687499997 0.30617462500000003 0.2431547921875 0.29088214218749997 0.2563940578125 0.297205059375 0.2630149765625 0.28758768125 0.2680771125 0.2707746765625 0.28160378750000004 0.2674659484375 0.28545670156249997 0.24872376406250002 0.28698698125 0.22291266406250002 0.28927854062499997 0.2225325328125 0.3044598015625 0.22320888125 0.3129269140625 0.21115547812500002 0.3241309515625 0.2007778359375 0.3375618234375 0.2006796578125 0.35668923124999996 0.20496094843749998 0.3690377625 0.20717208281250002 0.3839005375 0.2100310328125 0.40356911562500003 0.21315766875 0.3988280390625 0.20223039062499998 0.39017189375 0.1951472109375 0.376168775 0.188951003125 0.3616244859375 0.1839094515625 0.3483852203125 0.1775865328125 0.349628090625 0.1614070796875 0.35351208125 0.1501139375 0.3569507078125 0.1367649015625 0.363985915625 0.121754371875 0.3665338078125 0.1042935515625 0.364785990625 0.077961346875 0.36173315 0.05291050781249999 0.367398609375 0.049840934375 0.38429918281250003 0.043842765625 0.401230834375 0.0452936390625 0.4033955140625 0.0406750125 0.39155707500000003 0.0298601796875 0.3874529703125 0.014567696875 0.3784472609375 0.0022180765625 0.36309735 0 0 0
0 0.41079718125 0 0.41329710156250005 0.006021059375 0.41943900312500004 0.012456421875 0.4293690953125 0.0108091921875 0.43894962499999995 0.00389551875 0.441240525 0 0.41079718125 0
0 0.45937948281249996 0.032453125 0.46507601875000004 0.036832593749999996 0.471409528125 0.036846860937499996 0.47761615781250005 0.0326226296875 0.4787943 0.02710276875 0.478095171875 0.016569887499999998 0.47621790312499995 0.011556865625 0.47370365937500003 0.0109090515625 0.46603405000000003 0.00472710625 0.456453521875 0.0116407796875 0.45342918593750003 0.0195966625 0.45937948281249996 0.032453125
0 0.4370335609375 0.0681064921875 0.43773268749999994 0.07863937343750001 0.4445737171875 0.0956076203125 0.458481034375 0.105014375 0.46290362343749997 0.11812425625 0.468918646875 0.12032112343750001 0.49542825312499994 0.140416003125 0.49351990625 0.12795393906250002 0.46115580468750006 0.0917920515625 0.4540920921875 0.073795859375 0.44588131249999996 0.06876857343750001 0.4370335609375 0.0681064921875
0 0.3698714875 0.14527042343750002 0.3598455921875 0.150128203125 0.35650276875000003 0.1602666890625 0.36092535937500003 0.1733765703125 0.3774116421875 0.17277155 0.38088134687499997 0.166871559375 0.38104187500000003 0.15300141875 0.3698714875 0.14527042343750002
0 0.3479036328125 0.21919695468749997 0.3374970984375 0.21133924999999998 0.32362085937499996 0.20938153593750003 0.3240973015625 0.21888647187500002 0.3240636546875 0.236995109375 0.33784408906249996 0.24216336875 0.34436920312499997 0.2357565375 0.3482842734375 0.23191243906249998 0.348794365625 0.223308740625 0.3479036328125 0.21919695468749997
0 0.3855034703125 0.4110284953125 0.385599271875 0.407817946875 0.38413629375 0.397411775 0.38050863281249997 0.3916242265625 0.3726474171875 0.3918633828125 0.3645945953125 0.398523634375 0.3687945015625 0.41060556875 0.37471372187499996 0.416012984375 0.3815884015625 0.41487259375 0.3855034703125 0.4110284953125
0 0.2923909640625 0.2880391375 0.2930279375 0.283673934375 0.2892733953125 0.27364789218749996 0.27912062031249996 0.2742671765625 0.272245940625 0.2754075671875 0.271321559375 0.2894044171875 0.27854580156250003 0.29353046875 0.28510199375 0.29457268124999997 0.2923909640625 0.2880391375
0 0.2653971953125 0.335112359375 0.2725903609375 0.33178936718749996 0.2784474265625 0.3222986953125 0.2767617625 0.310864578125 0.2740248375 0.309188815625 0.266036740625 0.30518947500000004 0.26613254375 0.301978925 0.252510065625 0.308498203125 0.24970841406250002 0.3174820328125 0.260368709375 0.333816728125 0.2653971953125 0.335112359375
0 0.18954532500000001 0.423301746875 0.1916789296875 0.411234078125 0.18572863125 0.39837761875 0.1807001453125 0.3970819875 0.1723935640625 0.39526525 0.1689238609375 0.401165240625 0.171722940625 0.4177390890625 0.17929674843750001 0.42713158125 0.1822563578125 0.4298352890625 0.18954532500000001 0.423301746875
0 0.0748741109375 0.419961128125 0.0905007390625 0.42269336874999996 0.097567025 0.41513188124999995 0.1027560390625 0.40255737187499996 0.10262915937499999 0.3983188765625 0.09409989375 0.39547419375000004 0.08643028593749999 0.38929225 0.0724582421875 0.39054508593750004 0.0628777140625 0.3974587578125 0.0634810390625 0.4112021890625 0.0748741109375 0.419961128125
0 0.379926096875 0.4875605546875 0.368628828125 0.4755910671875 0.3762647875 0.49988164375000005 0.36719435312500004 0.49819161718749994 0.3585382078125 0.4911084375 0.37467235625 0.51079465625 0.381927675 0.52236975 0.39386191875 0.529974034375 0.4126371890625 0.5545465640625 0.3936081578125 0.5214970453125 0.3939602921875 0.5012058078125 0.39491575156250003 0.4946579984375 0.392593115625 0.48758908749999996 0.3846761015625 0.49368350312500003 0.379926096875 0.4875605546875
0 0.7578275546875 0.5183887640625 0.7625064765625 0.5144179546875 0.7627938859375 0.5047863109375 0.7569704703125 0.49616834374999996 0.74821851875 0.4922957125 0.7429984265625 0.49742117812500003 0.74271101875 0.5070528249999999 0.7452563375000001 0.5151496843750001 0.751716728125 0.5194024453125 0.7578275546875 0.5183887640625
0 0.7623685203124999 0.56875 0.762405528125 0.5687438609375 0.7683894734375001 0.5634916859375 0.7640937640625 0.5546203000000001 0.7592568859375 0.5469035718749999 0.7517141546875 0.544960125 0.7448394765625 0.546100515625 0.7406059218750001 0.552127215625 0.7451243140624999 0.5620265468750001 0.7524841312499999 0.56875 0.7623685203124999 0.56875
0 0.6337725609375 0.4644253640625 0.6452614359375 0.4699737546875 0.654808315625 0.48116871874999995 0.668492946875 0.48954752968750004 0.684691821875 0.49857415625 0.6672215734375 0.4727202609375 0.650864740625 0.4520060953125 0.635652403125 0.44388070468749996 0.6293499703125 0.4513154828125 0.6337725609375 0.4644253640625
0 0.6685602453125 0.4533302578125 0.6758155640625001 0.464905353125 0.6867632703125001 0.47160840000000004 0.6912842359375 0.45595005312500003 0.6920817375 0.43771470625 0.6722215546875 0.44100916874999996 0.6685602453125 0.4533302578125
0 0.551589753125 0.5270428078125 0.5550258078125 0.5392514515625 0.5661314703125 0.5576420375 0.56514750625 0.531183121875 0.5682365671875 0.5125676453125 0.558912371875 0.5024006296875 0.5485369125 0.5019919671874999 0.546721796875 0.511877034375 0.551589753125 0.5270428078125
0 0.719878153125 0.3212907828125 0.7067010421875001 0.3298659515625 0.712874021875 0.34375035781249996 0.7262090890625 0.3468627265625 0.7337207421875 0.34135713125 0.7393551234375 0.3308385140625 0.730349415625 0.3184888953125 0.719878153125 0.3212907828125
0 0.7581070343749999 0.271288965625 0.7552432281250001 0.2653747078125 0.74419971875 0.261882209375 0.7377704062499999 0.265078490625 0.7409837765624999 0.2762591875 0.7465845109375 0.28384920937499997 0.7518356796875001 0.2861727875 0.757055771875 0.2810473203125 0.7581070343749999 0.271288965625
0 0.857612421875 0.12060716406250001 0.8518822374999999 0.13433632812500002 0.8596787265625 0.1447567640625 0.8735549656250001 0.146714478125 0.8811624203124999 0.137998334375 0.8744482703124999 0.1252685859375 0.8631820781249999 0.1207481390625 0.857612421875 0.12060716406250001
0 0.7199765265625 0.2925225546875 0.7194664359375 0.30112625625 0.7344560890625 0.3082237 0.743526525 0.309913728125 0.7546658374999999 0.31019567812500004 0.7743344140625 0.3133223140625 0.7868098265625 0.31977194062500003 0.7917114328125 0.3168290796875 0.7767865046875 0.2990720421875 0.761064071875 0.299550353125 0.7471567578125 0.290143596875 0.7314990531250001 0.27996231250000003 0.7268201296875001 0.28393312187499997 0.7199765265625 0.2925225546875
0 0.7891193921874999 0.1404880578125 0.8017864109375001 0.14051659218749998 0.80379313125 0.1242104265625 0.7955512765625 0.111734096875 0.78485733125 0.1135080375 0.7784590953125 0.12415336562499998 0.7891193921874999 0.1404880578125
1 0.5296875 0 0.5296875 0.4822531859375 0.5409320296875 0.48515043281250003 0.5636896703125001 0.46966159375 0.577630634375 0.46095971406249997 0.5862867796875 0.46804289218750006 0.60022774375 0.4593410140625 0.6181148546874999 0.45424407968749997 0.6161754312500001 0.434332971875 0.6272215109375 0.41226779375 0.650771509375 0.429658965625 0.6416389203125 0.41307085 0.6333970640625 0.4005945203125 0.647146421875 0.3983137390625 0.6543085109375 0.387541703125 0.6632209890625 0.3775441921875 0.6673250921875 0.39283667499999997 0.678050115625 0.39851177656250003 0.6884903 0.388260846875 0.6943162890625001 0.37132113125 0.690880234375 0.3591124875 0.6863307640625 0.34176411406249996 0.6697176 0.33813063906249996 0.6688915921875 0.3233592609375 0.6806678765624999 0.3192760078125 0.69368703125 0.2990133015625 0.714564828125 0.30406911718749996 0.7208051078125 0.281736253125 0.7316285046875001 0.258643128125 0.7391427281249999 0.2275798546875 0.739494865625 0.207288615625 0.7330681234374999 0.18492721875 0.7392747546875 0.180702990625 0.7397226921875 0.1572012046875 0.7262607437499999 0.149850340625 0.728267465625 0.133544178125 0.73985214375 0.13588202031250002 0.756146821875 0.1416980984375 0.7552250125000001 0.13013726875 0.7506755421875 0.1127888953125 0.7639795328125001 0.108452221875 0.7668148359375 0.08135975625 0.7511882078125 0.0786275171875 0.74246990625 0.05664625156250001 0.7512865828124999 0.0498592890625 0.7455589703125 0.0380307765625 0.73578940625 0.025807865625 0.7181586281250001 0.0138241125 0.7143970484375 0 0.5296875 0
0 0.3063142296875 0.8914270078125 0.30185799062499996 0.8964257640625 0.30080672656249996 0.90618411875 0.30729819375 0.9178859234375001 0.317642575 0.9108455390625 0.3187896421875 0.897876634375 0.3063142296875 0.8914270078125
0 0.1123913125 0.9204008203124999 0.1149366328125 0.9284976781250001 0.119869315625 0.9330038593750001 0.1262028234375 0.9330181234375001 0.13240945312500002 0.9287938953125 0.13387500624999998 0.9136423875 0.1253146640625 0.9033486609375 0.1197450078125 0.9032076859375 0.11245603906249999 0.9097412265625 0.1123913125 0.9204008203124999
0 0.026428032812500002 0.9144278187499999 0.022862528125 0.9235383593750001 0.024770875 0.9360004249999999 0.0265523421875 0.94422399375 0.033776584375 0.94835004375 0.037054679687499995 0.9488711500000001 0.048067112499999995 0.94491460625 0.049532664062499995 0.9297630984375 0.04291431875 0.9138228015625 0.0361354421875 0.9117526437500001 0.026428032812500002 0.9144278187499999
0 0.20963107343749998 0.8286635484375001 0.21058653125000001 0.8221157421875 0.20565384999999997 0.817609559375 0.195151509375 0.812962403125 0.191044834375 0.8232276000000001 0.1920624484375 0.83157788125 0.1964539625 0.8372387171875 0.20332863906249998 0.8360983265625 0.20963107343749998 0.8286635484375001
0 0.5296875 0.6148934625 0.5171297921875 0.618986871875 0.52285740625 0.6308153859375001 0.529667359375 0.6403345859375 0.5296875 0.6403381921875 0.5296875 0.6148934625
1 0 0.56875 0 0.8645441921874999 0.000557971875 0.86441005625 0.0088956296875 0.8736758375000001 0.0180618703125 0.8721553171875 0.035249853125 0.8565255 0.057114187500000003 0.8624825546875 0.0720106109375 0.8472328687499999 0.09352538125 0.8479234812499999 0.0966455203125 0.8367570484375 0.12338038437500001 0.8323221953125 0.13916496875 0.8467419734374999 0.15412354687500002 0.8463903734375 0.14368850625000001 0.8055259453125 0.1548252453125 0.8313655765625001 0.1752266 0.8269164578125 0.1756098140625 0.8140742640624999 0.16383609999999998 0.7925998375 0.1765678453125 0.781968778125 0.1779065171875 0.7625787765625 0.1955398671875 0.7490048515625001 0.1863063296875 0.78674264375 0.1958221328125 0.7904885640625 0.21647981875000002 0.76895875625 0.222911703125 0.7402047953124999 0.21629335625 0.7242644968749999 0.22711418125 0.72672905 0.23729803437500002 0.7335588093750001 0.2413063359375 0.7520618406249999 0.255501059375 0.7518369500000001 0.264190853125 0.74081149375 0.25222553593749997 0.7257581671875 0.253595284375 0.71381720625 0.2463399640625 0.7022421125 0.25124157187499996 0.6992992499999999 0.2638438625 0.7099873734375001 0.2712933609375 0.6895836921875 0.253344096875 0.6797825375000001 0.25821462500000003 0.6693906328125 0.263626325 0.6578440703124999 0.27094636875 0.658759571875 0.283041140625 0.652493715625 0.29984591250000003 0.64970609375 0.2937065828125 0.6177130515625 0.29752841874999997 0.591521821875 0.3003947984375 0.5718784 0.4001695890625 0.5904687046875 0.36336261875 0.56875 0 0.56875
0 0.9157020421875 0.85070623125 0.9064089234375 0.8479882578125 0.8976880515625 0.8515646734375 0.8996922015625 0.8608161875 0.9056424984374999 0.873672646875 0.919964103125 0.877686253125 0.940046971875 0.8754197375 0.9420847703125 0.86656261875 0.92687243125 0.8584372281249999 0.9157020421875 0.85070623125
0 0.9033637984375 0.7462643828125 0.898907559375 0.7512631390625 0.887895128125 0.7552196828125 0.89044045 0.7633165421875 0.8971235203125 0.76859725 0.90215200625 0.7698928796875 0.9100132234375 0.7696537265625001 0.9229987281250001 0.7674996546875 0.9239231109375 0.7535028031250001 0.911766184375 0.744870571875 0.9033637984375 0.7462643828125
0 0.8948008843749999 0.7615283359375 0.885634646875 0.76304885625 0.885443040625 0.769469953125 0.8876698734375001 0.779749415625 0.8925067515624999 0.78746614375 0.9051737703124999 0.7874946749999999 0.908420790625 0.7805667375 0.9080712265625 0.775300296875 0.9045393703125001 0.7663022015625 0.8948008843749999 0.7615283359375
1 0.5296875 0.56875 0.5296875 1 0.700370234375 1 0.7015901671875 0.9873878234374999 0.7131126921875 0.9748275812500001 0.7272116140625 0.977813240625 0.72835610625 0.9904020140625001 0.733993028125 1 0.737619415625 1 0.7456373218750001 0.9971193296875001 0.7483120953125 0.983897003125 0.735233359375 0.9637039453125 0.7296015484375 0.9486648828125 0.7384493015625 0.9493269640625 0.746978565625 0.952171646875 0.747012215625 0.9340630140625 0.7364140734375 0.9326264046875 0.731004946875 0.9186152890624999 0.7467921046875 0.9074773875 0.7624834578125 0.8995500359375 0.7625145343749999 0.906999078125 0.7711396031250001 0.9066332140625001 0.7726077296874999 0.865924028125 0.7836253046875 0.8108521265625 0.79689821875 0.7990664093750001 0.8052048015625001 0.800883146875 0.8172037703124999 0.797827840625 0.80202508125 0.7715938140625 0.8090292124999999 0.7491342375000001 0.8172089140625 0.7467124828125 0.8199794890625001 0.7302796078125 0.8095418765625 0.7149728609375 0.809606603125 0.7043132671875 0.7847826578125 0.69565250625 0.7873952765625 0.6675320953125 0.7724703484375001 0.6497750578125 0.7723771171875 0.627427928125 0.7782963359374999 0.6328353453125 0.7917272078125001 0.6327371671875001 0.7880373953124999 0.61205153125 0.774925009375 0.609967109375 0.77381159375 0.604827378125 0.7814190484375001 0.596111234375 0.7849845546875001 0.5870006937500001 0.776393134375 0.569257921875 0.7761916796875 0.56875 0.5296875 0.56875