0 0.2426969203125 0.092565715625 0.255018115625 0.08793429375 0.2566501859375 0.0741890953125 0.2505883265625 0.0634679515625 0.24351111718750001 0.0632907 0.23369439062500003 0.070742059375 0.23596381093750002 0.084010553125 0.23941215312500003 0.089841115625 0.2426969203125 0.092565715625
0 0.1001218921875 0.352768409375 0.0894872921875 0.3446899546875 0.0812311625 0.35195063125 0.0777113453125 0.3596745859375 0.077585346875 0.3721937796875 0.09017916718749999 0.37273896562500003 0.09994136875000001 0.3642522828125 0.1001218921875 0.352768409375
0 0.0563780265625 0.44668185156250007 0.0489021921875 0.4538471890625 0.042152134375 0.4598818640625 0.046363825 0.4802069234375 0.058068296875 0.47877680624999996 0.0670502015625 0.470385465625 0.067230725 0.45890159375 0.0636188078125 0.4499650671875 0.0563780265625 0.44668185156250007
0 0.11226991875 0.44923052500000005 0.10992902499999999 0.4495165484375 0.10323349062500001 0.45658654531250004 0.1127982203125 0.4741735734375 0.12488436562500001 0.47999070625 0.130963178125 0.47612201406250004 0.1356619140625 0.460960128125 0.127150109375 0.44845436562499996 0.11226991875 0.44923052500000005
0 0.1658827984375 0.5427102046875001 0.15751761875 0.547900240625 0.15316297968749998 0.554684215625 0.15214763281250002 0.56522810625 0.161892884375 0.5713312625 0.169586815625 0.568307209375 0.175556578125 0.5623678734374999 0.1762993 0.5466473749999999 0.1658827984375 0.5427102046875001
0 0.2338144734375 0.207227196875 0.239658234375 0.21380705625 0.247570265625 0.2149242875 0.258003715625 0.2042716234375 0.25874643750000004 0.18855112499999999 0.2473860640625 0.18160332968749998 0.23880278437500002 0.18265208125000001 0.23003898125000002 0.19518470937500002 0.2338144734375 0.207227196875
0 0.5367546328125 0.5163790234375 0.55361799375 0.5062127703125 0.5514966687499999 0.48979539218749996 0.5424940640625 0.48589242343750005 0.53500183125 0.486807865625 0.527858759375 0.494351296875 0.5249853906249999 0.5113789546875 0.5367546328125 0.5163790234375
0 0.7182995046875 0.14922429375 0.7213474984375 0.1355106265625 0.7103107390625001 0.11684725781250001 0.703818071875 0.1396080234375 0.7182995046875 0.14922429375
0 0.7046741453124999 0 0.7054683640625 0.006603629687499999 0.70891985625 0.023613551562499998 0.7188620015625 0.025661256249999997 0.7284627687499999 0.021225690624999998 0.72190911875 0.0057139578125 0.719717859375 0 0.7046741453124999 0
0 0.7799852546875 0.17479281875 0.7665437796875 0.1744495015625 0.7635681109375 0.189848759375 0.761808103125 0.203113809375 0.7736633953125 0.21036525312499998 0.7847219937500001 0.202489071875 0.7887541046875 0.1856839125 0.7799852546875 0.17479281875
0 0.8120270140624999 0.1763152796875 0.801629615625 0.16562321093750001 0.7852397578125 0.15993430625 0.79649863125 0.1771251390625 0.805438203125 0.191257865625 0.8140932375000001 0.199987815625 0.8228227624999999 0.1945712234375 0.8179546296875 0.1799410265625 0.8120270140624999 0.1763152796875
0 0.9018438484375 0.154465971875 0.9129025093750001 0.1465897859375 0.9128062171875001 0.1292015953125 0.9082226171875 0.119974109375 0.9010078937500001 0.12303063125 0.894248296875 0.1347315515625 0.8932457218749998 0.1468165515625 0.9018438484375 0.154465971875
0 0.5972909875 0.300427859375 0.6071586453125001 0.3166221953125 0.6077277125 0.3274276578125 0.6201981390625 0.3323057359375 0.62547135625 0.321997153125 0.6287461000000001 0.3063720171875 0.6220041468749999 0.30284576875 0.6092207671875001 0.293532715625 0.5972909875 0.300427859375
0 0.6420893921874999 0.320118084375 0.65482501875 0.3347230546875 0.6633662421875 0.34129190625 0.6779664734375 0.3384204890625 0.6764693171875 0.325553415625 0.6646709328125 0.3193825 0.6531570828125 0.3186143609375 0.6420893921874999 0.320118084375
0 0.677248428125 0.3559082 0.6701474562499999 0.3611258484375 0.6707165234375 0.3719313125 0.6786141906250001 0.3818413296875 0.687571340625 0.3807468953125 0.6884098546875 0.3633816703125 0.677248428125 0.3559082
0 0.70908014375 0.33788134062499997 0.703095559375 0.3331750703125 0.6921115125 0.3269046578125 0.6846121921874999 0.324558475 0.6728332453125001 0.3204385703125 0.677795753125 0.33517885625 0.6885346546875001 0.35235422031249997 0.7019615890625001 0.3583261078125 0.7138913687499999 0.351430965625 0.70908014375 0.33788134062499997
0 0.710516290625 0.3029058703125 0.7018482859375 0.3073804953125 0.7016553109375 0.3213885703125 0.7071669968750001 0.33267760156250004 0.72025255625 0.332166259375 0.7292272859375 0.31584466875 0.7237725046875 0.30563616875 0.710516290625 0.3029058703125
0 0.6532017828125 0.692931290625 0.645343440625 0.6993289640625 0.6345234953125 0.701556884375 0.6257829484374999 0.7169439828125 0.6340788984375 0.7344177968750001 0.6486791937499999 0.731546371875 0.65549563125 0.7209259890624999 0.6579560984375 0.7054003453125001 0.6532017828125 0.692931290625
1 1 0.76875 1 0.1532440890625 0.9950826953125 0.150908590625 0.9859940250000001 0.165069096875 0.9740818890625 0.15673709687499998 0.9626425265624998 0.1418223265625 0.94953945 0.15756081718749998 0.9599937546875001 0.16933345625000001 0.9568897312499999 0.18820020312500002 0.9385770843749999 0.1828252578125 0.93598111875 0.1646549453125 0.9238806234375 0.168308459375 0.8980510718750001 0.175814446875 0.8898336468749999 0.190955984375 0.8711619140625 0.194324903125 0.861390490625 0.19551882812500002 0.8432309203125001 0.208612659375 0.8373602124999999 0.20606748281249998 0.8278556796875 0.227891328125 0.8178959500000001 0.24107071875 0.8029148921874999 0.2211511953125 0.8068373531249999 0.248946921875 0.799110409375 0.242278578125 0.792123246875 0.24965726875 0.7932613796875 0.27126819687500003 0.7818613421875 0.272661115625 0.7776937375 0.2557703796875 0.7643236453125 0.25087896718749997 0.7541931984375 0.2608167703125 0.7437781578125 0.26535186875 0.7524156078125 0.28930893750000003 0.7656542421875 0.30726637343749996 0.7566226031250001 0.32250739375 0.7427621 0.33942595937500003 0.720228975 0.36284164375 0.696238021875 0.3896979875 0.6778901515625 0.41477734687499995 0.6744271046874999 0.442387971875 0.6739366890625 0.464197884375 0.6697907015625 0.4788419484375 0.6762305390625001 0.49219258125 0.6547569 0.5046038609375 0.6353454421875 0.4939256546875 0.6243613328125 0.48765524843749997 0.6044024921875 0.49770643281250004 0.603382334375 0.525018571875 0.615824271875 0.5278483203125 0.6259195562500001 0.5483648156250001 0.6440045796874999 0.5494176203125 0.645615546875 0.5644457546874999 0.6496694046875 0.5791754390625 0.641508946875 0.5953975 0.64811944375 0.6119898109374999 0.6558463890625 0.6186581953125 0.6660162234375 0.6250280546875 0.6672857546875 0.633572965625 0.66454075 0.6436958359375 0.656984525 0.6402691234375 0.6527247890625001 0.6527521625 0.6571945687499999 0.6598184453125 0.65787745 0.672785009375 0.66837108125 0.7008653359375 0.6700389578125 0.716974040625 0.6772361625000001 0.7291446078125 0.6855145953124999 0.7618455749999999 0.683110584375 0.76875 1 0.76875
1 0 1 0.2890625 1 0.2890625 0.76875 0 0.76875 0 1
0 0.46587591406249995 0.88677459375 0.4799666171875 0.891182228125 0.4841075765625 0.8820952249999999 0.48438410468750004 0.8698028109375 0.46674970625 0.868279890625 0.46137001250000004 0.8713889343750001 0.46162659999999994 0.8762610343749999 0.46587591406249995 0.88677459375
0 0.5001183625 0.8703320375000001 0.4972360765625 0.8682324875 0.49172808906249993 0.8689054828125 0.48476898593750006 0.8771109578124999 0.49446214218750006 0.8857334984375 0.50219100625 0.8921443171875 0.5098115156249999 0.8789545765625 0.51066536875 0.8776243859375 0.5001183625 0.8703320375000001
0 0.4973921453125 0.981459021875 0.5410371656249999 0.9791716828125001 0.5356081968749999 0.965290571875 0.5308899140625 0.9634153515625 0.5190842359375 0.9673095609375 0.5095635828124999 0.9795056109375 0.49762960937499995 0.98096376875 0.4973921453125 0.981459021875
1 1 0.76875 0.5295780234375 0.76875 0.5412072312499999 0.773371875 0.5479340125000001 0.7958413515625 0.5433440218750001 0.7964021828125001 0.5357876578124999 0.8108099484375 0.522145984375 0.8149284890624999 0.50406255625 0.80487939375 0.49492678437500004 0.824383590625 0.502764003125 0.8503949765625001 0.505967025 0.8585846531250001 0.52170128125 0.8591138812500001 0.5354071031250001 0.856213365625 0.5607062218750001 0.8629290828125 0.5672405609375 0.881744484375 0.558637903125 0.8938283703125001 0.559471815625 0.9096626890625 0.567926234375 0.9123072703125 0.5902589781250001 0.9328699265625 0.6009342765625 0.942598321875 0.607340321875 0.9589776765625 0.6192543546875 0.9746840328124999 1 0.9291216375 1 0.76875