0 0.509375 0.11938155624999999 0.502680234375 0.113636203125 0.4971382421875 0.1129462171875 0.49626025 0.12032488125 0.498587321875 0.136911959375 0.5052944921875 0.1417112328125 0.509375 0.13913920468750002 0.509375 0.11938155624999999
1 0.509375 0.173910175 0.4951688984375 0.1758349296875 0.49012088593750003 0.1552385140625 0.49479145625000004 0.1465701578125 0.486725459375 0.1355819640625 0.4799214640625 0.12974287499999998 0.47885639687500003 0.1183049 0.48712261406249996 0.11463571875 0.48586389687500003 0.1011181125 0.47254966718749997 0.0841908796875 0.4780014046875 0.0671040421875 0.4750901015625 0.052646570312499995 0.4540906015625 0.045627415625 0.4362994484375 0.039448171875 0.4319292078125 0.026130468750000004 0.432516725 0.0156323578125 0.427852725 0.007563709375 0 0.030453403125 0 0.41875 0.5010341578124999 0.41875 0.5034399406250001 0.40752365 0.509375 0.40896679999999996 0.509375 0.279054015625 0.506019803125 0.27555730624999997 0.509375 0.2746855328125 0.509375 0.173910175
0 0.9370599125 0.21712523906249998 0.9425050796875001 0.216775409375 0.9505743640625 0.2193950984375 0.949899878125 0.20374788437500002 0.9433896421875 0.1926597390625 0.92996873125 0.19979819999999998 0.9272445062500001 0.20415736718750002 0.932198978125 0.21534546406250002 0.9370599125 0.21712523906249998
0 0.9635440093749998 0.1233725265625 0.9721007 0.12282279375 0.979198453125 0.12341282812500001 0.9778429109375001 0.10885540468749999 0.97201373125 0.0966774703125 0.963360215625 0.09618738593750001 0.9581054124999999 0.1069853515625 0.9635440093749998 0.1233725265625
0 0.9052160796875001 0.093646703125 0.8950100875 0.08488806875 0.8846071609375 0.08241830624999999 0.8740073015625001 0.0862374171875 0.8750723703125001 0.097675390625 0.8787615531250001 0.1120828859375 0.890913890625 0.116532328125 0.9089019781250001 0.11642270156250001 0.9116294890625 0.10369503124999999 0.911532665625 0.1026552140625 0.9052160796875001 0.093646703125
0 0.8487633328124999 0 0.8530340859375001 0.0122702359375 0.8605224234375001 0.0086510296875 0.8658707640625 0.00726138125 0.8687246343750001 0 0.8487633328124999 0
1 0.509375 0 0.509375 0.41875 0.557518096875 0.41875 0.55816288125 0.4172020296875 0.559371109375 0.41875 0.576272378125 0.41875 0.5929738765625 0.4128734859375 0.594640146875 0.41875 0.6391812437500001 0.41875 0.639453084375 0.40779530468749997 0.6518023562499999 0.4059558765625 0.6558886953125 0.3994171265625 0.664545496875 0.39153870468749996 0.67368641875 0.3888593640625 0.6735830234375 0.40455655312500005 0.6834050031250001 0.4007874203125 0.6878852125 0.3816709265625 0.6929397953125 0.3855303359375 0.69643533125 0.397858196875 0.7034329749999999 0.4057769203125 0.7221989421874999 0.405617315625 0.7240484625000001 0.400268309375 0.7244456171875 0.3793220625 0.725811015625 0.3687739765625 0.727760646875 0.35609628125000004 0.7253367515625 0.3384693890625 0.734384134375 0.32638172656250003 0.7411881296875 0.332220815625 0.7368113171875 0.33564011875 0.738847915625 0.3491077484375 0.7487634328125 0.3547469359375 0.764224228125 0.35270760156250003 0.76627396875 0.332701221875 0.7561648015625 0.32498240312500004 0.762681609375 0.3193335421875 0.760648296875 0.2974974078125 0.747624540625 0.28368962343750004 0.7644474484374999 0.2794707078125 0.763485775 0.25233554062499997 0.7790499671875001 0.2345990203125 0.7885913296875 0.20260492968750002 0.8013443265625 0.16308224843750002 0.8081483203125 0.1689213359375 0.8309070890625 0.1528146625 0.843353184375 0.1520150515625 0.8475396328125001 0.13814761250000002 0.8318917609375 0.1213703078125 0.8242196343749999 0.0978043703125 0.8613609859375 0.101694403125 0.8618516796875 0.0901564765625 0.8308365500000001 0.084826821875 0.818884434375 0.06572000781250001 0.817819365625 0.0542820296875 0.8245363921875001 0.0339757953125 0.824926975 0.02976655625 0.8272671890625001 0.012879620312500001 0.8310435015625 0 0.509375 0
0 0.806810746875 0.356247803125 0.8008814578125 0.3513985546875 0.79047853125 0.3489287921875 0.7799722109375 0.36215622187499996 0.78239610625 0.3797831140625 0.7903685656249999 0.381362990625 0.8041767734375 0.3783837921875 0.807097934375 0.3677357546875 0.806810746875 0.356247803125
0 0.46000229218750005 0.8748215703125 0.4728144484375 0.8739984390625001 0.47796364062499996 0.8699757296874999 0.4811763421875 0.8451567015624999 0.47820692343750004 0.8330411640625 0.46333663593749996 0.8315352578125002 0.4554381171875 0.8455796515625 0.45383563281250006 0.8481438671875001 0.46000229218750005 0.8748215703125
0 0.39892883125 1 0.39864058125 0.9969044140625 0.39155103593749996 0.9899761015624999 0.3826273171875 0.993010678125 0.38043194062499996 1 0.39892883125 1
0 0.2100745078125 0.830577528125 0.21888431718749998 0.8263196390624999 0.225977725 0.8234026515625 0.2215236 0.80522934375 0.2128315671875 0.80086525 0.2036800265625 0.8014532015625001 0.2010446109375 0.812698196875 0.20515700625000002 0.8272015640625 0.2100745078125 0.830577528125
0 0.0847254578125 0.769715371875 0.09033029375 0.7705859125 0.101426053125 0.771103684375 0.0988060984375 0.742967490625 0.09000015781250001 0.73738008125 0.0799334609375 0.7380268265625001 0.0751260046875 0.745719475 0.079352309375 0.76144615625 0.0847254578125 0.769715371875
1 0.509375 0.41875 0 0.41875 0 0.6154024031249999 0.0144304890625 0.627786440625 0.028841265625 0.634244390625 0.0453063078125 0.6528766734375 0.06646103125 0.67243829375 0.08967775156249999 0.6844836546874999 0.1015708890625 0.6935646156249999 0.121814325 0.7033397375 0.14137429375 0.705774975 0.1569280484375 0.71462075625 0.16881731875 0.7335470171875 0.1887228875 0.7298069 0.20049824843750003 0.747509846875 0.21159400781249998 0.7480276171875 0.22818069218749998 0.7481926203125 0.245454709375 0.7458522000000001 0.2596376640625 0.749863525 0.27085119999999996 0.7417593109375 0.286063221875 0.746935153125 0.30025004375000003 0.7411011828125 0.31924045625 0.737419859375 0.3196961015625 0.7423131109375 0.327009603125 0.7615333453125 0.3377636296875 0.7583811796875001 0.344519171875 0.74194895625 0.35835652812499996 0.7521356406249999 0.3708269515625 0.7476425703125 0.3783837390625 0.7299282406250001 0.3747269875 0.720318121875 0.3814786640625 0.7137311984375 0.39577939687499997 0.7091205374999999 0.39703241875 0.722576978125 0.40938893125 0.716860596875 0.41740136093749997 0.7040395171875 0.418772159375 0.7088739734375 0.4226528671875 0.7307760156249999 0.4323739640625 0.736304628125 0.4459873640625 0.7341993890625 0.449537934375 0.7228955984375001 0.44851660000000004 0.7020404828125001 0.45092032968750007 0.698194159375 0.4624756 0.6937598859375 0.47425869218749994 0.6917722359375 0.490393596875 0.6771986906249999 0.4888027078125 0.6502270109375 0.49898717968749995 0.64095828125 0.48870425937500006 0.6096225093750001 0.480931246875 0.5953543203125 0.4888259 0.591155225 0.497639575 0.5770520390625 0.498448546875 0.5560793343749999 0.5070305328125 0.5493748203125 0.509375 0.546752540625 0.509375 0.41875
0 0.7327010953124999 0.9060054984375 0.735712509375 0.9131342828125 0.741441578125 0.93264090625 0.750579215625 0.9383300671875 0.7564149640625001 0.933770996875 0.760991996875 0.91569431875 0.7512734140624999 0.9037662624999999 0.7445695296875 0.8905984859375 0.7378557890625 0.9025362203124999 0.7327010953124999 0.9060054984375
0 0.7459677859375 0.7963653703125 0.7390603953125 0.8062234687500001 0.7401254640625 0.817661446875 0.75023463125 0.8253802640625001 0.7577229671875 0.82176105625 0.757632715625 0.8039842343749999 0.7459677859375 0.7963653703125
0 0.748263746875 0.6445425703125001 0.7401042109375 0.6241460578125 0.72863293125 0.618606825 0.7232845875 0.619996471875 0.72143178125 0.63371398125 0.72774836875 0.64272249375 0.7401944625000001 0.64192288125 0.748263746875 0.6445425703125001
0 0.6579097296875001 0.707879471875 0.6467256375 0.7138281890625 0.6472064734374999 0.7273957703124999 0.656634584375 0.7362043796875 0.6690806796875 0.7354047671874999 0.668115721875 0.7166381046875 0.6579097296875001 0.707879471875
0 0.55946343125 0.8271762046875001 0.5655995109375 0.8006310734375 0.555006221875 0.7877131765625001 0.54489376875 0.7883628625 0.542653665625 0.797921109375 0.546633321875 0.81544805 0.553046734375 0.8254963796875 0.55946343125 0.8271762046875001
0 0.8703500921874999 0.49339199687499996 0.8625745671875 0.48552325312499994 0.8499348234375 0.48424323593749996 0.8494441296874999 0.49578116093749997 0.8565353109375 0.5131082 0.8628551828125 0.513748209375 0.8715119828125001 0.5058697890625 0.8703500921874999 0.49339199687499996
0 0.8893261359375 0.4534695109375 0.8948681265625 0.4541594953125 0.9054679875 0.45034038593750003 0.899445159375 0.43608281875 0.8968210437499999 0.4331132984375 0.8839876515625 0.42975364843749997 0.8811666 0.433073 0.88096638125 0.4477303734375 0.8893261359375 0.4534695109375
1 0.509375 0.41875 0.509375 0.7477573078124999 0.5214769453125 0.7469798046875 0.52303270625 0.7468798546875 0.5558038171875 0.7374521812499999 0.557359578125 0.7373522296875 0.57330778125 0.732143475 0.5902275140625 0.7289643734375 0.6094808890625 0.725635346875 0.612982996875 0.7212262046875 0.6262135453125 0.7036396093749999 0.6426458687500001 0.7036299328125001 0.6467322078125 0.69709118125 0.6538332484375 0.6893127124999999 0.66433956875 0.6760852843749999 0.6692940421875 0.68727338125 0.67532015625 0.6931624453125 0.6851421359375001 0.6893933125 0.6892350453125 0.6661175546875 0.6910911390625 0.6440315421875 0.69216935 0.6219955046875001 0.699948159375 0.6214957468750001 0.7107449546875 0.611387765625 0.7287363265625 0.602909634375 0.7435127781249999 0.610328596875 0.75975145625 0.6082392890625 0.7821097828125 0.6214473640625 0.840150525 0.6396852375 0.813321846875 0.6204881484375 0.7996170328125001 0.6077701531249999 0.78756480625 0.5959920234375 0.774440940625 0.589512928125 0.7818324515625 0.5848539046875001 0.7847536140625 0.5742058671875 0.7751351390625001 0.5549491234375 0.7612268203125 0.5652570078125 0.7594708375 0.5800143328125 0.7480963828125 0.5755149140625 0.754810125 0.5635771796875 0.7617208015625 0.5453505765625 0.76649148125 0.52935353125 0.7741800390625 0.5110769515625 0.7803128328125 0.492900321875 0.77458705 0.46502519531250003 0.7767303296875 0.45442713437500004 0.779938678125 0.45526704687499997 0.7986045359375 0.46243613124999994 0.8081360421875001 0.4555475484375 0.8224250859375001 0.466135934375 0.836133184375 0.470485425 0.8291388281250001 0.4541982015625 0.818448715625 0.4402404890625 0.8081458984375001 0.430442040625 0.8082460093750001 0.42311335312500004 0.8017606765625 0.41875 0.509375 0.41875