0 0.491068921875 0.1506830796875 0.48863240937499997 0.16070372500000002 0.50317959375 0.162332040625 0.5126034125000001 0.161317015625 0.5157810390625001 0.15993848906250002 0.520136025 0.1547198484375 0.51213495 0.144873503125 0.5059160234375 0.1437298609375 0.498547003125 0.1456461921875 0.491068921875 0.1506830796875
0 0.3884975171875 0.130642759375 0.3811012296875 0.1333392296875 0.3703909921875 0.1413149265625 0.3688864515625 0.15451671250000001 0.37707838125 0.15890208125 0.3885297359375 0.1595685046875 0.4053498390625 0.155857009375 0.41285518750000005 0.15003998125 0.4078681484375 0.1434959484375 0.40490864374999996 0.1386333578125 0.40200366875000004 0.132210490625 0.3884975171875 0.130642759375
0 0.4063537015625 0.097285965625 0.40870841718750006 0.0896057390625 0.40489873593750003 0.079221590625 0.40081640468749996 0.07663883593750001 0.3934746484375 0.077775028125 0.38588750625 0.0859324734375 0.3855875875 0.094514009375 0.38641049843749997 0.1008157078125 0.39550713593750003 0.10916235781250001 0.40295795312499993 0.1049056078125 0.4063537015625 0.097285965625
0 0.4314747984375 0.09483928281250001 0.4384621046875 0.1038449046875 0.4435309390625 0.108048521875 0.456432303125 0.0970734359375 0.4579641078125 0.083091509375 0.4542907546875 0.0688066625 0.456122478125 0.046243203125 0.45759975468749997 0.03382155625 0.4464805375 0.0534993421875 0.4428394015625 0.068140240625 0.431060865625 0.076835490625 0.42640596249999996 0.090635665625 0.4314747984375 0.09483928281250001
0 0.5948746703125 0.344338453125 0.582436815625 0.342051165625 0.5686307453125 0.3490649703125 0.5591251296874999 0.3524204125 0.5724404265625 0.3594491171875 0.5785775578125001 0.3629331796875 0.5983571671875 0.3640842734375 0.6009845359375 0.348602653125 0.5948746703125 0.344338453125
1 0.6390625 0.409710953125 0.63003428125 0.41283132968749997 0.6185829265625 0.41216490625 0.6223603890625 0.393623309375 0.6066903765625 0.3942748296875 0.5756775359375 0.38621619687500003 0.579264140625 0.373135578125 0.5702765656250001 0.36166836875 0.5558657078125 0.3561393578125 0.532140090625 0.3485048109375 0.5044139375000001 0.33594709218749996 0.49227600000000005 0.325078271875 0.4864387859375 0.3130126765625 0.457398946875 0.30819576875 0.43600078125 0.293661134375 0.4197805109375 0.280209559375 0.40986096562499996 0.265561209375 0.3900540890625 0.265190253125 0.399914153125 0.251693 0.38328490312499996 0.249943515625 0.38262558593749996 0.2389609796875 0.3787613734375 0.23013710937499998 0.34772126718749996 0.222858615625 0.3298056 0.2280698046875 0.3129036984375 0.234121715625 0.28898722656250003 0.23194814687499998 0.290355440625 0.2226470578125 0.27095754375 0.210574009375 0.263234075 0.2226321546875 0.2732626828125 0.2341599453125 0.2428273640625 0.23942426718749998 0.244113784375 0.2324635953125 0.24378164687499998 0.2121193859375 0.21537386249999999 0.219065153125 0.21263743281249997 0.2376673328125 0.20329540937499999 0.2363419375 0.201404203125 0.23075979375000003 0.19543066250000002 0.2225948953125 0.195839640625 0.210892803125 0.1793467171875 0.2052426234375 0.1645814125 0.20985542499999998 0.1606081390625 0.2041521125 0.1471565171875 0.20102410312500002 0.1359232859375 0.1941165640625 0.10800627656249999 0.187019821875 0.082225859375 0.17848396718749998 0.0710248484375 0.20050217343750001 0.086095025 0.21701372187499998 0.07524845937499999 0.2288901140625 0.0625652171875 0.23362408281249997 0.0581284359375 0.2411831421875 0.049582057812500004 0.2469395875 0.029115864062500003 0.23558609531250002 0.0244832734375 0.21890024531250002 0 0.20353310468750002 0 0.22527176249999997 0.015173468749999999 0.24650059687499998 0.0025174921875 0.250454425 0 0.2509768109375 0 0.56875 0.6390625 0.56875 0.6390625 0.46060546249999995 0.631657790625 0.4559207515625 0.6390625 0.45360746093750004 0.6390625 0.409710953125
0 0.67300820625 0.030429715625 0.66540313125 0.037344553125 0.6699813375 0.046807765625 0.6822608515625 0.0466027046875 0.68860910625 0.040534403125 0.6924116437500001 0.037076984375 0.6890902578125 0.0267672359375 0.6707511796875 0.024780296875 0.67300820625 0.030429715625
0 0.6796272640625001 0 0.6715851749999999 0.0009172078125 0.6688790734375 0.0081171453125 0.668397921875 0.0218843140625 0.6756822312499999 0.0241475859375 0.68683323125 0.02111781875 0.6908923812500001 0.010317910937499999 0.6899563296875 0.0019863359375 0.688342246875 0 0.6796272640625001 0
1 0.6390625 0.56875 1 0.56875 1 0.10753790781250001 0.977237440625 0.10423499843749999 0.924830075 0.09382767656249999 0.884638071875 0.085050915625 0.8665876859375 0.074803675 0.8558536828125 0.0659018984375 0.8331667625 0.0829751671875 0.8109930703125 0.0853634578125 0.8056071156250001 0.0638974265625 0.777373859375 0.06409371875 0.76458111875 0.07898375468749999 0.7452097562500001 0.0714186734375 0.7468835734375 0.05864059218749999 0.7546169578125 0.048054509375 0.74169008125 0.0316676921875 0.7220941828124999 0.0305272890625 0.69731061875 0.0373620859375 0.695348109375 0.058400467187500006 0.6839404953125 0.0687727234375 0.6711477546875 0.0836627609375 0.6601571390625 0.08210347343749999 0.639208190625 0.0845630390625 0.6390625 0.08469550625 0.6390625 0.56875
0 0.8558536828125 0.0659018984375 0.88166953125 0.06464524375 0.8868571968750001 0.05667004531249999 0.8750267562499999 0.044025746875 0.86387575625 0.047055515625 0.8538853468750001 0.051992179687499994 0.8558536828125 0.0659018984375
0 0.4806555078125 1 0.48101347499999997 0.9988324406250001 0.4801087703125 0.9948711609374999 0.475039934375 0.9906675437499999 0.46246575312499993 0.992280953125 0.45701520625000003 0.9989992890625 0.45767181875 1 0.4806555078125 1
0 0.2809989828125 0.9911010234375001 0.29138203906250004 0.9924870015625 0.29976482656250003 0.9914113953125 0.30828394062500003 0.9864350906249999 0.30757009062499996 0.9770128328125001 0.3026375828125 0.96890851875 0.2890769 0.968901065625 0.2823671984375 0.9817999343749999 0.2809989828125 0.9911010234375001
0 0.2285830234375 0.9388018718750001 0.23140620312500002 0.9475651578125 0.23973445937500001 0.9480498296875 0.2554317359375 0.9466181703125001 0.257786453125 0.9389379437500001 0.25173111718749996 0.9331134625 0.240388825 0.9293264828125001 0.2350473390625 0.9329242593749999 0.2285830234375 0.9388018718750001
0 0.24647637968749997 0.96407670625 0.251436153125 0.9714008828124999 0.26376494687499996 0.976808725 0.27137935468749996 0.9678711390625001 0.27595246093750003 0.9564113828125 0.294577025 0.9309165671875 0.26370546250000004 0.9486631203125 0.2479263890625 0.9524351984375 0.24647637968749997 0.96407670625
0 0.272551759375 0.9343251421875 0.2775660640625 0.9400890375 0.28718073906249997 0.9336130375 0.298932009375 0.9256979265625 0.29936825312500004 0.9132156953124999 0.29197196875000003 0.9159121656250001 0.2759747734375 0.925925359375 0.272551759375 0.9343251421875
0 0.2836660234375 0.8849414703124999 0.2927626609375 0.8932881203124999 0.3074189046875 0.891795878125 0.32432080625 0.8857439656249999 0.3382359359375 0.8756096046875002 0.336399259375 0.8684671796875 0.31533323125 0.8742767562499999 0.2965128578125 0.875526665625 0.2836660234375 0.8849414703124999
0 0.11481310468749999 0.791470196875 0.1280466046875 0.8008393234375 0.1407298453125 0.796105353125 0.147303221875 0.7871071828125 0.1444800421875 0.7783438984375 0.1342060484375 0.7738373609375 0.123523075 0.781032915625 0.11924988437499999 0.7839111375 0.11481310468749999 0.791470196875
0 0.12402870937499999 0.8561080578125001 0.11805516875 0.847943159375 0.10337165781249999 0.8502155421875 0.0987712859375 0.8624554390625001 0.11742806875 0.8658863671875 0.1238105875 0.8623491734375 0.12402870937499999 0.8561080578125001
0 0.098253246875 0.8772780890625 0.10940468125 0.8865260453125 0.12085603593750001 0.8871924703125 0.13164806874999999 0.87687635625 0.132825428125 0.8730362421875 0.1246334984375 0.8686508734375 0.10493568281250001 0.865159359375 0.0974576015625 0.87019625 0.098253246875 0.8772780890625
0 1 0.7635386609375 0.9900961718750001 0.7723119687500001 0.990810021875 0.7817342265624999 1 0.783134490625 1 0.7635386609375
0 0.7536703671875 0.5826645296875 0.7380821515625 0.5809756312500001 0.7264399421875 0.5857701828125 0.7321953609375 0.6001761984375 0.7362504265625 0.6035390921875 0.7478381078125 0.6003048171875001 0.7500837625 0.5957451500000001 0.75027461875 0.5902841734375001 0.7536703671875 0.5826645296875
1 0.6390625 1 0.9149510624999999 1 0.9196455328124999 0.9972578000000001 0.9148220859375 0.986032928125 0.910271290625 0.9670066609375001 0.9186540781250001 0.965931053125 0.9324874140624999 0.9581371109375001 0.929004915625 0.9383912875 0.9295229546874999 0.9235686359375 0.9098251390625001 0.9200771249999999 0.9092203515625 0.907534309375 0.9031377515625 0.9024899671875 0.8961777078125 0.89270420625 0.894422828125 0.8832213640625 0.9099837781250001 0.885690403125 0.9072151312500001 0.8753668375 0.888694675 0.8680352109375 0.8930223937499999 0.8635967093750001 0.9055965734375 0.8619832984375 0.9141429546875 0.856226853125 0.9158383499999999 0.837564090625 0.9107149859374999 0.834920753125 0.8899761406250001 0.8313686562499999 0.8796476140625 0.828422396875 0.8672642906250001 0.8245748328125 0.8495394796875001 0.8243250453125001 0.8384425734375001 0.813516809375 0.8449068875 0.8076391968750001 0.8478663921875 0.8125017859374999 0.8614270749999999 0.8125092374999999 0.8680004515625 0.8035110671875 0.8675047234375001 0.7878476937500001 0.8478614406249999 0.7827959015625 0.8392060000000001 0.791672903125 0.8342462265625 0.7843487296875 0.8123845515625 0.783076465625 0.797401125 0.7939303828125001 0.7948778640625 0.7765855625 0.7678655578125 0.7734501015624999 0.7518088796875 0.7553176890625 0.7210141609375 0.741017940625 0.6830685421875 0.7223934062499999 0.6895328562499999 0.7165157921875001 0.6758036296875 0.69148329375 0.6762398734375 0.6790010625 0.6628973125 0.6727524953125 0.6447089921875 0.6857650796875 0.6390625 0.686716715625 0.6390625 1
0 0.8663496765625001 0.7612017828125 0.878433084375 0.77363088125 0.8961578953125 0.7738806703125001 0.8985126125 0.7662004421875 0.896921321875 0.7520367640625001 0.886647328125 0.747530228125 0.8752232390625 0.746083665625 0.8698272218750001 0.751241721875 0.8663496765625001 0.7612017828125