0 0.5218249609375001 0.255768625 0.5353130875 0.2561067890625 0.537163721875 0.253149971875 0.53742710625 0.24835142812500002 0.5401753296875 0.23826945937500002 0.535254171875 0.22949681718749998 0.524358315625 0.23114570156249997 0.5183836140625 0.2415672296875 0.5166404171875 0.251794525 0.5218249609375001 0.255768625
0 0.499898096875 0.36303435156249997 0.49831431718749997 0.3765091171875 0.509529009375 0.3813551734375 0.523599359375 0.3833897375 0.5296814921874999 0.3802386875 0.5339649796875 0.376021446875 0.5308944531249999 0.3642919859375 0.522958221875 0.3550833671875 0.5171394734375 0.3534358734375 0.5072486421875 0.355230084375 0.499898096875 0.36303435156249997
0 0.36618471874999997 0.37836198125 0.378827240625 0.3818022921875 0.384486571875 0.3802023125 0.389563678125 0.3769059375 0.3985014703125 0.37094339375 0.394637321875 0.3582930703125 0.3787683234375 0.35519231875 0.37310899375 0.356792296875 0.367875934375 0.37215769375 0.36618471874999997 0.37836198125
0 0.38164478125 0.444279765625 0.3940759015625 0.448495609375 0.4088324390625 0.444180559375 0.41935747812499996 0.44005974062500003 0.423692946875 0.43181949687500004 0.40433061875 0.41854035468750006 0.39930549531250004 0.41781372499999997 0.38280229062500004 0.41703958124999996 0.378362853125 0.4333258390625 0.38164478125 0.444279765625
0 0.1457238015625 0.156242771875 0.1425527765625 0.1678758125 0.151494034375 0.17722975937500002 0.166039171875 0.1736902453125 0.170482075 0.172720478125 0.1756111671875 0.1654010953125 0.1761379390625 0.155804009375 0.1620675875 0.153769446875 0.1457238015625 0.156242771875
0 0.06558172031250001 0.1245016609375 0.063467703125 0.132257021875 0.0664307921875 0.13671600625 0.07219755781250001 0.14238650625 0.0862644421875 0.129104578125 0.0829305296875 0.1221736609375 0.07652956093749999 0.1188297703125 0.0678551546875 0.1199937703125 0.06558172031250001 0.1245016609375
0 0.7556853453125 0.099476109375 0.7521954843750001 0.10461420937499999 0.7494992437500001 0.11067317343750001 0.7556368265625 0.1188156046875 0.766532684375 0.1171667203125 0.7718731796875 0.10907180000000001 0.77054931875 0.10243153437500001 0.7627205203124999 0.100493390625 0.7556853453125 0.099476109375
0 0.8341362125 0.137421509375 0.8238225781249999 0.1407667921875 0.8386865515625 0.1437222171875 0.8426546671875 0.148326528125 0.8430254890625001 0.1507984609375 0.86444638125 0.14502875937499998 0.8749714187500001 0.14090793906250001 0.8794143234374999 0.139938171875 0.9069173515625 0.13101741718749998 0.8642315140625 0.13048780468750001 0.8514295734375 0.12380002500000001 0.8519598109375 0.129519428125 0.8495269562499999 0.13077984843749998 0.8341362125 0.137421509375
0 0.694746190625 0.31153702031249997 0.704266203125 0.30727087656249996 0.7045295890625 0.30247233281249997 0.696752775 0.2965111828125 0.6885531578124999 0.2921011046875 0.6752244468749999 0.295010409375 0.673110428125 0.3027657703125 0.6804644390625001 0.31027799375 0.694746190625 0.31153702031249997
0 0.6657529484375 0.2799370578125 0.6615214484375 0.28013129062500003 0.64353843125 0.2847858984375 0.6386207421875 0.2913297453125 0.64237745625 0.29670959375 0.6598337015625 0.3016520671875 0.676863675 0.2928291265625 0.7024086374999999 0.2795947140625 0.6838953828125 0.27852991875 0.6657529484375 0.2799370578125
0 0.6514954640624999 0.3858934578125 0.6426616421875 0.3838099875 0.6309721625 0.3845380109375 0.6200763031250001 0.3861868953125 0.6187559109375 0.39486311875 0.6297072187499999 0.40450771718749995 0.6363195890625 0.4070760703125 0.6510761296875 0.40276102031249994 0.654565990625 0.39762291875 0.6514954640624999 0.3858934578125
0 0.5967527953125 0.3989364234375 0.5895096843750001 0.41401116718750003 0.594378859375 0.4268068171875 0.602367075 0.43199243125000003 0.6195044843749999 0.4304399671875 0.6214590828125 0.41943713593750004 0.6243667234375 0.41260263750000004 0.622620059375 0.4075134421875 0.61309658125 0.396463096875 0.5967527953125 0.3989364234375
0 0.6440444015625 0.1832898765625 0.636690390625 0.175777653125 0.6280159859375 0.17694165312500001 0.6228868921874999 0.1842610359375 0.6187628265625 0.1917257453125 0.6245295890625 0.19739624375 0.633786215625 0.1979286421875 0.6416669984375 0.195843778125 0.646584690625 0.18929993125 0.6440444015625 0.1832898765625
0 0.5973176625 0.0902800203125 0.598849459375 0.0808282609375 0.5958863671875 0.0763692765625 0.5872639453125 0.0735102703125 0.5743580374999999 0.074868503125 0.5710795796875 0.0792310671875 0.5630428453125 0.09338495 0.5729891281249999 0.10288422187499999 0.5812407296875 0.10327129374999999 0.5929821937499999 0.0985202640625 0.5973176625 0.0902800203125
0 0.602990859375 0.149946 0.5930480453125 0.1557632171875 0.5951655296875 0.163324346875 0.6037879515625 0.1661833515625 0.6156888328125 0.16467979375 0.6207659421875 0.1613834171875 0.616690390625 0.1495086296875 0.602990859375 0.149946
0 0.4820211828125 0.60868803125 0.47610927031249994 0.6078331718750001 0.46397558281249995 0.6117687984375 0.46453823437499997 0.6232304578125 0.4786656640625 0.63001506875 0.492291603125 0.62060506875 0.4820211828125 0.60868803125
0 0.47276190937499996 0.665199009375 0.484210634375 0.6592676187500001 0.49995262656249995 0.651111959375 0.5137661140625001 0.6455225140625 0.528138171875 0.633375328125 0.5113361109375 0.63189411875 0.49820759218750005 0.639479328125 0.47443762968750003 0.645525790625 0.46199407499999995 0.655106759375 0.45832461406249997 0.66405974375 0.47276190937499996 0.665199009375
0 0.46693154843749995 0.7497081984375 0.468676584375 0.76134083125 0.4738423703125 0.7649328765625001 0.48492007031249995 0.76937978125 0.4923242296875 0.7647602671875 0.48703204843750003 0.75261471875 0.4809325875 0.7479393078125 0.46693154843749995 0.7497081984375
0 0.37074268906249996 0.548024384375 0.38729604218749997 0.5504179890625001 0.395882584375 0.5459694468749999 0.398618371875 0.535933096875 0.3961272140625 0.52703765 0.38305985 0.5298899109375 0.37416344218750003 0.539983796875 0.37074268906249996 0.548024384375
0 0.37912611875 0.5 0.36874078906249996 0.5012653484375 0.35828689687500004 0.50354715625 0.34254490625 0.511702815625 0.3442287828125 0.528068396875 0.36009716875 0.5284662375 0.3719821484375 0.52544300625 0.385171828125 0.5131248515625 0.393631978125 0.50012280625 0.3927826921875 0.5 0.37912611875 0.5
0 0.33546861875 0.5 0.341174971875 0.5077112921875 0.35162886250000003 0.505429484375 0.3576440359375 0.5 0.33546861875 0.5
1 0 0.5 0 1 0.26911827499999996 1 0.286149384375 0.9891075687499999 0.30338362343749997 0.9754775359375 0.322733921875 0.96310184375 0.337044825 0.9556876062499999 0.3483671546875 0.9412027140625 0.3619319328125 0.9365256640624999 0.35838070625 0.9179933484374999 0.3680232390625 0.9051622781249999 0.3790968609375 0.8915897796875001 0.384694828125 0.8800705843750001 0.391915515625 0.8896499171875 0.4130108484375 0.8889068546875001 0.43491346093749994 0.8806936578125001 0.41817255781249996 0.8744795 0.41325547656249995 0.869975059375 0.4093943859375 0.8570880890625 0.42221304374999996 0.855148225 0.4318555734375 0.842317153125 0.42513230156250004 0.8309130281249999 0.43689088906249995 0.8193362953125 0.4507043765625 0.81374685 0.448025665625 0.8010308500000001 0.434583203125 0.7962420031249999 0.4279863234375 0.7933913828125 0.43097081875 0.7824426375 0.443601925 0.7766822203125 0.439679675 0.768528196875 0.4463988671875 0.761912921875 0.44869839687499996 0.748968415625 0.43936165312500003 0.7381347421875001 0.44097621406250004 0.7231944718750001 0.43425294374999995 0.71179035 0.44053587656250004 0.702266915625 0.433066484375 0.6935999781250001 0.4362996859375 0.6817388375 0.42385205312499996 0.673300409375 0.428328796875 0.656877290625 0.43417547343749996 0.6444456984375 0.417312253125 0.6476974390625 0.41363871249999995 0.6386310203125001 0.417805590625 0.6278532484375 0.4126398015625 0.624261203125 0.4008771359375 0.6178185359375 0.41089476718749995 0.612628571875 0.4247082546875 0.6070391265625 0.42551553750000004 0.599568990625 0.4237705015625 0.5879363578125 0.41748348750000003 0.57944039375 0.40727830625 0.5808098046875 0.39371352656249997 0.58548685625 0.3739881296875 0.5902214421875 0.3569985171875 0.5849196812499999 0.3581156640625 0.5718042015625 0.3429934 0.5686691734375 0.33888360156249997 0.556694596875 0.3456639515625 0.545346371875 0.33651475625 0.5383332546874999 0.33875312812499997 0.5301216953125001 0.3291676765625 0.52020041875 0.313980178125 0.503778940625 0.3090502359375 0.5 0 0.5
0 1 0.5015748421875 0.9965029578125 0.5013438828125001 0.986189321875 0.504689165625 0.9824880578125 0.5106028031250001 0.9850283453124999 0.516612859375 0.9976708671875001 0.52005316875 1 0.5192977015625 1 0.5015748421875
0 0.9412474015625 0.8190202453125 0.9308817828125001 0.8263885343750001 0.9301955921874999 0.83273815 0.947915225 0.8328820828125 0.9697069390624999 0.8295843140624999 0.9557405546875 0.8195037375 0.9412474015625 0.8190202453125
0 0.8927428171875 0.8168431406250001 0.896128709375 0.819751053125 0.9096168390624999 0.82008921875 0.9134775218750001 0.8174230515625001 0.9175496046875 0.8139813499999999 0.9206166625 0.8103943203125 0.9246887484374999 0.8069526187499999 0.914953865625 0.796677809375 0.902047959375 0.7980360421875 0.8959138421875 0.8052101 0.8927428171875 0.8168431406250001
0 0.8779793437500001 0.7905252125000001 0.8806235984375 0.7884892546875 0.8833718218750001 0.7784072859375 0.8737443734375001 0.7754029546875 0.8648065828125 0.781365496875 0.861687540625 0.7889755328125 0.8618469578125 0.7922230031249999 0.87168580625 0.7944517984375 0.8779793437500001 0.7905252125000001
0 1 0.572789965625 0.9846713921875001 0.575406884375 0.9762638406249999 0.5870888328125 0.9775877015625 0.5937290984375 0.9906530265625001 0.5956183375 0.9968945781249999 0.59571475625 1 0.5961637984375 1 0.572789965625
1 0.55 0.5 0.55 0.97940889375 0.6220688015625 0.989709371875 0.6385720078125 0.9904835171874999 0.6641169687499999 0.977249103125 0.674319703125 0.9513168546875 0.7067404234375 0.9358522546875001 0.7290069234375001 0.92698040625 0.7430183578125 0.9024049968749999 0.7540181796875001 0.8927100984375 0.7692495078125 0.8828209703125001 0.77247251875 0.8671649218749999 0.7668097203124999 0.8534484109375 0.7829940890625 0.8477276125 0.8003948828125 0.8413766062500001 0.8199096953125 0.8272702375 0.8430183359375001 0.79997975625 0.8546488984374999 0.7726417609375 0.8534809890625 0.753932475 0.8685528968749999 0.7407958750000001 0.8620964765625001 0.7261585015625001 0.8958895734375 0.6979946703125 0.8791195171874999 0.6867025796874999 0.8820791421875 0.675845075 0.8890588656249999 0.6655688734374999 0.8919630406250001 0.643417884375 0.8718070906250001 0.6292178828124999 0.8799512578125 0.622334478125 0.8930131156249999 0.6089072234375 0.8825885796874999 0.589665540625 0.9032158499999999 0.5829749765625001 0.9023113265625 0.559467146875 0.8733250187499999 0.5585001640625 0.854070125 0.5524915 0.83730006875 0.541199409375 0.8387244296875 0.5244771734375 0.8547493812500001 0.5155089046875 0.850621846875 0.5076571249999999 0.8204191125 0.5073203515625 0.8033336859375 0.504849809375 0.774913978125 0.5 0.55 0.5