0 0.1077481296875 0.51027963125 0.103999440625 0.4971490765625 0.09481746875 0.4944757375 0.0894056453125 0.49539708125 0.083199246875 0.505985915625 0.08489344531250001 0.5162888328124999 0.09509193437499999 0.5251439265625 0.10497304062499999 0.5224025640625001 0.1077481296875 0.51027963125
0 0.0463019421875 0.494262259375 0.0398736015625 0.4890018515625 0.0353828578125 0.5003577375 0.03038385625 0.5086227453125 0.0330205890625 0.5198243359375 0.0393749484375 0.5198016625 0.0435053953125 0.5159210640625 0.0493729546875 0.50327164375 0.0463019421875 0.494262259375
0 0.049203534375 0.502241353125 0.05167084843750001 0.5124126515625 0.052443965625 0.51228103125 0.058554925 0.5059449859375 0.08126164999999999 0.48936962343749996 0.0864300734375 0.48213490625000005 0.08456645625 0.470801696875 0.0800446484375 0.4578027640625 0.0665628125 0.4579797296875 0.0613943890625 0.465214446875 0.056903645312499994 0.4765703296875 0.053355439062499996 0.48882488593750006 0.049203534375 0.502241353125
0 0.0425436453125 0.4472410203125 0.0393342796875 0.461556159375 0.0414627546875 0.469666875 0.05269921875 0.4751678484375 0.0566602453125 0.47025695624999997 0.058058518749999996 0.4594275578125 0.0549875078125 0.4504181703125 0.0425436453125 0.4472410203125
1 0.3390625 0.5296875 0.3390625 0 0 0 0 0.338690846875 0.0114636234375 0.3307317609375 0.0235471859375 0.34138419531249997 0.0209415171875 0.35453742187500004 0.018431287499999997 0.363437859375 0.0282909359375 0.37023236718749997 0.029455415625 0.38698027968750004 0.042629478124999995 0.4090975453125 0.053579628125 0.42735688749999995 0.06290955937500001 0.4405963875 0.0706192765625 0.44881605 0.07851987187500001 0.448530134375 0.087510965625 0.459709053125 0.0942566875 0.4765659109375 0.1127375265625 0.4681239375 0.1270664625 0.47309843125000006 0.1342464625 0.48776308437499993 0.14190365625 0.48116379687500005 0.14461437187499998 0.49764846875 0.13376926718749999 0.509027025 0.1335783890625 0.5175326015625 0.1337486 0.5296875 0.3390625 0.5296875
0 0.587944765625 0.5296875 0.5885690453125 0.516735225 0.5728632953125 0.513054265625 0.5618702296875 0.5138666640625 0.55788774375 0.5283134234375 0.55948625 0.5296875 0.587944765625 0.5296875
0 0.5350138453125 0.46654125312500005 0.5277169500000001 0.46566525625 0.5185135187500001 0.472527784375 0.5179838015625 0.4789727765625 0.5226010484375 0.48771892031249997 0.5294636671874999 0.49078712500000005 0.5335941140625 0.48690652500000003 0.5361043453125001 0.47800608593750005 0.5350138453125 0.46654125312500005
0 0.36752630000000003 0.3711366390625 0.362283896875 0.373088278125 0.35324988749999997 0.380981096875 0.35158675625 0.39503299375 0.36205010312499997 0.4006655890625 0.374515421875 0.394306871875 0.3780636296875 0.382052315625 0.36752630000000003 0.3711366390625
0 0.41515855 0.1533186765625 0.42905320625 0.160485371875 0.43629758281250003 0.146542421875 0.43075925625 0.1273617375 0.4164303203125 0.1223872453125 0.41092305937500007 0.12756137812499999 0.4095247859375 0.138390778125 0.41515855 0.1533186765625
0 0.512266184375 0.5296875 0.5181413703125 0.5234296234375 0.535679671875 0.5140889750000001 0.5461644796874999 0.5101857046875 0.5541605125 0.5056470015625 0.565778734375 0.4941368234375 0.5621040234375 0.48628934843750005 0.55241379375 0.48052513281250003 0.5464937109375001 0.478355603125 0.53538375 0.49295665624999996 0.525650603125 0.5062641765625 0.5105270921875 0.5109571703125 0.503876778125 0.5296875 0.512266184375 0.5296875
0 0.423233678125 0.34258821875 0.4200243125 0.3569033578125 0.42797742968749997 0.3714363921875 0.44000846875 0.3672698765625 0.44408639375 0.3485703296875 0.43405732343750003 0.3407455296875 0.423233678125 0.34258821875
0 0.3532803296875 0.062176270312500004 0.36956832031250003 0.07423118437500001 0.383558415625 0.07714509375 0.393100684375 0.07234315 0.3929527234375 0.061776989062499996 0.3776072703125 0.050620743749999995 0.3611284015625 0.047071406249999996 0.35373606562500004 0.0504481953125 0.3532803296875 0.062176270312500004
0 0.389373453125 0.0496767265625 0.3924444640625 0.0586861125 0.39862940468749997 0.057633146875 0.40611717968749994 0.0500035703125 0.40149993281250007 0.041257425 0.394541875 0.042442010937500003 0.389373453125 0.0496767265625
1 1 0 0.4545463625 0 0.4493281734375 0.0034590484375 0.4481733015625 0.0206018234375 0.45003691718750005 0.0319350328125 0.4465626921875 0.04947266875 0.4452383984375 0.0655851515625 0.45174071875 0.0761286375 0.4548857125 0.0904211046875 0.45520309374999995 0.10201755625 0.449917775 0.1230409296875 0.4433725359375 0.13156917968749998 0.4389557734375 0.14820814375 0.44466351875 0.16841912187500002 0.4442817640625 0.185430271875 0.4364862140625 0.215354084375 0.453060521875 0.2146506375 0.45890662187500003 0.2115370875 0.46050537968749994 0.22609279531249998 0.44818802187499995 0.24301767343749997 0.44343242031249996 0.2575960546875 0.44237298437499994 0.2704860390625 0.4532706109375 0.27392643125 0.45313225468749996 0.29725095625 0.4392901203125 0.3049032078125 0.45202990468749993 0.3292126796875 0.46628485937499997 0.328904090625 0.46839187656250003 0.346550675 0.47180172656249997 0.35762064374999997 0.485135603125 0.3468775171875 0.49528156875 0.3409136609375 0.5032346859375 0.3554466953125 0.49316270156249997 0.36669363125 0.50230175625 0.3884387078125 0.5097680734375001 0.3903449984375 0.51194906875 0.4132746625 0.5198067484375001 0.432060484375 0.5384666140625 0.45853948593749994 0.5573173578125 0.47651291406249996 0.571529396875 0.4952760625 0.5895019765624999 0.48374321093750006 0.609390696875 0.49836252031250006 0.622099415625 0.49831717343750004 0.6267906421875 0.5123464 0.6123448109374999 0.5211605640625 0.613362934375 0.5296875 0.9777626890625001 0.5296875 0.9898362531250001 0.5162054921875 1 0.5062359468750001 1 0
0 0.3049217515625 0.6327199203125 0.306566778125 0.6199794484375001 0.302355871875 0.605743846875 0.29357197031250004 0.6035011546875 0.2828566875 0.6065714343749999 0.2771748234375 0.61750708125 0.2789686796875 0.6284160546875001 0.291677134375 0.6374668546875 0.3049217515625 0.6327199203125
0 0.3390625 0.6957512671874999 0.3375140828125 0.694457415625 0.3275090328125 0.6961607390625 0.3246681 0.7016285640625 0.3271721890625 0.7111705796875001 0.3351335765625 0.7197835109375 0.3390625 0.719114625 0.3390625 0.6957512671874999
0 0.08874385625 0.8078340468749999 0.0875479546875 0.8005613984375 0.085069109375 0.7798007124999999 0.0813438734375 0.774204715625 0.06332694531250001 0.789732446875 0.0613955640625 0.7950454234375 0.0596382546875 0.812789178125 0.065892825 0.8167085234375 0.08155449218750001 0.8152882171875 0.08874385625 0.8078340468749999
0 0.624014840625 0.81457509375 0.622151225 0.8032418828125 0.6162526015625 0.7915364828125 0.611613896875 0.79232620625 0.6045604 0.7977635796875 0.60582031875 0.8102587031249999 0.6135300359375 0.818478365625 0.6189418578125 0.8175570203125 0.624014840625 0.81457509375
0 0.3506796828125 0.897120065625 0.37101453281249996 0.8661206140625 0.37886260625 0.8510157515625 0.3855772625 0.8435177953125 0.389146928125 0.8217273687500001 0.38288800625 0.8174972562499999 0.3628394734375 0.835738340625 0.353445165625 0.8511064453125 0.34789498750000003 0.8753523140624999 0.3506796828125 0.897120065625
0 0.564360534375 0.7272906140625001 0.5684384578125 0.7085910640625 0.5634083921874999 0.6925012578125 0.5576577296874999 0.691362015625 0.5491319796875 0.7023457109375 0.5478291421874999 0.708922325 0.5520121125 0.719860675 0.5565553796875 0.7233237375 0.564360534375 0.7272906140625001
0 0.6000097734375001 0.683092590625 0.6040018640625 0.7025365156250001 0.61359665625 0.7125535218750001 0.6257016765625 0.7136700874999999 0.62905900625 0.7099211078125001 0.6296841609375 0.6992233265625 0.626973446875 0.68273865625 0.624749534375 0.6788807296874999 0.6087049437500001 0.6731391859375 0.6000097734375001 0.683092590625
0 0.6407223906249999 0.602021953125 0.6478498671875 0.601867659375 0.6555810421875 0.600551453125 0.65260546875 0.5872892796875 0.6431061171875 0.5730194859375 0.6355443609375 0.5753659843750001 0.6343155078125 0.587225678125 0.6407223906249999 0.602021953125
1 1 0.5296875 0.654944165625 0.5296875 0.6525958624999999 0.55339859375 0.6629637718750001 0.5632839781250001 0.6710337859375001 0.5640283546875 0.6864842859375 0.6048224984375 0.700135540625 0.605675821875 0.6974344328125 0.6230818359375 0.6886438234375 0.637288028125 0.6934090328125 0.656600334375 0.6866729171875 0.6736341593749999 0.6910038468749999 0.6951386687500001 0.7037865484375001 0.7003764046875001 0.7152664140625 0.71219075 0.7455445 0.727159575 0.75359305625 0.737439821875 0.7825993734375001 0.7833400765625 0.793687875 0.778274890625 0.804638025 0.79653423125 0.808873515625 0.8222915296875 0.8246532484374999 0.83125556875 0.8187642296875 0.8534408546875 0.80601259375 0.8725579390625 0.8240162390624999 0.885379903125 0.8443081734375 0.8734521921875 0.8592408062499999 0.8772647718750001 0.8697566765625 0.8977163171875 0.8719376734375001 0.920645978125 0.874044690625 0.9382925640625001 0.8974076359375001 0.9353742359375001 0.9086870171874999 0.9218034734374999 0.92816291875 0.9290791203125 0.9346341734374999 0.9152677890625001 0.9470040546875002 0.9131618578125 0.950826725 0.9315754921875001 0.9550096937500001 0.9425138421875001 0.9742636515624999 0.9339402453125001 0.9822596859375 0.9294015421875 0.9994162328125 0.9370720484374999 1 0.9368547249999999 1 0.5296875
0 0.5774871890625001 0.9231140953124999 0.55738613125 0.9265362312500001 0.5541767656250001 0.9408513718750001 0.5559449421875 0.9564373703125 0.56872764375 0.9616751062500001 0.583438334375 0.94963844375 0.5866477015625 0.9353233062499999 0.5774871890625001 0.9231140953124999