0 0.306840853125 0.06900470625 0.3088726328125 0.0557783546875 0.307061096875 0.044442346875 0.31875190781249996 0.03607213125 0.2968180171875 0.0285198203125 0.2862474546875 0.038959117187499996 0.285496778125 0.0515553515625 0.306840853125 0.06900470625
0 0.23496861875000002 0.18994425937499998 0.2472971015625 0.19174070468749999 0.252689621875 0.1847215921875 0.25301134062499997 0.17932320625 0.2472492484375 0.171677 0.23374689843750002 0.16871120625 0.22600664531249998 0.17339161875 0.2217879890625 0.1815800765625 0.23496861875000002 0.18994425937499998
0 0.06313209843749999 0.1102709234375 0.056351229687500004 0.119719609375 0.056988899999999995 0.12988626875 0.067875415625 0.135012021875 0.08047199375 0.1323098109375 0.078928559375 0.116475146875 0.06313209843749999 0.1102709234375
0 0.1267048109375 0.086862828125 0.12884383125 0.07183701718749999 0.124201984375 0.0662598921875 0.11080687812500001 0.0614946359375 0.10424048906250001 0.067344396875 0.101088459375 0.0785016640625 0.10823889843750001 0.083718296875 0.11432271093749999 0.08596611562499999 0.1267048109375 0.086862828125
0 0.150145821875 0.048259234375 0.137870959375 0.0455630578125 0.1346653109375 0.057620059375 0.1418157484375 0.06283668906249999 0.1526486453125 0.0688621734375 0.15771944843750002 0.06724144843749999 0.1581484078125 0.060043599999999996 0.150145821875 0.048259234375
0 0.9661068562499999 0.24660285937499998 0.968603771875 0.2401782671875 0.9628449374999999 0.23039073124999998 0.95041573125 0.2261110875 0.9395263343749999 0.231467053125 0.9388882593750001 0.2421738546875 0.9404736421875001 0.2510446890625 0.9496816031249999 0.25616635 0.9615687890625001 0.25180433125 0.9661068562499999 0.24660285937499998
0 0.8438084234375001 0.41875 0.8287896625 0.386893234375 0.8221697718750001 0.37381743749999996 0.80978614375 0.3687730234375 0.8040679828125 0.376039634375 0.8178546875 0.3930139703125 0.8359592859374999 0.41875 0.8438084234375001 0.41875
0 0.751787059375 0.41875 0.7544276125 0.4108482765625 0.760282503125 0.40128735156250006 0.76069269375 0.3944044078125 0.7513480015625 0.3915770625 0.74263648125 0.3958618328125 0.7318838140625 0.39892348437499997 0.7262112281249999 0.40542532343750004 0.7254820000000001 0.41766166875 0.7267447921875 0.41875 0.751787059375 0.41875
0 0.75012723125 0.3765880546875 0.7389236984374999 0.3694785015625 0.7293966984375 0.3697102390625 0.7266718984375 0.379958690625 0.7263072859374999 0.3860768625 0.738918796875 0.38729742031250003 0.745406859375 0.3848486125 0.75012723125 0.3765880546875
0 0.45174006406250006 0.25758725625 0.44121527812500005 0.2568250484375 0.43164270312499997 0.25782156093749997 0.4279656921875 0.2663112921875 0.44098249375 0.2784678265625 0.45127939375 0.2830538890625 0.45985418437500003 0.2810634328125 0.46557234375 0.273796821875 0.4660281125 0.26614910625 0.46421484531249996 0.261102128125 0.455913515625 0.2585039546875 0.45174006406250006 0.25758725625
0 0.45128429687500005 0.2652349703125 0.4515121796875 0.2614111125 0.4528290015625 0.25705165937499996 0.454191403125 0.251927434375 0.44720689843749994 0.24496980937499999 0.4346865390625 0.24221970937499998 0.4283807828125 0.24160943124999998 0.43105510625 0.24994467187499997 0.4396705703125 0.2650083609375 0.443616140625 0.2697489171875 0.44783516875 0.269900846875 0.45128429687500005 0.2652349703125
1 1 0 0.3390625 0 0.3390625 0.1492862921875 0.3519158421875 0.158957384375 0.3622127421875 0.1635434484375 0.3637020703125 0.19176274531249998 0.3811657828125 0.20024735 0.39069278281250003 0.200015609375 0.421173296875 0.22065674531249999 0.45106621562499993 0.233420990625 0.4901215203125 0.25207166875000003 0.5015529375 0.255357365625 0.507129465625 0.2682039875 0.5239144312499999 0.27034124375 0.5463215 0.28456035 0.5713622171875 0.29006055000000003 0.5976286046875 0.29273083906249997 0.599765809375 0.27460549843750004 0.6135574140625 0.273760915625 0.6266197921875 0.2851526765625 0.639727746875 0.295779665625 0.6577383796875 0.2950870109375 0.6761543046874999 0.30533033125000003 0.6941144609375 0.32322136874999996 0.7120339421875 0.32405825625 0.7253291046875 0.3138072421875 0.733949471875 0.3110520140625 0.758579996875 0.32343515625 0.7745494828124999 0.32151938125 0.77773005 0.303623215625 0.767752184375 0.29368375 0.7757849546875 0.2830516328125 0.7858995515625 0.2906967828125 0.8266867703125002 0.28028614375 0.8407518375 0.2748529328125 0.861527946875 0.280965975 0.8694695640625 0.27186340000000003 0.862307653125 0.25014594218749997 0.8790519421875 0.2352290515625 0.8905289374999998 0.23774997656250002 0.8971032531249999 0.25159054531249997 0.9141161 0.2499039453125 0.9041382359375 0.2399644796875 0.9086763031250001 0.23476300781249998 0.9314935625 0.242099171875 0.937307778125 0.2154840984375 0.9283277 0.20653858125000002 0.9307334640625001 0.20164353125 0.9565440828125 0.211961534375 0.9731972203125 0.1985741859375 0.988898146875 0.183428121875 0.9845928640625001 0.166986815625 0.947614484375 0.184432325 0.9898145828124999 0.15031377343750002 1 0.152551003125 1 0
1 0.3390625 0.41875 0 0.41875 0 0.7980461015625 0.0074972703125 0.7977350875 0.01602158125 0.81432831875 0.0298538625 0.8305378843749999 0.03434145 0.8439201031250001 0.040059609375 0.8366534921875001 0.0572498640625 0.8497267234375 0.070813584375 0.8527059984375001 0.0769321328125 0.8741942796875 0.09385382812500001 0.8740372234375 0.0983463171875 0.8696005218749999 0.11603791562500002 0.8742612703125001 0.124749434375 0.8699764968749999 0.1337750890625 0.8781572437499999 0.129328175 0.8818291734375 0.12510914687500002 0.8816772437499999 0.12982461875 0.8912356046875001 0.1400303671875 0.8973512124999999 0.1554073546875 0.9053774656249999 0.1707843421875 0.9134037187499999 0.180493646875 0.91011289375 0.1855737328125 0.9135530828124999 0.17264318437499998 0.9176859265624999 0.1782652890625 0.9297677765625 0.1833453734375 0.9332079656250001 0.19790688437499998 0.9371811859375001 0.20661840156250003 0.9328964140625 0.20911531874999997 0.926471821875 0.2071653234375 0.9237191578124999 0.2239958640625 0.9250916421875001 0.22413259531250002 0.9227973281249999 0.23687593437499999 0.9395424890624999 0.25293657187499996 0.9360971703125 0.2464078359375 0.92149183125 0.25797598437499997 0.9224832124999999 0.2715852828125 0.924697715625 0.2776631546875 0.9291318515625001 0.286688809375 0.9373125984375001 0.30274945 0.9338672796874998 0.310959625 0.9379949937500001 0.31767067031249996 0.9495412468750001 0.32687863125 0.9546629078125001 0.33059631562499997 0.963227321875 0.3390625 0.9663553703125001 0.3390625 0.41875
0 0.0678055203125 0.9031809140625 0.070707725 0.9076922968750001 0.07764665468750001 0.9154146921875 0.08480856406250001 0.9371321515624998 0.1018669890625 0.9346807796875 0.11184975625 0.9268013249999999 0.1085422609375 0.9113539671875 0.098518821875 0.902179275 0.08618076875 0.8963700890624999 0.07338694999999999 0.8982086171875 0.0678055203125 0.9031809140625
0 0.9560190453124999 0.8456642578124999 0.9474898328125001 0.8468899421875001 0.9460362796874999 0.8535437124999999 0.9487106000000001 0.86187895 0.964406625 0.8645518031249999 0.9730725687499999 0.8610318031249999 0.973528334375 0.8533840890625001 0.9560190453124999 0.8456642578124999
0 0.9595122890625 0.680628115625 0.9700826499999999 0.68062555 0.977163209375 0.6682347140625 0.970041975 0.663571403125 0.9630118937500001 0.65737855 0.9557539265624999 0.655009553125 0.9492658640624999 0.6574583609375 0.948992403125 0.6620469890624999 0.9514388421875001 0.6742060859375 0.9595122890625 0.680628115625
0 0.9579058374999999 0.5834274578125 0.9746908031250001 0.5855647140625 0.9854434703125001 0.5825030640625 0.9901638453124999 0.5742425046874999 0.9873983687500001 0.567436809375 0.976012528125 0.5633863421875 0.9624943828125 0.5596422953125 0.9515138296875 0.566527803125 0.9498779703124999 0.5762406578125 0.9579058374999999 0.5834274578125
0 0.70070575625 0.9794063203124999 0.7063783375 0.9729044796874999 0.6919991375000001 0.9658721734375 0.68365223125 0.964038775 0.6752141734375 0.9637349171875 0.6746672515625 0.972912175 0.682421659375 0.9846876046874999 0.691811928125 0.9867501781249999 0.6973022062500001 0.9833074234375001 0.70070575625 0.9794063203124999
0 0.58797205 0.9732391140625001 0.5684216125 0.9642961609375 0.5626578734375001 0.97232754375 0.5699565156249999 0.9917506859374999 0.5802078390625001 0.9971015218750001 0.586472921875 0.980657653125 0.58797205 0.9732391140625001
0 0.5819397546875 0.9680402062500001 0.59046896875 0.9668145203125 0.596187128125 0.9595479093750001 0.5905650234375 0.9474660593750001 0.5783181265625 0.9401273312499999 0.5636198875 0.9384484234375 0.5613052765625 0.9418139312499999 0.56484065625 0.9534374312499999 0.57273179375 0.962918546875 0.5819397546875 0.9680402062500001
1 0.3390625 0.41875 0.3390625 0.7903679984374999 0.34703504375 0.7948024921875 0.3390625 0.8096727546875 0.3390625 0.8199073390624999 0.351335421875 0.829062715625 0.3624527046875 0.8198828921875 0.389215534375 0.831959615625 0.40210050625000004 0.8285915421875 0.4069120328125 0.8188014421875 0.43453591718749995 0.8341664234374999 0.44796781093749993 0.8216210937499999 0.45395452968749994 0.8275847734374999 0.4626155703125 0.841883690625 0.4751359296875 0.8446337906250001 0.48067178281250006 0.8404262656250001 0.49763905468749997 0.8395044359374999 0.519139490625 0.8512000531249999 0.5457200140625 0.8663358609374999 0.560600559375 0.86495568125 0.5684510234375 0.8573826484375001 0.573080240625 0.850651634375 0.5801608015624999 0.8382607968750001 0.5756732140625 0.8248785796875 0.5921847203125 0.8316044640625 0.6118263109375001 0.839017875 0.6377329875 0.8299874171875 0.6475334453125 0.8251670484375001 0.6755268484375 0.816594940625 0.6935374828125 0.8159022859375 0.6932689234375 0.8026719953124999 0.70983090625 0.7908141921875 0.72520789375 0.7988404453125 0.7373229640625001 0.79065456875 0.75664551875 0.8034213796875 0.7658079046874999 0.8093078125 0.78595084375 0.8083087359375 0.7887212203125 0.7972955140625 0.7704420265625 0.7847578796875 0.7870495875 0.772135303125 0.8095982875000001 0.7662411765625 0.820123075 0.7670033843749999 0.8319646828125 0.7634061359375 0.8427173515625 0.7603444859375 0.8592744343749998 0.7663056 0.8751527640625 0.76591936875 0.88068861875 0.7617118421875 0.8814178453124999 0.7494754984374999 0.873298825 0.743818240625 0.8674944124999999 0.7347954781249999 0.8583776046875 0.7281442734375 0.872128534375 0.7102455437499999 0.8680511359375 0.68998038125 0.8686436343749999 0.680038353125 0.8710493984374998 0.675143303125 0.8710998765625 0.6565596125 0.8815839875 0.6402676734374999 0.8860358015625 0.618776825 0.890123003125 0.60340415 0.9030535515625001 0.59927130625 0.912311990625 0.5858092765625 0.9017009546875 0.5687576937500001 0.8960381749999999 0.5396216984375 0.883112528125 0.525935621875 0.88928645625 0.511021296875 0.8776320562500001 0.4937405390625 0.8524139328124999 0.47348050624999993 0.853781234375 0.4505373625 0.855417096875 0.44082450937499995 0.8424873796875 0.41875 0.3390625 0.41875