0 0 0.234063603125 0.013976846875 0.2470090890625 0.02095350625 0.2482986484375 0.0256786265625 0.23278169375000002 0.011544565625 0.218695925 0 0.22033291562500001 0 0.234063603125
0 0 0.347289184375 0.0057202515625 0.3449957359375 0.009554940625 0.3315386 0.0054679453125 0.319895290625 0 0.319703996875 0 0.347289184375
0 0.0086645078125 0.333598415625 0.0141332578125 0.33378973749999996 0.01836705625 0.3276649515625 0.0190767453125 0.3140984875 0.0122638609375 0.3096782046875 0.004342176562499999 0.3114920359375 0.0023429453124999998 0.319785965625 0.0086645078125 0.333598415625
1 0.6 0.51875 0.6 0.119480875 0.598345921875 0.117948853125 0.5968380140625 0.11685061562500001 0.5893530625000001 0.11031585156249998 0.574891453125 0.102491528125 0.5590480859375 0.106119190625 0.5559230859375 0.1060098625 0.5434061171875 0.09093518125 0.5418982078125001 0.08983694375 0.5338503734375 0.0791005515625 0.5214049640625 0.07761966875000001 0.5146466703125 0.0721558109375 0.503364653125 0.06339724062499999 0.4904655421875 0.05562758125 0.47985559218749996 0.048983490625 0.47489513437499997 0.05403736875 0.46581006093750005 0.0631288875 0.45632587812500003 0.0648880546875 0.439919628125 0.06431408749999999 0.43350585468749997 0.0672261546875 0.4130295796875 0.0696462515625 0.3979674640625 0.0733012421875 0.388210325 0.08027828125 0.38268698125 0.0811305328125 0.3631557328125 0.0804472359375 0.35181912187500003 0.07273223906250001 0.3352490984375 0.07528899375 0.3274365984375 0.0750156765625 0.318406115625 0.0830636203125 0.313445659375 0.0881175015625 0.2998744828125 0.0782333609375 0.2893021515625 0.0559083265625 0.27340419531250004 0.060579559375 0.277054459375 0.08057146093749999 0.288718615625 0.0820250109375 0.2959306109375 0.093777646875 0.2869001296875 0.101825590625 0.2713843125 0.09919180625 0.263534190625 0.1145994328125 0.25499503125 0.113255209375 0.245473228125 0.13069531875 0.25050524687500003 0.1392352359375 0.2439446671875 0.159915396875 0.226647984375 0.1614012453125 0.22199810625 0.145556309375 0.2088260390625 0.1430045203125 0.2049367578125 0.15750523125 0.2149085828125 0.1913095859375 0.21076699843750002 0.1807098515625 0.1948144484375 0.18642466093750001 0.1998634359375 0.20960194843750002 0.18659915625 0.2237746765625 0.164942521875 0.21883508906250002 0.1623973765625 0.2375647625 0.13879242187500002 0.284831215625 0.13066934218749998 0.3054567140625 0.1263809515625 0.31262507500000003 0.10881131250000001 0.31932879375 0.0960759765625 0.3084284109375 0.0944212640625 0.3250982671875 0.0890410453125 0.3531381125 0.0723072453125 0.3588255890625 0.0713246 0.377609925 0.08400534531250001 0.38955388125 0.0766089234375 0.411250284375 0.093414284375 0.4191566046875 0.0854003890625 0.437694953125 0.0961534609375 0.47152663749999996 0.09008420624999999 0.48281462968750005 0.0833259125 0.47735077343750004 0.0690996390625 0.47998952343749995 0.0751482421875 0.4990198453125 0.07309442031249999 0.50835735 0.0718773015625 0.51875 0.6 0.51875
1 0.6050425781250001 0 0.6011566625 0.00547365 0.6 0.0073211125 0.6 0.51875 1 0.51875 1 0 0.621672040625 0 0.6198520703125 0.0071731890625 0.60879619375 0 0.6050425781250001 0
0 0.319799721875 0.626296715625 0.329338496875 0.6234939749999999 0.33422739218749997 0.6048463 0.3222017453125 0.58037945 0.3148429453125 0.5863949093749999 0.30624919687499996 0.586094259375 0.3024145078125 0.5995513984375 0.3017048203125 0.6131178625 0.3067914296875 0.6206142046875 0.319799721875 0.626296715625
0 0.24567318437500002 0.6069756749999999 0.253321909375 0.6103797156249999 0.2607353 0.6033206828125 0.264498428125 0.5762697484375 0.25931960625 0.585497925 0.2533425625 0.5800614000000001 0.2425142453125 0.5775916062500001 0.23342917187499998 0.586683125 0.23678950781250002 0.597255525 0.24567318437500002 0.6069756749999999
1 0.6 1 0.6 0.51875 0.45679898124999996 0.51875 0.45105708437500003 0.5409770875000001 0.4310345125 0.549685959375 0.4252005921875 0.571437028125 0.41544345156249995 0.578414065625 0.3993647515625 0.5715786515625 0.3916238125 0.58489913125 0.38382828125 0.5992631828125 0.3924935921875 0.61315763125 0.3874409234375 0.6349360296875 0.3957786859375 0.6550919203125 0.40082767500000005 0.6782692078125 0.38927269999999997 0.6747285078124999 0.3891804859375 0.691453028125 0.38792488125 0.7154552328125 0.3793311328125 0.715154584375 0.372589809375 0.724328096875 0.37046074375 0.765027490625 0.3787269453125 0.7715895859375 0.378235621875 0.7809817546875 0.3696964640625 0.7796375281250001 0.35770475625000003 0.784445425 0.35677670156249996 0.8021861843749999 0.3718011953125 0.8142121375 0.3787402328125 0.8311826421875 0.3667485265625 0.8359905375000001 0.3549921546875 0.851261503125 0.341874678125 0.8476661421875 0.332844196875 0.855714084375 0.32962698437500004 0.8723292765625 0.3466676796875 0.8906986703124999 0.332223040625 0.8975117156250001 0.3427783984375 0.9051993812500001 0.3431229171875 0.9135753078125 0.37833375937499997 0.9137616656249999 0.3739907765625 0.9219735984374999 0.382147796875 0.9306228421875 0.394647796875 0.9310601515624999 0.3954460171875 0.9457248546875 0.393337603125 0.95610593125 0.388830846875 0.9674485890625 0.40474577343749996 0.9774147265625001 0.421841059375 0.9947405437499999 0.42126188437499995 1 0.6 1
0 0.3357994984375 0.7094497046875 0.3397227171875 0.7242237359375 0.35445728593750003 0.7268301890625001 0.35836353593750003 0.726966846875 0.3609256515625 0.7228745453125001 0.36112704687499997 0.704062878125 0.35475089375 0.691294 0.346102553125 0.6920369265625 0.3357994984375 0.7094497046875
0 0.7905371046875 0.5261229421875 0.7876474390625 0.5364766890625 0.7897182328125 0.54177655625 0.791226140625 0.54287479375 0.797984434375 0.5483386515625 0.806179075 0.54130695 0.8074516468749999 0.5319421140625 0.8031462859375 0.524473103125 0.7985679703125 0.5222219640625 0.7929900375 0.5241177890625 0.7905371046875 0.5261229421875
1 0.6 1 1 1 1 0.5346589640625 0.995115421875 0.535371025 0.9924817453125 0.52586953125 0.98639551875 0.522520153125 0.9710604453125 0.5313930171875 0.960849603125 0.532081278125 0.9454429703125001 0.5273603437500001 0.9276549640624999 0.5382383609375 0.9116308546875 0.5303593734375001 0.8945149140625 0.5433518687500001 0.8788353250000001 0.5438488078125 0.8741478234375 0.5436848171875 0.8631387625 0.529708375 0.8529825125 0.5293530609375 0.8547427265625 0.5555517437499999 0.8494923437499999 0.551186125 0.8479128734374999 0.536494090625 0.8282008781249999 0.5243041484375001 0.8164990984375 0.538531540625 0.818914409375 0.5522073328125 0.8303771718749999 0.5724725515625 0.8177679890625 0.574122390625 0.8094641671874999 0.583241240625 0.8037770500000001 0.5872242140624999 0.798325271875 0.6016702640625 0.782717240625 0.615760996875 0.7791931296875 0.60831931875 0.8017608484375 0.5808807734375 0.79923635625 0.56929213125 0.78015880625 0.5748976125 0.7694566421875 0.584978040625 0.759354984375 0.583579153125 0.7571713265625 0.625322121875 0.751030509375 0.6230163187500001 0.7407481062500001 0.6101107812500001 0.74005906875 0.5933589328125 0.7208007765625 0.5874577640624999 0.7054111125 0.597374203125 0.72061635 0.6209068046875 0.7203603624999999 0.6407620453125 0.7155090875 0.6437287765625 0.702500796875 0.6380462640625 0.6991744 0.6567486046875001 0.71263639375 0.66871989375 0.6920679062499999 0.687864509375 0.68832543125 0.684597128125 0.6741537484375 0.6861923015625 0.66755923125 0.6775977234375 0.6585287484375 0.6856456671875 0.6562735296875 0.7137948390625001 0.6475160062499999 0.7166249109375 0.644462565625 0.7301093796875 0.6318327312500001 0.7620775359375 0.6349747015625 0.7768242328125 0.6279434515625 0.776578246875 0.6250368171875 0.772294621875 0.607559390625 0.7622738234374999 0.6 0.7668966671874999 0.6 1