0 0.078762140625 0.40910529999999995 0.0804032078125 0.3928205609375 0.071900996875 0.387956840625 0.0575836890625 0.385198603125 0.047254546875 0.3957183640625 0.047913003125 0.4049717734375 0.0543865578125 0.41211969843749996 0.07230444375 0.41415539843750004 0.078762140625 0.40910529999999995
0 0.039183065625 0.2959742265625 0.036511812500000004 0.301203046875 0.0450140234375 0.30606676718750003 0.042698642187500004 0.30090007343749997 0.0673609484375 0.3053365734375 0.08029220000000001 0.3074343984375 0.0670742234375 0.297885678125 0.0656723078125 0.28502724375 0.06399952343750001 0.2769159375 0.055226445312500004 0.2767993421875 0.043511246875 0.28665869375 0.039183065625 0.2959742265625
0 0.42705272499999997 0.16464191718750001 0.4188372421875 0.16722909375 0.4180087765625 0.16927245 0.4170103078125 0.182612575 0.4291130953125 0.1867537609375 0.4387146390625 0.1848269953125 0.44258608437499997 0.1793573328125 0.44322868125000003 0.1764127171875 0.4417417640625 0.16920266718750002 0.4408124375 0.1646963859375 0.429453109375 0.1641602265625 0.42705272499999997 0.16464191718750001
0 0.16158557812500002 0.47132348437499993 0.18569029374999999 0.47305621562500005 0.189747603125 0.4684878078125 0.20136194375 0.452078815625 0.199689159375 0.443967509375 0.1877722359375 0.4407275828125 0.1767846359375 0.4419939359375 0.1538959734375 0.45221838124999997 0.153253375 0.45516299687500006 0.1558554828125 0.467780584375 0.16158557812500002 0.47132348437499993
0 0.1813519671875 0.40353522656249996 0.198441390625 0.40761428593750004 0.2163434203125 0.3974519640625 0.21642842187500003 0.3918035796875 0.20006659999999998 0.3791315234375 0.1974803484375 0.378711959375 0.18437909375 0.38791089843750004 0.18069351250000001 0.3942818171875 0.1813519671875 0.40353522656249996
0 0.35830173125 0.20096364375000003 0.359974515625 0.20907494999999998 0.3605479671875 0.2239767421875 0.3654496 0.22956300000000002 0.3807653765625 0.21898111406249998 0.3840792296875 0.21080768125 0.38110539062500004 0.1963875796875 0.37278904687500003 0.1924251140625 0.359772790625 0.19597567031250002 0.35830173125 0.20096364375000003
1 0.5605312953125 0 0.5606177531250001 0.00024256406249999998 0.54688166875 0.000605703125 0.535113659375 0.00536053125 0.509375 0.0118372359375 0.509375 0.5 0.9963396078125001 0.5 0.9989448140625001 0.0522030875 0.988534034375 0 0.5605312953125 0
0 0.096928478125 0.582334971875 0.1024310015625 0.5884107078125 0.111066265625 0.5890711625 0.12330823125000001 0.5866145390625 0.127303153125 0.5802284703125 0.11708803593749999 0.5719073375 0.107978815625 0.568948678125 0.10217380312499999 0.5717091265625001 0.096928478125 0.582334971875
0 0.20368926406250001 0.5282024171875 0.2039464609375 0.5449039984375 0.20865905625 0.5471493953125 0.22294134843750002 0.544283334375 0.227252240625 0.5394294015625001 0.2233160921875 0.530646025 0.214753078125 0.5251844453125 0.2112186328125 0.5235003984375 0.20368926406250001 0.5282024171875
0 0.1987733890625 0.5507287187500001 0.1966742890625 0.5663076015625 0.21049610468750002 0.5715116546875001 0.23168930468750001 0.571247621875 0.2365464078125 0.563890765625 0.2359009859375 0.5504581749999999 0.22937829999999998 0.5445871578125 0.215569965625 0.549751421875 0.1987733890625 0.5507287187500001
1 0.509375 1 0.509375 0.6113543531250001 0.506392653125 0.610259246875 0.4993372390625 0.617259471875 0.47830202499999996 0.618289571875 0.474338915625 0.58876955625 0.46193896562500003 0.5904601125 0.45198104531250005 0.5988405609375 0.4316500234375 0.5981338093749999 0.41697950781250004 0.6042688609375 0.4199812265625 0.61882415 0.3858283859375 0.6129133421875 0.37987886875 0.625276040625 0.380050334375 0.636410428125 0.3669327109375 0.62946951875 0.3659848 0.6248731109375 0.35184701406249996 0.6181369218749999 0.3414151390625 0.624219165625 0.31905726875 0.6342901703124999 0.3013985140625 0.6362382531249999 0.2766573859375 0.62444991875 0.2564978296875 0.634877553125 0.24474330000000002 0.6500007015625 0.24774501718750003 0.664555990625 0.25451142031249996 0.6767602687500001 0.24305938125 0.6830472328124999 0.213230915625 0.6826508125 0.18368660625 0.7196926125 0.16588334375 0.7312429453125 0.145091846875 0.7386063093749999 0.15303639687499998 0.7513719375 0.1452045390625 0.7649101421875001 0.12409707031249999 0.77074136875 0.1267828171875 0.7837645234374999 0.100877021875 0.7817831609375 0.082342609375 0.7743337078125 0.0701863765625 0.782357525 0.07177970781250001 0.8003865234375 0.0832452265625 0.8044678812499999 0.081218378125 0.8152456375 0.06835795156249999 0.8250063093750001 0.0446639484375 0.8337498953125 0.0400505640625 0.8474400140625 0.0201212453125 0.8538325890625 0.0068591171874999995 0.8564939328125 0 0.8592653374999999 0 0.8822892359375001 0.000692840625 0.8832600093749999 0.0099600453125 0.8869847359375 0.026697846874999997 0.9011768859375 0.012672751562500001 0.9207445296875001 0.015042528125 0.9322355468750001 0.019998842187499997 0.9408142046875 0.0321820328125 0.9535270265625 0.029062768750000002 0.9693106281249999 0.021000671874999998 0.9868838906249999 0.026057840625000002 1 0.509375 1
0 0.509375 0.7499553859375 0.517319046875 0.7498564156249999 0.5223341328125 0.7432656296875 0.5205962953125 0.7348388828125 0.515251759375 0.7295292140624999 0.509375 0.7301449703125 0.509375 0.7499553859375
0 0.51555801875 0.8443467968749999 0.5261613578125 0.849398940625 0.54035791875 0.8409656859375 0.55337633125 0.8319710796875001 0.5387645875 0.8229366875 0.525732696875 0.8215629703125 0.515070584375 0.8316802734375 0.51555801875 0.8443467968749999
0 0.6616236953125 0.5326244765625 0.65172455 0.5258354796875 0.6514085796875 0.52430334375 0.6396405703125 0.529058171875 0.6325129031250001 0.5408595218750001 0.6362910671875 0.5488768312500001 0.650343121875 0.550045828125 0.658576684375 0.5436069515625 0.6616236953125 0.5326244765625
1 1 0.5 0.7148946609375 0.5 0.7093276734375 0.5166694374999999 0.6901748015625 0.5165240359375 0.685475684375 0.5246469578124999 0.6822706890625 0.5348633656249999 0.669482515625 0.5398229125 0.6595968484375 0.5434022328125 0.6529431375 0.5575017875 0.6414188453125 0.568589878125 0.634205446875 0.574824034375 0.6156979921875 0.5881112203125001 0.614217353125 0.59638605625 0.5990006296875 0.6050240296875 0.5856527687499999 0.602118178125 0.5613268234375 0.60779749375 0.5536529484375 0.622101765625 0.5653621859375 0.6325163843749999 0.5746293890625 0.636241109375 0.5918141890624999 0.6319948249999999 0.590965490625 0.64333393125 0.6047873078125 0.6485379859375 0.609585634375 0.6563505765625 0.59632350625 0.65901191875 0.5814950046874999 0.664380903125 0.58182445625 0.6762813578125 0.5880311687499999 0.6806202390625 0.590400946875 0.6921112578125 0.595041290625 0.69915778125 0.5969371125 0.7083505953125 0.5923959812499999 0.7172395843749999 0.5869926703124999 0.7270993625 0.5879540609375 0.7420640890625 0.59417425625 0.7567712906249999 0.596386046875 0.767496240625 0.5869743359374999 0.7733737671875 0.5844735328125 0.7818533203125 0.5756080296875 0.7852279234375 0.5753912718749999 0.7996313015625001 0.5831778375 0.8116308625 0.5908064171875 0.82286435625 0.5980467765624999 0.8373668375 0.6134484453125 0.850231571875 0.6197408921875 0.860137646875 0.6232888171875001 0.8721900140625 0.6445677515625 0.8774931734375 0.65580303125 0.8856095890625 0.6599106453125 0.9055273515625 0.67068545 0.9217138828125 0.6812165375 0.9315671515624999 0.6966182046875 0.944431884375 0.7073072781249999 0.955051221875 0.7281257359375 0.9684244984374999 0.7482265187499999 0.9731663078124999 0.7611139031249999 0.984142275 0.7637996499999999 0.9971654296875 0.76703533125 1 0.8705875843750001 1 1 0.9746758312499999 1 0.5