0 0.07087820156249999 0.3275692359375 0.083396853125 0.3338036921875 0.0979230609375 0.3313619609375 0.1033619 0.32334854687500003 0.10153278437499999 0.31250012968749996 0.09063085 0.308247628125 0.0799413171875 0.3128615859375 0.07671758281249999 0.317009409375 0.07087820156249999 0.3275692359375
0 0.1509993 0.335173775 0.137288725 0.34469028281249997 0.14274211718750002 0.34884446874999997 0.145975553125 0.3528083796875 0.1572780265625 0.3545144703125 0.1607044578125 0.3511213765625 0.1667416828125 0.33726041093750003 0.1614909875 0.3338609546875 0.1509993 0.335173775
0 0.31034928281249996 0.44800587968750005 0.30529643281249996 0.441305284375 0.2937961140625 0.44290033281249996 0.28270603906249997 0.450060703125 0.2855389328125 0.45657102812500006 0.29059178281250003 0.46327162343749995 0.29422576093749997 0.46468912187500006 0.3037088203125 0.46365852968750004 0.3079411859375 0.4592284796875 0.31034928281249996 0.44800587968750005
0 0.4744362640625 0.4078821890625 0.46395427656250005 0.41730674062500006 0.471627625 0.4216511984375 0.475266453125 0.42712456562499995 0.48515005312500004 0.4235475609375 0.49301154374999995 0.416479146875 0.49340723437499995 0.40987686874999996 0.48795384375 0.405722684375 0.4744362640625 0.4078821890625
0 0.4476793296875 0.1386664484375 0.45817102031249995 0.13735362812500002 0.4634071609375 0.128585484375 0.4623888296875 0.12075597812500001 0.4605694140625 0.1180192953125 0.45028042187499995 0.12008684375 0.44645345000000003 0.12602635 0.44504427968750004 0.1288549859375 0.4476793296875 0.1386664484375
0 0.4390625 0.3639991546875 0.44512293906249994 0.3633405234375 0.4580275796875 0.35486097031249997 0.45982759062499995 0.3413741859375 0.45518013125 0.336183046875 0.44206794531250004 0.33985200625 0.4390625 0.34110991562500004 0.4390625 0.3639991546875
0 0.888776571875 0.456667709375 0.8825123953125 0.4494946140625 0.8689899656249999 0.4475982515625 0.8536675265625 0.4591886703125 0.855293946875 0.469282359375 0.8623640546875 0.47541849999999997 0.8724600562500001 0.48070795625 0.8863830265625001 0.480057909375 0.8924251015625 0.4702528109375 0.888776571875 0.456667709375
0 0.9466301984375001 0.40558739218750006 0.959742384375 0.4019184328125 0.9669957874999999 0.3925858328125 0.9587095 0.3819213265625 0.9431698109374999 0.38058941874999996 0.9359115578124999 0.38586615 0.9357185640625 0.39322315625000004 0.943797303125 0.3990770671875 0.9466301984375001 0.40558739218750006
1 1 0 0.5014088515624999 0 0.4999825453125 0.0023146125 0.505045096875 0.017126940625 0.5173659015625 0.0266625390625 0.5052720484375 0.038161003124999995 0.4923722609375 0.050696421874999995 0.48149943281249996 0.07077912187499999 0.474072440625 0.1036921921875 0.47733498281250003 0.13199130312500001 0.4880487734375 0.1476566765625 0.480805071875 0.16510100781249998 0.4943372046875 0.17510910468750002 0.477432003125 0.213108634375 0.498825625 0.21604831562500001 0.5016633703125 0.22661450468750002 0.5004665968750001 0.23830960625 0.5091679796874999 0.2585953 0.5352042078125 0.2626702546875 0.531179390625 0.27191089687500003 0.52595295 0.288790775 0.545541709375 0.3011613734375 0.5298187296875 0.315298203125 0.5427573265625 0.335209715625 0.5701881734375001 0.32428843125 0.5911715515625 0.3216627890625 0.6125651750000001 0.3246024703125 0.6198476828125 0.339605071875 0.6095732421875 0.35384021875 0.617449284375 0.35893940468749996 0.645686065625 0.3469811640625 0.6628327703125001 0.3421832953125 0.6943029875000001 0.3341889671875 0.7116717921875 0.346369290625 0.7421430828125001 0.34676892187499997 0.754068196875 0.362906796875 0.7873481265625 0.34953741875 0.792816071875 0.3658592015625 0.8166371953125001 0.37379975 0.8160485109375 0.3877590328125 0.8253385765625 0.3940854453125 0.8475381328125 0.3959881703125 0.866098859375 0.392417528125 0.8749592765624999 0.376955153125 0.9001750203124999 0.3698994625 0.912669415625 0.3558545859375 0.9241745859375001 0.35831540624999997 0.9354819124999999 0.3640773625 0.9671596765625001 0.3608936265625 0.9708033546875001 0.3704228609375 0.9871538296875 0.37477368125 1 0.3673500984375 1 0
0 0 0.8669798609375 0.00125511875 0.8666286624999999 0.013749515625 0.8525837859375001 0.00223949375 0.8460671015625 0 0.846443540625 0 0.8669798609375
0 0.07002523125 0.8319684453124999 0.05287852656249999 0.8367663140625 0.05087096875 0.845442503125 0.0545097984375 0.8509158687499999 0.070450028125 0.8497013671874999 0.0783212203125 0.850744684375 0.0867762453125 0.833772853125 0.07002523125 0.8319684453124999
0 0.1372028796875 0.8156056046875 0.1364115 0.8288101593749999 0.14206758749999998 0.8337190718749999 0.1565889453125 0.8272214734375 0.1587943484375 0.815244146875 0.1474870234375 0.809482190625 0.1351856203125 0.816170059375 0.1372028796875 0.8156056046875
0 0.18333408906249998 0.749142140625 0.18818424218750002 0.75508800625 0.1952495015625 0.7571682796875 0.20211206406249999 0.7584938265625001 0.20756060468749998 0.75859214375 0.2150118515625 0.74595840625 0.2111654765625 0.73567444375 0.203294284375 0.7346311265625 0.192402053125 0.7384903578124999 0.1869583640625 0.7424479078124999 0.18333408906249998 0.749142140625
0 0.11436508593750001 0.6175118265625 0.10569766249999998 0.625617196875 0.120841659375 0.6335513828125 0.13657434375 0.627526284375 0.134141990625 0.6184695515625 0.1256627078125 0.6151620515625 0.11436508593750001 0.6175118265625
0 0.1045563171875 0.4890625 0.10291223125 0.49007387031249994 0.0892113625 0.5077021125 0.09445235468749999 0.5029898359375 0.119479953125 0.5073470171875 0.1325872890625 0.4996221921875 0.1338439515625 0.4890625 0.1045563171875 0.4890625
0 0.3365207234375 0.770382678125 0.32843713281250003 0.7604729 0.313915775 0.7669704984375001 0.30686991875 0.7811136921875 0.321816075 0.792349015625 0.33694552031249997 0.7881156 0.3365207234375 0.770382678125
1 0.4390625 0.4890625 0.1424176140625 0.4890625 0.14226334375 0.49123459374999995 0.13501964375 0.508678925 0.1267673125 0.526405484375 0.14353288125000002 0.5403774921875 0.141935565625 0.554619003125 0.15001430625 0.560472915625 0.1625475109375 0.5788749734375 0.150661203125 0.59518403125 0.1579340078125 0.6020749000000001 0.17026936718750002 0.6237780953125001 0.183405809375 0.64038846875 0.182821975 0.65840361875 0.2009870109375 0.6614352546875 0.2008085703125 0.6809598609374999 0.1756170828125 0.708294884375 0.143992678125 0.7560931515625 0.187131953125 0.7188674359375 0.219181153125 0.6888020890625001 0.22524263281249998 0.695220459375 0.22021403906249998 0.7087991953125 0.24461414375 0.694668728125 0.2524998921875 0.7078796453124999 0.2613991171875 0.7248642015625 0.25637537187500004 0.7424988062500001 0.2727258453125 0.7468496265625 0.2868466609375 0.7428984390625001 0.30399336718750003 0.73810056875 0.3126559390625 0.72593933125 0.3312360703125 0.73859215625 0.345371440625 0.7468085703125 0.346196778125 0.76199508125 0.34319029218749997 0.7790652296875 0.3369600734375 0.8002832015625 0.3369843265625 0.820562534375 0.3368107375 0.84414300625 0.3382441625 0.8615937 0.355386015625 0.8527399640625 0.3656410546875 0.8222813500000001 0.3676340578125 0.8014375609375 0.3761133390625 0.8047450609375 0.39326004375 0.79994719375 0.4033269375 0.78090145 0.4305744921875 0.7854489046875 0.4390625 0.7858343515625 0.4390625 0.4890625
1 1 0.4890625 0.462655840625 0.4890625 0.451252290625 0.505589340625 0.4401767671875 0.5249173125000001 0.4390625 0.5265446875 0.4390625 0.8141609531249999 0.4550570984375 0.8185538421875 0.46393207031249994 0.8152590671875 0.47240164843750004 0.810454834375 0.4818944078125 0.817535975 0.482502496875 0.8198001578125 0.48151327187500004 0.8363058515624999 0.4811175828125 0.8429081296875001 0.48477096406250003 0.860549096875 0.4930475484375 0.8631018703125001 0.5077716015625 0.857359 0.5168589703124999 0.8629306859374999 0.5271625171875 0.8730307359375 0.53705096875 0.8735095984375001 0.5503609984375 0.8665395 0.559655915625 0.8769217812499999 0.5641103796875 0.889469925 0.5627157625 0.9044661625 0.5736176953125 0.9087186656250001 0.5960296484375001 0.9194878515625 0.602501371875 0.931471540625 0.59990998125 0.958162878125 0.593617775 1 0.5947081843750001 1 0.6049725328125 0.9729752078124999 0.6247009265625 0.9333742656249999 0.6325769703125 0.9384734515625001 0.6646698296875 0.94491090625 0.6898952734374999 0.9459669484375001 0.719362784375 0.9507046734374999 0.7457850015625 0.9400656171874999 0.7708126015625 0.9444227999999999 0.7849382687500001 0.9445274781249999 0.8022925203125 0.9445402031250001 0.80936748125 0.9547322093750001 0.8081658578124999 0.9623714421875 0.81362895 0.9746373593750001 0.82654814375 0.9783254078125001 0.8392452359375 0.965035259375 0.845687853125 0.9526837484375001 0.858993034375 0.941657784375 0.8698804124999999 0.9337426859375 0.8914621781250001 0.9252694953125001 0.907605103125 0.9248097203124999 0.9102401546875001 0.93462118125 0.9160940875 0.9362289546875001 0.92537445 0.9344436328124999 0.9370677640625 0.9254915796875001 0.948162690625 0.922387075 0.957443053125 0.9206017546874999 0.966718565625 0.9147605671874999 0.9739768203124999 0.909483834375 0.9820458562500001 0.9072260140624999 0.9965720656249999 0.9047842828124999 1 0.9027432125000001 1 0.4890625
0 0.9921661109375 0.9327948046875001 0.9931650375000001 0.92440084375 0.9907326859375001 0.9153441093750001 0.9816501671874999 0.9138282921875 0.9721719578125001 0.9189147515624999 0.96552179375 0.9264556671874999 0.970174103125 0.9357026718749999 0.9746188640625 0.9401390859374998 0.9847100125000001 0.9413726765625 0.9921661109375 0.9327948046875001
0 0.6433101625 0.970362290625 0.6509786609375 0.9706508812500001 0.6544002390625 0.9632019203125001 0.6523732765625001 0.9556546421875 0.6448977765625 0.948009046875 0.6337979984375 0.9470576843749999 0.6269451375 0.9538438734374999 0.6291747953125 0.9621458781250001 0.6350335796875 0.9678095171875001 0.6433101625 0.970362290625
0 0.5423550234375 0.9215235890625 0.5457911578125 0.926242228125 0.5486192015625 0.9286966828125 0.5568957875 0.93124945625 0.564762128125 0.9282369078125001 0.5712047453125 0.915885396875 0.566957828125 0.9081478468749999 0.560095265625 0.9068223015625 0.548599796875 0.9124732156250002 0.5423501734375 0.917467721875 0.5423550234375 0.9215235890625
0 0.4390625 0.844639865625 0.443991275 0.8459935468750001 0.45347433437499995 0.844962953125 0.4593137171875 0.8344031265625 0.45970940625 0.8278008484375 0.45728190468749996 0.82279998125 0.4449756515625 0.825431984375 0.4390625 0.8289528125000001 0.4390625 0.844639865625