0 0.0499195171875 0.398460653125 0.0602598546875 0.38856634218749997 0.056888720312499995 0.38107703125 0.0496764265625 0.37568745 0.04388228125 0.369098465625 0.031204035937500003 0.36775726249999996 0.0190606234375 0.37630417656250004 0.016815893749999998 0.38050054218749996 0.0151627328125 0.38649446875 0.0199520171875 0.3927843765625 0.029380676562500003 0.3980228703125 0.044275287499999996 0.3992129875 0.0499195171875 0.398460653125
0 0.0655597359375 0.3220412015625 0.0649398 0.32428892343750004 0.07877281875 0.3332705265625 0.08684006093749999 0.3316178640625 0.0892914359375 0.32667225625 0.0921844671875 0.3161828875 0.078529728125 0.31049732343750003 0.07267884999999999 0.31199889999999997 0.065794746875 0.31724668125 0.0655597359375 0.3220412015625
0 0 0.61875 0.025954590625000003 0.61875 0.02409283125 0.6064319046875 0.007010221875 0.60134759375 0.0005394109375 0.6050968906249999 0 0.6070526515625 0 0.61875
0 0.35863034531250004 0.22928277812500003 0.3620014796875 0.23677208906249997 0.37163678437500003 0.2412613421875 0.3805022390625 0.240656996875 0.38543335624999997 0.226720503125 0.3770379234375 0.21773580468749998 0.36920569531249997 0.2145939453125 0.3657778265625 0.21519519531250003 0.35863034531250004 0.22928277812500003
0 0.438918 0.0091447296875 0.437884775 0.012890934375 0.4391894578125 0.027872653125 0.4439503765625 0.038207840625 0.45497546250000004 0.04554296875 0.4600564921875 0.0389477953125 0.46176638593749997 0.024863309375 0.4586302625 0.0125794765625 0.450413109375 0.0068908187499999995 0.438918 0.0091447296875
0 0.4796875 0.1959267578125 0.47319651250000005 0.20419685625 0.47053849062499997 0.209891703125 0.47272648906250003 0.213785896875 0.4796875 0.21996986562499998 0.4796875 0.1959267578125
0 0.4796875 0.255406490625 0.46697687187500003 0.258287078125 0.4598577578125 0.268329378125 0.4614258203125 0.27447129531250003 0.4666283953125 0.279262721875 0.47484554687499997 0.2849513796875 0.4796875 0.2850324046875 0.4796875 0.255406490625
0 0.0455535640625 0.6110855875000001 0.0587950140625 0.6182696328125 0.0680737578125 0.6161668046875 0.0693703625 0.6035808 0.0613882203125 0.5930976218749999 0.047291824999999996 0.5929558218750001 0.0438072234375 0.60164763125 0.0455535640625 0.6110855875000001
1 0.4796875 0.61875 0.4796875 0.3665440078125 0.4734254015625 0.3646802125 0.4562212484375 0.3482092984375 0.43772049218750003 0.34432438906249996 0.4222343125 0.34133671250000003 0.41083238125 0.35902250625 0.39848232656250004 0.3683186609375 0.3738389484375 0.3788204109375 0.34762750468750003 0.38318024375 0.345561053125 0.3906726515625 0.3165416796875 0.3933860125 0.29452795625 0.40223819531249994 0.267396753125 0.39416310781249997 0.253713646875 0.3925228265625 0.23405811718749997 0.3809975203125 0.2151440703125 0.3786110921875 0.211781015625 0.3986895046875 0.2197915234375 0.40512740156250004 0.2179317171875 0.41187056718750004 0.2098928421875 0.40947795 0.1836530359375 0.4178830640625 0.1497228296875 0.4029199171875 0.1336167140625 0.40217996093749997 0.1284222203125 0.42495625937500003 0.1585396328125 0.43797385625 0.129135334375 0.43814041875000004 0.1266272265625 0.4511765859375 0.13723902187499998 0.46001019843749996 0.12326417187500001 0.47125499687500005 0.101400359375 0.4874485 0.109354134375 0.5019769593750001 0.1157682140625 0.506318221875 0.10625445625 0.51321556875 0.0836775296875 0.5162249109375 0.086550275 0.537348546875 0.08808997187499999 0.5475357421875 0.0952455328125 0.5610158843749999 0.0831021203125 0.5695628 0.0857965890625 0.5873903921875 0.08550484375 0.600275475 0.0763760109375 0.6097196203124999 0.078567284375 0.61875 0.4796875 0.61875
0 0.4796875 0.20817498906249998 0.48144856718750006 0.2085827265625 0.49152552656250004 0.20752821875 0.491582259375 0.1994376578125 0.48362848437499995 0.1849091984375 0.4796875 0.1853216046875 0.4796875 0.20817498906249998
0 0.6226637046875 0.260341659375 0.616456271875 0.25525115625 0.6031864546875 0.25211239218750003 0.598105425 0.2587075671875 0.5992885640625 0.262302684375 0.6018614859375 0.268743678125 0.607862275 0.274583421875 0.616521084375 0.2747283171875 0.6219870375000001 0.2706799421875 0.6226637046875 0.260341659375
0 0.581286025 0.4458480734375 0.5775583328125 0.43176668124999995 0.5610672937500001 0.42847992812499996 0.554774759375 0.43552526562500005 0.5535348875 0.440020709375 0.5579108828125 0.4478090984375 0.5701474734375 0.45469406562500003 0.57942621875 0.45259123749999997 0.5806660906250001 0.44809579375 0.581286025 0.4458480734375
0 0.5563751421875 0.5519380734375 0.5662738234375 0.547587525 0.5665372015625 0.5387477234375 0.55435734375 0.5237721953125 0.5454918890625 0.5243765406249999 0.5364197875000001 0.525730125 0.5321653390625001 0.5293283390625 0.5304838125 0.53936754375 0.54029739375 0.5471528359375 0.553360565625 0.5510408421874999 0.5563751421875 0.5519380734375
0 0.7018368203125 0.37146645 0.7035467140625 0.3573819625 0.6983441390625 0.35259053749999997 0.68327125 0.348104378125 0.6756173000000001 0.3482585609375 0.6642437359375 0.361899075 0.6651918625000001 0.3702887125 0.6742072296874999 0.3770256875 0.6796164499999999 0.38106787343750004 0.6896650421875 0.3840586453125 0.6971123484375 0.3846537046875 0.7003903046875 0.3767111359375 0.7018368203125 0.37146645
0 0.7960343421875 0.3216710625 0.78761054375 0.31673164531250003 0.769081421875 0.3168920171875 0.7652402609375001 0.3189917484375 0.7645919593749999 0.32528475156250003 0.7665733125 0.3299281859375 0.78120454375 0.33995810625 0.7888584953125 0.339803925 0.7987571765625 0.335453378125 0.7960343421875 0.3216710625
0 0.895872140625 0.15680716875 0.8948105484374999 0.1645986515625 0.8972051921875 0.16774360625 0.9052157000000001 0.1741815046875 0.9142877984375 0.17282791875 0.9181573249999999 0.1666829078125 0.9171808312499999 0.16233855 0.9131897609374999 0.15709695937499998 0.9085787562500001 0.1541030921875 0.9065690343749999 0.1535049390625 0.89912173125 0.1529098796875 0.895872140625 0.15680716875
0 0.989056721875 0.07914498125 0.9830275671875001 0.07735051875 0.973363896875 0.07690654531249999 0.9670429984375 0.0879971640625 0.9681977703125 0.0956375609375 0.9689108843749998 0.10882172187500001 0.9767431125 0.11196357812499999 0.9888297937499999 0.11150722500000002 0.9902763078125 0.106262540625 0.9929626953125 0.0965224125 0.995827359375 0.0900783234375 0.9946442234374999 0.08648320625 0.989056721875 0.07914498125
1 1 0.61875 1 0.286975625 0.986313434375 0.29804029062500004 0.9864349796875 0.30942689218749997 0.9688539828125 0.31797690156249997 0.9578005296875001 0.3146870515625 0.9554707 0.3310192609375 0.9402478984375 0.31919178125 0.9356652578125001 0.3121526328125 0.9150980499999999 0.31576013125 0.9140364578125 0.323551615625 0.8995551374999999 0.32086301562499997 0.8968971171875001 0.32655786249999996 0.8747902125 0.3199781625 0.8747051125 0.3321140046875 0.8561192546875 0.3403649375 0.8526346546875001 0.3490567484375 0.8348105640625001 0.33483355625 0.8271282484375 0.33903301875 0.8218405734375 0.3463774328125 0.8081858343749999 0.340691871875 0.7920229859375001 0.3480424765625 0.7783115125 0.350447475 0.7695959703125 0.358393140625 0.7383602312499999 0.36125758750000003 0.7265369328125 0.352874140625 0.7242354687500001 0.36516106718749997 0.7303861703125 0.37834213125 0.7378051109375 0.382982471875 0.7127119921875 0.371460259375 0.7023716562500001 0.3813545703125 0.7016949875 0.3916928515625 0.6871853015625 0.3930495328125 0.6923311453125001 0.4059315203125 0.7001350078125 0.413118659375 0.696087203125 0.4159676296875 0.684648828125 0.41013098281250004 0.67300380625 0.4050435734375 0.6578458171875 0.41269325781250005 0.656370934375 0.421983221875 0.6617801546875001 0.42602540624999996 0.6582671875 0.4387624984375 0.6668976296875 0.442952675 0.6648311796875 0.45044508125 0.66258645 0.4546414484375 0.649673190625 0.45809476250000003 0.6374082328125 0.455255078125 0.643352290625 0.46918538125 0.6483482203125 0.47472604843750005 0.639041109375 0.48087415624999996 0.63996086875 0.493309075 0.6417355765625 0.49870175000000005 0.6374527609375 0.5063452421875 0.6319868078125 0.51039361875 0.6229147078125 0.511747203125 0.6214398265625001 0.5210371687500001 0.605127065625 0.5210464546875 0.5998110234375 0.53243615 0.6019422890625 0.54442090625 0.6038669078125001 0.5571549015625 0.60558488125 0.5706381375 0.6083360828125001 0.580375171875 0.6133036453124999 0.5899611171875 0.615669921875 0.5971513515625 0.6151998984375 0.60674039375 0.617979465625 0.612432146875 0.6209911609375001 0.61875 1 0.61875
0 0.22194533125000002 0.64577885625 0.21435619374999998 0.6654101984375 0.23282858593750003 0.6733403875 0.2381162578125 0.6659959718749999 0.24239907343749997 0.6583524796875 0.24254090625 0.6381260765625 0.22767466249999999 0.632890678125 0.22401178281249998 0.6382864484375 0.22194533125000002 0.64577885625
0 0.246641146875 0.9149996125 0.23865900624999997 0.9045164343749998 0.2255674671875 0.9046737109375 0.2221396 0.9052749609375 0.2220828671875 0.9133655218750001 0.22385757499999998 0.9187581968749999 0.23488266093750002 0.9260933281250001 0.2463494015625 0.9278846953125001 0.2506038515625 0.924286484375 0.246641146875 0.9149996125
0 0.19572959375 0.9379517578125001 0.186151025 0.9253719437499999 0.17190471406250002 0.917888821875 0.1712280453125 0.9282271046874999 0.1864224828125 0.9440998640625 0.195766040625 0.9614742 0.2090358578125 0.9646129625000001 0.2127271015625 0.9551719109375 0.19572959375 0.9379517578125001
0 0.577753403125 0.6813266796875 0.5764851671875 0.6898674046875 0.5794713781249999 0.6948099171875001 0.587895175 0.699749334375 0.599183640625 0.6982446625 0.604677959375 0.6901510046875 0.5946577328125 0.683114953125 0.577753403125 0.6813266796875
0 0.4796875 0.674183753125 0.49899753437500005 0.6830195796874999 0.49488491874999996 0.6663913890625001 0.48894086249999996 0.6524610859375 0.4796875 0.65091006875 0.4796875 0.674183753125
0 0.9683924015625 0.61875 0.9716665031249999 0.625068059375 0.9787005171875001 0.6271615984375 0.9877726171875001 0.6258080140625 0.9912288515625001 0.621161484375 0.9915216125 0.61875 0.9683924015625 0.61875
0 0.7477245375 0.7392120531249999 0.7621774921875 0.745945934375 0.774057525 0.7462388203125 0.7825664234375 0.7390423953124999 0.78120500625 0.7321512390625 0.7722180062499999 0.7213689828125001 0.7613711984375 0.71732989375 0.7534822359375 0.7222785953125 0.7479879171875 0.7303722515625 0.7477245375 0.7392120531249999
0 0.8375825125 0.7051507203125 0.8279755765625 0.6966161859375 0.8168653906250001 0.701416896875 0.8141790046875 0.7111570265625 0.8203580718750001 0.7202928078124999 0.8306133109375 0.722534340625 0.837469046875 0.721331840625 0.8375825125 0.7051507203125
0 0.543296271875 0.8851077578125001 0.559374021875 0.8898929921875001 0.5772832109375 0.89198034375 0.5815660265625 0.8843368500000001 0.5613189281250001 0.871013984375 0.5387419999999999 0.8740233296875001 0.543296271875 0.8851077578125001
0 0.6380408375 0.7860197640625 0.639993821875 0.794708478125 0.653470284375 0.7970980015625 0.66159425625 0.7873547765625 0.67051644375 0.778659871875 0.6685918265625 0.765925875 0.6496494125 0.7675847296875 0.6380408375 0.7860197640625
1 0.8939985203124999 0.61875 0.9109413671875 0.6402349093749999 0.9225012890625 0.657458159375 0.9462694359375 0.6856116562500001 0.950738609375 0.7088319249999999 0.9534330765625001 0.7266595203125 0.9318893750000001 0.725922659375 0.8886236921874999 0.7211528984375 0.8573879546875001 0.724017346875 0.8331862328125 0.7289753359375 0.8210995531249999 0.7294316890625 0.813972359375 0.7119062671874999 0.8070801765625 0.6895863234374999 0.8010793859374999 0.6837465796875 0.7770397812500001 0.6368651609375 0.7798638765625 0.6936470781249999 0.7832998250000001 0.720613553125 0.791581790625 0.7457793718750001 0.7884537484375 0.7610632625 0.77264745625 0.775005946875 0.768364640625 0.782649440625 0.7691061218749999 0.79178831875 0.751638590625 0.7841572078125 0.7406418703125001 0.772776796875 0.7142805187500001 0.7697953109375 0.701573903125 0.772499384375 0.6952246375 0.7876352843750001 0.7065131015625 0.7861306140625001 0.6965576875 0.7985717203125 0.671322740625 0.8072759125 0.688940184375 0.8222483453125001 0.6658284218749999 0.8153695687500001 0.6432514921875 0.8183789125 0.641071575 0.842052440625 0.6338673625 0.8642305828125 0.6193941234375 0.88910970625 0.6118333515625001 0.9046957687500001 0.6066672234375 0.923426784375 0.60291924375 0.9409583953125 0.6039605484375 0.9647799156250001 0.6010675171875001 0.9752692843749999 0.5716064875 0.9835264078125 0.57658680625 1 1 1 1 0.6879507921875 0.9988138625000001 0.6882785890625 0.9904548796875 0.702816334375 0.9713341859375 0.7011791484375001 0.9520838656249999 0.6605876359375 0.930888640625 0.6388751328125 0.9195353640625001 0.62090264375 0.9123027703125001 0.61875 0.8939985203124999 0.61875