0 0.4895847953125 0.2346275859375 0.50521839375 0.2442539875 0.51722335 0.24370328593749999 0.5293712515625 0.2348306203125 0.5240729281250001 0.22533855625000002 0.5146579203125 0.217049409375 0.5017885171875001 0.21114968906249998 0.49231768750000005 0.21746577500000003 0.4895847953125 0.2346275859375
0 0.5390625 0.12983384375 0.535001109375 0.1285002 0.525903290625 0.1244556171875 0.5132952562499999 0.13740568749999998 0.5132673453125001 0.1447083015625 0.5192279578125001 0.1553868734375 0.5390625 0.1615084078125 0.5390625 0.12983384375
1 0 0 0 0.3296875 0.45822049218750005 0.3296875 0.4568323375 0.3131996734375 0.460917721875 0.29110826093750003 0.47888329062499996 0.3012361328125 0.48141402656250004 0.2788104078125 0.482247171875 0.2643723359375 0.48143854687500004 0.2433166875 0.4734910640625 0.229078590625 0.475906765625 0.2076722171875 0.4649371109375 0.1990487578125 0.4633232515625 0.18512856718749998 0.457073359375 0.16290281874999998 0.4634628046875 0.1486154921875 0.47186702968749994 0.1305850765625 0.490982934375 0.13051943593749998 0.49046358906250004 0.12101096250000001 0.4623928109375 0.10871005156249999 0.46411831406250004 0.0934197859375 0.44474104062500003 0.07463563437500001 0.4361312671875 0.059211031250000004 0.43728160312500003 0.049017521875 0.42469808750000004 0.02647386875 0.42892980625000005 0.0242516015625 0.43353453750000004 0.0116686625 0.38034950156249997 0 0 0
0 0.8891073421875 0.037475859375 0.8868395078125 0.0492715703125 0.894799328125 0.0534399375 0.90265665 0.0502162328125 0.905941478125 0.0460092515625 0.9104114750000001 0.0396004515625 0.8987936609375 0.0346454640625 0.8891073421875 0.037475859375
0 0.880639025 0.0295131234375 0.8687833796875001 0.0183652953125 0.8622465546875 0.0181879484375 0.8598433890624999 0.031182895312499997 0.8764068609375 0.0421147625 0.8823326874999999 0.031105671875 0.880639025 0.0295131234375
0 0.8688202046875 0.04293999375 0.8731220296875 0.04632174375 0.8810818515625 0.0504901109375 0.8857200140625 0.0342907640625 0.8774895296875 0.032520867187500004 0.8693615375 0.0381430484375 0.8688202046875 0.04293999375
1 0.5390625 0 0.5390625 0.3296875 0.7766436265625 0.3296875 0.7777794218749999 0.32676216406249997 0.7918332390625 0.31013089531250004 0.7884090859375 0.28237110468750004 0.7961270859375 0.2471806265625 0.8001214187500001 0.22838615 0.8048949171875 0.21098756718749997 0.8167137359375 0.1975606984375 0.8160002437500001 0.17898218125 0.8079707609375 0.1588304265625 0.8192154109375 0.158791815625 0.8380467171875001 0.1579279703125 0.8283564078125 0.12759235625 0.8126417625 0.13403976875 0.8173455984375 0.10065779999999999 0.8231689281250001 0.082256634375 0.8308909171875 0.08023216562499999 0.836615740625 0.08760493281250001 0.850029715625 0.10154454375 0.8663881921875 0.0976922609375 0.8650637015625 0.0679273078125 0.852970228125 0.050586642187499996 0.8305137640625 0.0420725546875 0.8156071296875 0.0081585375 0.8157923125 0 0.5390625 0
0 0.20570267343749998 0.9734952515625 0.198734671875 0.9646882250000001 0.1922268015625 0.9518037937500001 0.1815464265625 0.9547275109375001 0.1908777015625 0.9849245 0.200955 0.9944001546875001 0.2005506875 0.9838723281250001 0.20570267343749998 0.9734952515625
0 0.2225914671875 0.8873354671874999 0.23053555937499998 0.8733824546874999 0.22244513281249997 0.8674663265625 0.216456609375 0.8640903671875 0.2061213328125 0.8639560328125 0.20641061249999998 0.8755032078125 0.212054034375 0.8819372171875 0.21648791093750003 0.8849788625 0.2225914671875 0.8873354671874999
0 0.3871167328125 0.6147092390625 0.3944298359375 0.6204582109375 0.4010214375 0.611434796875 0.3960961265625 0.591582065625 0.38912812343750003 0.5827750390624999 0.3817312890625 0.598933909375 0.3871167328125 0.6147092390625
0 0.430382103125 0.5770291234375 0.4449770078125 0.5676385765624999 0.4430180484375 0.5567764374999999 0.43815194999999996 0.5505095843750001 0.4292842 0.5444262984374999 0.4192661140625 0.548536521875 0.420332715625 0.5602508546875 0.4226367765625 0.568054940625 0.430382103125 0.5770291234375
0 0.399376671875 0.3296875 0.39828254531249996 0.3393829203125 0.4025734765625 0.350746528125 0.40844696562499994 0.3551418375 0.41688249375 0.3579999140625 0.42615116718749996 0.3464199171875 0.4237599828125 0.33233256875 0.4211872078125 0.3296875 0.399376671875 0.3296875
0 0.2556754609375 0.6929408984375 0.24127932031250002 0.6794042499999999 0.2310590796875 0.6782505625 0.22691448281249998 0.6867560953125 0.2259663046875 0.70221351875 0.2329343078125 0.7110205437499999 0.24427697343750002 0.7092833359374999 0.2546401609375 0.7021150578124999 0.2556754609375 0.6929408984375
0 0.157829965625 0.762735721875 0.154863615625 0.753745128125 0.1464280859375 0.750887053125 0.136322878125 0.7487140140624999 0.1338479640625 0.7565345078125 0.13868615 0.7701039765625 0.1447897078125 0.7724605828125 0.15155555468749998 0.7760036953125 0.1557872734375 0.7737814265625 0.157829965625 0.762735721875
0 0.032429646875 0.801547003125 0.0273613921875 0.790016234375 0.026584068750000002 0.7898490781249999 0.014781267187499999 0.7956636921875 0.0113860859375 0.811638996875 0.014582503124999998 0.8185908859375001 0.014526681250000001 0.833196115625 0.0262144484375 0.8284008546875 0.030934212500000002 0.8147985656250001 0.032429646875 0.801547003125
0 0.2937854546875 0.6374467546875 0.2856950265625 0.6315306234375 0.27933349218750003 0.638515334375 0.2757361515625 0.6492267265624999 0.2780402125 0.6570308125000001 0.2889227453125 0.6593710078124999 0.294046821875 0.65629654375 0.30130071406250003 0.6484596390625 0.2937854546875 0.6374467546875
1 0 0.3296875 0 0.7426650390625 0.0070883703125 0.743893171875 0.0374319078125 0.743109675 0.0454352125 0.742742540625 0.06642295312499999 0.747255775 0.08896534218749999 0.7521033234375001 0.11801220937500001 0.741644196875 0.1264477359375 0.7445022703124999 0.1367238 0.7310507296875 0.1509736046875 0.7247182359375 0.16208620468749999 0.7250197296875001 0.1675866828125 0.73977570625 0.18362120312500002 0.7317388234375 0.1840221234375 0.7140755421874999 0.19139104843750002 0.7052192843749999 0.19366380625 0.692134878125 0.190955434375 0.673802965625 0.20106064375 0.6759760046875 0.20840165625 0.6744223640625 0.2227664953125 0.6670705203124999 0.2393203609375 0.6685421109374999 0.24896543593749998 0.6747925546875 0.264368965625 0.6864576578125 0.2688307515625 0.6821966859374999 0.28480945156250004 0.6887650328125 0.29874545625 0.7063790843750001 0.3189279640625 0.718027778125 0.31754417031250004 0.7020688843749999 0.300613903125 0.682766853125 0.2916590296875 0.6704003015625 0.280027084375 0.6605903359375 0.2706120765625 0.652301190625 0.2705528640625 0.6387153109374999 0.28059886093749997 0.627302471875 0.2877656296875 0.6131823031250001 0.3020712546875 0.5922445796875 0.3111656828125 0.56809805625 0.3092346328125 0.549933303125 0.317265846875 0.5422635546875 0.32924289375 0.5490154703125001 0.34879102031250003 0.552175040625 0.373379490625 0.574167990625 0.3715913875 0.547681271875 0.353249415625 0.5197229625 0.3573940109375 0.5112174296875 0.3794762671875 0.52014238125 0.3949669203125 0.5380907468749999 0.400348975 0.5256749671875001 0.4226892078125 0.525258603125 0.39631602187500004 0.5049700421875001 0.38261008125 0.4853172859375 0.3606428609375 0.47537298124999994 0.366687203125 0.46414370937499994 0.367001003125 0.4401971640625 0.34615620625 0.42736196406250004 0.3454626140625 0.40528696249999996 0.351074734375 0.39083248125000003 0.3602875875 0.3938577125 0.36964338125 0.38856098125000005 0.36748226562499997 0.37243492968749997 0.3717418953125 0.362910046875 0.37427263125 0.340484321875 0.365587040625 0.3296875 0 0.3296875
0 0.5825499921875 0.96669285 0.5753240109375 0.9672271390624999 0.5702870578125 0.976584865625 0.573138375 0.9865948093749999 0.5745779890625 0.9879484765625002 0.5865550359375 0.9947003890625 0.5936346796875 0.9742969562500001 0.5825499921875 0.96669285
0 0.58863659375 0.8280939171874999 0.5909964750000001 0.8212927718749998 0.5910243859375 0.8139901578125001 0.5857260640625 0.8044980953125 0.574383396875 0.806235303125 0.5732330625000001 0.8164288140625 0.5774960828125 0.8350950375 0.58863659375 0.8280939171874999
0 0.7865622609375 0.5981491546875001 0.78368303125 0.5954418234375 0.7746723375 0.5976805031250001 0.7725146125 0.6097455609375 0.776488353125 0.6168646093750001 0.7833692328125 0.619388371875 0.7887233765625 0.61427520625 0.7865622609375 0.5981491546875001
0 1 0.626765615625 0.9825315765625 0.618364834375 0.9665807874999999 0.6044938734375 0.9628963265625 0.608922 0.9669571906249999 0.6223243125 0.9755077515625 0.6241630375 0.985470015625 0.6346580421875 0.9998940656249999 0.6408920765625 1 0.6410285046875 1 0.626765615625
0 0.842400971875 0.4984393671875 0.8359523156249999 0.49914081718750003 0.8342268140625 0.5144310828125 0.84061965 0.5283348640625001 0.8467232062499999 0.53069146875 0.8513871484375001 0.5316944109375 0.857173515625 0.52980645625 0.8601085640624999 0.5179085546875 0.8522761140625 0.5026511109375 0.842400971875 0.4984393671875
0 0.768007959375 0.4803536078125 0.7677499828125001 0.4896949265625 0.769939009375 0.49851836093749996 0.7744600078125 0.5078432703125 0.781455921875 0.5093476812500001 0.7861198640625 0.510350621875 0.7933458453125001 0.50981633125 0.7957336375 0.49571257187499995 0.7965667812499999 0.48127450156249996 0.7869217078125 0.47502405625 0.77514681875 0.47353605468750004 0.768007959375 0.4803536078125
0 0.73806969375 0.3717165390625 0.730930834375 0.37853409375 0.7393105421875 0.3959974 0.7518627546875 0.39765255625 0.7540204796875 0.3855875015625 0.7519464859375 0.3757447140625 0.73806969375 0.3717165390625