0 0.29898907812500003 0.065037515625 0.304302815625 0.056644728125 0.305004228125 0.041569443750000004 0.295619121875 0.042118348437499994 0.29024325625 0.0355674078125 0.2847069265625 0.0429303734375 0.2814612265625 0.049898657812500004 0.2841323421875 0.062256500000000006 0.29027175 0.0686758796875 0.29898907812500003 0.065037515625
0 0.3582219265625 0.108240225 0.3502060109375 0.09680330468750001 0.3494114046875 0.089463003125 0.3431762328125 0.0862646453125 0.33665376875 0.0927293484375 0.33722578125 0.09903983125 0.34295106875000003 0.1108714328125 0.34896364687500003 0.11303997187499999 0.3582219265625 0.108240225
1 0.007713626562500001 0 0 0.0027289828125 0 0.5390625 0.4623432046875 0.5390625 0.46875 0.5355908328125001 0.46875 0.5263327640625 0.45492557656250004 0.5263245984375 0.43994458124999997 0.49365613281250004 0.4502226328125 0.4715899 0.46085010468750004 0.4548043296875 0.45518951718749995 0.43227984375000006 0.46479978906249997 0.4071241484375 0.4553861875 0.37456458125 0.449215715625 0.3606733390625 0.43534511406250004 0.3587905859375 0.43012971406249995 0.33832573906249996 0.42316463437499996 0.3170941953125 0.42561572812500004 0.302785609375 0.44753845 0.27230392812500004 0.46239775937500005 0.24944833281249998 0.4410832578125 0.24243913906249998 0.4259081625 0.2418493265625 0.423237046875 0.2294914828125 0.4380005921875 0.20985690781250002 0.4457654203125 0.1871555375 0.462087115625 0.17472970625 0.46733872187500003 0.15139319375 0.46875 0.11500822343749999 0.46875 0.0980269640625 0.453468121875 0.14951044062500002 0.4435394921875 0.1768573328125 0.4274714546875 0.1977848484375 0.397978003125 0.21888924843750002 0.382326659375 0.2087679328125 0.37749174375 0.2010556109375 0.371005484375 0.163718959375 0.34638572500000003 0.123097715625 0.3307033171875 0.1055045375 0.33162732500000003 0.0914590703125 0.3785580046875 0.03744133125 0.348461475 0.0447633875 0.3283867671875 0.0471541359375 0.3209402953125 0.06766430625 0.3037592921875 0.0834427203125 0.28444812656249996 0.0857019078125 0.26892361249999996 0.0798314328125 0.256771625 0.071243515625 0.24531848125 0.0732169203125 0.240229909375 0.05700291875 0.254260975 0.0449717671875 0.24653235156250003 0.0238717828125 0.2320276078125 0.000734821875 0.2136378765625 0.014585153125 0.2056840921875 0.018091959375 0.192895390625 0.0138864421875 0.181442246875 0.015859848437499997 0.1811195109375 0 0.007713626562500001 0
0 0.563104321875 0.0326568671875 0.5549615796875 0.016969103125000003 0.5452581140625 0.019709207812499997 0.5404853265625 0.0269406140625 0.5386709484375001 0.0368667984375 0.5418830140625001 0.048063260937500005 0.550408815625 0.050866939062500005 0.563262215625 0.04437956875 0.563104321875 0.0326568671875
0 0.7696803843750001 0.2555613 0.7741011796875 0.26868584218749997 0.78752659375 0.26850895625 0.7918541953125 0.2592179109375 0.7945278796874999 0.2459391453125 0.7852385359375 0.243267028125 0.7766169703125 0.243684371875 0.7696803843750001 0.2555613
0 1 0.20005970781250002 0.9992220828124999 0.19998807968750001 0.9863039796875 0.2171683296875 0.9772993578125 0.2304697609375 0.9665450578125 0.2430044890625 0.9689935796875 0.2543325140625 0.9942551953125001 0.2392981359375 1 0.23342558281249998 1 0.20005970781250002
0 0.8159899906250001 0.36721747968749996 0.824357896875 0.358298453125 0.8252172046874999 0.3549458703125 0.81468806875 0.34287381093749997 0.7960136171875 0.3407505984375 0.7830333859375 0.342987125 0.7839548234375 0.35457826875 0.7947065531249999 0.36768015 0.80017818125 0.37101006718749996 0.8039311968749999 0.38104515 0.812521696875 0.37315594218750003 0.8159899906250001 0.36721747968749996
1 0.46875 0.5390625 0.751108425 0.5390625 0.7607768796875 0.5294796640625 0.7525383734375 0.5170129218749999 0.7437252796875 0.5238723078125 0.7318605843749999 0.5056213265625 0.7370474921875 0.49297769999999996 0.7439193796875 0.49179365625000004 0.7391491640625001 0.473388453125 0.7264251640625 0.45849005312499996 0.7287804906249999 0.4474024859375 0.7345083484374999 0.433597478125 0.7312005203125 0.4256220375 0.7405545625000001 0.417601271875 0.7402387781249999 0.3941558625 0.7238549546874999 0.39163796875 0.7213417328125 0.3910028296875 0.7066118250000001 0.39247265625 0.7036534171875 0.3897778765625 0.7130410953125 0.36359236250000004 0.7088428953125 0.3514976390625 0.69064469375 0.35890593125 0.6757879578124999 0.3561249171875 0.6683129921875001 0.343526615625 0.6529178765625 0.3162703703125 0.6311607609375 0.281564928125 0.6274077453125 0.271529846875 0.615444715625 0.28213649531249996 0.5860185343750001 0.2669114015625 0.6001453640625 0.2516592296875 0.5839530703125 0.24269929375000002 0.577875790625 0.251223640625 0.573677590625 0.2391289171875 0.580774640625 0.2133380828125 0.5598431953125 0.19344480625 0.5516331812499999 0.2140865375 0.5385571875 0.219544084375 0.5338491015625 0.2160826046875 0.528506871875 0.19136691875 0.5248496203124999 0.178110815625 0.49736464687500004 0.1572103796875 0.4859425671875 0.1666556484375 0.48381240312500007 0.1531364234375 0.49676156875000005 0.1434280359375 0.49374103125 0.125789528125 0.47996619531249995 0.120685753125 0.46875 0.12865950625 0.46875 0.5390625
0 0.1146418859375 0.6239041296875 0.1161379078125 0.6161691453125 0.112035471875 0.6008534015625 0.1074542140625 0.6016427625 0.1031913140625 0.600240925 0.094473984375 0.603879290625 0.09593637031249999 0.6143090531250001 0.10112070625 0.627302034375 0.10592455781250001 0.62754249375 0.1146418859375 0.6239041296875
0 0.330287271875 0.8228142500000001 0.32315915624999997 0.8411332187499999 0.3249399 0.84937178125 0.3332431078125 0.8511456390625 0.3409743 0.8466090140624999 0.34530190156249996 0.8373179687500001 0.345397665625 0.834096946875 0.3416446515625 0.8240618640624999 0.330287271875 0.8228142500000001
0 0.46875 0.8410031406249999 0.46670265468750005 0.8420364765624999 0.4670431171875 0.8471817359375 0.4604027828125 0.849531003125 0.44548134531250005 0.8574428718749999 0.44061279375 0.867895296875 0.4430302515625 0.871751459375 0.45874629687499996 0.8711798906249999 0.46875 0.869456228125 0.46875 0.8410031406249999
0 0.3648228046875 0.9642716468749999 0.373858490625 0.9584420796875002 0.3855031625 0.9500266312499999 0.3938710703125 0.9411076046875 0.4065976421875 0.9303693953125001 0.3853142046875 0.9308320640625001 0.372111384375 0.9320387703125 0.3610723609375 0.9285999546875001 0.35190984531249997 0.930178678125 0.351622553125 0.9398417406250001 0.34595939531250003 0.9429538656249999 0.3485347453125 0.9585327328125001 0.3531470671875 0.96521523125 0.3648228046875 0.9642716468749999
1 0 1 0.28866250781249997 1 0.2888489984375 0.9901802078124999 0.27647441875 0.9805624703125 0.2636857171875 0.9763569546875001 0.24402513125 0.97333548125 0.235375071875 0.9406443515625 0.21244029062499997 0.9114826921875 0.1879784234375 0.8825841515625001 0.1779591734375 0.8618788484375 0.16217842968750001 0.8731433 0.1524128359375 0.8609396796875 0.147420028125 0.8415046546875 0.13692195468749999 0.8369044578124999 0.1339324828125 0.8267378140625 0.14363851875 0.7983611015625 0.1347322328125 0.7828048984375 0.12413839687499999 0.781425721875 0.11723287499999999 0.8007745125 0.10151683125 0.801346078125 0.09098769375 0.7892740187499999 0.08252659375 0.7757774578125 0.074288084375 0.7633107171875 0.066049578125 0.7508439765625 0.0613104265625 0.739910634375 0.05746421875 0.7074599640625 0.0423848890625 0.7036491296875 0.03239413125 0.7160522968749999 0.0208762875 0.7287185875000001 0.015244193750000001 0.7393025734374999 0.0073551078125 0.7321164953125 0 0.726708871875 0 1
1 0.47056442187499997 0.5390625 0.4705624484375 0.5587398125 0.46875 0.5598184859375 0.46875 1 1 1 1 0.9048442250000001 0.9951710593750001 0.8753225640625001 0.9844503937500001 0.8696925453125001 0.97500315625 0.8552977234375 0.9848023859375001 0.849336596875 0.9848360218749999 0.8311718515625 0.97891920625 0.8257822921875 0.9697592625 0.80172440625 0.9740894328125 0.766796753125 0.9673158828125 0.7391231656249999 0.954749775 0.7359474671874999 0.9394789171875001 0.7385786750000001 0.9303164015625001 0.7401574015625 0.91154875625 0.7156186 0.9060796984374999 0.686652071875 0.8905241187499999 0.673309734375 0.8701336234374999 0.652255075 0.8608132171874999 0.6421110953125 0.857091265625 0.6395478750000001 0.8424260578125 0.63032481875 0.8356835703125001 0.6101230953125001 0.827030940625 0.603068575 0.8218466046875001 0.5900755921874999 0.8313611125 0.5681409203125 0.8204825546875 0.5507881984375 0.810015546875 0.5536598640625 0.802061759375 0.55716666875 0.7948404531250001 0.5530700515625 0.7784566296875 0.5505521578125 0.772475115625 0.55585548125 0.7638523546875 0.5390625 0.47056442187499997 0.5390625