0 0.3870171109375 0.434263478125 0.3848431390625 0.4383346453125 0.3837050859375 0.44868764375000003 0.385352475 0.4508346453125 0.3848683375 0.4580944765625 0.3934620875 0.45844464531250007 0.3997120875 0.45869931406250003 0.405664975 0.451662315625 0.40137672343749997 0.44212814843750003 0.39725825000000003 0.436760646875 0.3870171109375 0.434263478125
0 0.466671459375 0.37927266249999997 0.4553519578125 0.36945199375 0.44984076249999994 0.3681874921875 0.4486178203125 0.3764571578125 0.4514284609375 0.3880109921875 0.45727921406250005 0.3976088265625 0.4751206296875 0.3952159984375 0.466671459375 0.37927266249999997
0 0.4186252546875 0.32947781875 0.4239069796875 0.344252153125 0.434275453125 0.3498743234375 0.45046947968750006 0.3453344921875 0.4505543703125 0.3474178265625 0.45572600625000004 0.34034899375 0.45547133906250004 0.33409899374999996 0.44185053124999996 0.32522449062500003 0.42462058750000004 0.3234824875 0.4186252546875 0.32947781875
0 0.37681975625 0.3371338109375 0.3818043703125 0.34461647812499996 0.38883562031249996 0.3449029796875 0.3973020359375 0.3421281484375 0.40407861718750004 0.33616465 0.40452031093749996 0.3278631484375 0.4016247796875 0.31422598281249997 0.394253971875 0.305606146875 0.382789890625 0.3113786453125 0.3778304765625 0.323655809375 0.37681975625 0.3371338109375
1 0 0 0 0.459375 0.19539196406249998 0.459375 0.1951943671875 0.45452560468750003 0.20471394687500002 0.4393144390625 0.22177411249999998 0.43688977656250005 0.22764211093750003 0.4277694453125 0.24055860468749998 0.40021744843749996 0.25429879375 0.3737389515625 0.2399139828125 0.34611444687500004 0.26381837343750003 0.35852778750000003 0.26505856250000004 0.331539953125 0.270654646875 0.3348877875 0.28672133906249997 0.3272229578125 0.3064396140625 0.31346729687499997 0.30875816562499997 0.2938029625 0.3040879109375 0.2748937953125 0.2945855765625 0.27138679374999997 0.2941186859375 0.2599284609375 0.28978798906250003 0.24935262656249998 0.299137790625 0.22997479375 0.31590084375 0.220258465625 0.30280661875 0.20516579531249998 0.28730895312500004 0.207654125 0.28724130937500003 0.18685262656249998 0.299741309375 0.18736196249999998 0.302272084375 0.1729059625 0.29842552499999997 0.1550702953125 0.27794324531250003 0.1500759578125 0.276126078125 0.143762290625 0.29318624375 0.141337628125 0.30317271562500003 0.137584796875 0.30371654375 0.1126484640625 0.3088032921875 0.1034962984375 0.30791195312499997 0.0816212984375 0.3178559796875 0.0768268 0.3191386140625 0.050880634375 0.3189011921875 0.0259124671875 0.3066306609375 0.0118932984375 0.2873965234375 0.018389128125 0.27588999687500004 0.0231199578125 0.272952021875 0.008441124999999999 0.2630627484375 0 0 0
0 0.6068334984375 0.41606794062499997 0.6001418046875 0.42411477187499996 0.609202446875 0.43592327500000005 0.6207938625 0.43327577812499996 0.6241483328124999 0.419893278125 0.6130834984375 0.416322609375 0.6068334984375 0.41606794062499997
0 0.7735912812500001 0.1826373109375 0.778448559375 0.1869949796875 0.7815735593750001 0.1871223140625 0.782354809375 0.187154146875 0.7862186140625 0.186271646875 0.789258725 0.18431564843749998 0.7936915578124999 0.17825665 0.789275971875 0.16559748125 0.7837647765625 0.1643329796875 0.777557221875 0.1651199796875 0.7732517234375 0.174303978125 0.7735912812500001 0.1826373109375
0 0.8558440468749999 0.13399199687500002 0.8669513265625 0.13860433125 0.8755875203125001 0.13999616718750002 0.8841812703125 0.140346334375 0.887875296875 0.1352971703125 0.8876206296875001 0.1290471703125 0.8867120453125 0.12589033593750001 0.8802498218749999 0.120427334375 0.8784326546875001 0.1141136671875 0.8684886281249999 0.11890816562499999 0.8584172671875001 0.12057766249999999 0.85537715625 0.1225336625 0.8558440468749999 0.13399199687500002
0 0.8012255312499998 0.056890985937500006 0.798227865625 0.05988865156249999 0.7962236734375 0.06812648437499999 0.796435896875 0.0733348171875 0.801420509375 0.080817484375 0.808494203125 0.082145653125 0.8191345906249999 0.0752996546875 0.8428267593750001 0.082504659375 0.8185828109375001 0.0617579875 0.8073906421875 0.055062318750000006 0.8027880312499999 0.056954653125 0.8012255312499998 0.056890985937500006
0 0.788385975 0.048048315625 0.78266255625 0.041575481250000004 0.768727390625 0.044127478125 0.7683705875 0.054512310937499996 0.773779646875 0.0724116453125 0.7802418703125 0.077874646875 0.782670509375 0.08005348125 0.787400453125 0.08128614843750001 0.7901434515625001 0.0720384828125 0.79341303125 0.05657265 0.788385975 0.048048315625
0 0.5890625 0.25258960468749997 0.5930111015625 0.24911477187500003 0.59784318125 0.23371260624999998 0.5952447640625 0.22736710625 0.5890625 0.22442088125 0.5890625 0.25258960468749997
0 0.4162034171875 1 0.41669924687500004 0.9997196078125 0.42148888281249997 0.9832757781249999 0.425182909375 0.9782266109375 0.414729546875 0.970521109375 0.4087514609375 0.957798275 0.402119459375 0.94816860625 0.4013209625 0.9668549406250001 0.39498607343750003 0.9645169375 0.3868764609375 0.9569069375 0.394714159375 0.9769851046875001 0.40337555312499995 0.9981367734374998 0.404138525 1 0.4162034171875 1
0 0.4153675578125 0.8904719421875 0.4192738078125 0.890631109375 0.4263050578125 0.8909176109375 0.4248871375 0.8752607781249999 0.42376632968749994 0.8668956109374999 0.41673507968749995 0.8666091109374999 0.409916053125 0.8715309421875 0.4088204453125 0.8829256093750001 0.4122425578125 0.8903446078125 0.4153675578125 0.8904719421875
0 0.40819440937499996 0.7144302765624999 0.414444409375 0.7146849453125 0.424473325 0.7119737796875001 0.4238366546875 0.6963487796875001 0.4163809578125 0.6856456109375 0.4046622078125 0.685168109375 0.39862443125 0.6901217734375 0.39683246250000004 0.7035679406249999 0.4042032703125 0.712187775 0.40819440937499996 0.7144302765624999
0 0.4636472546875 0.6397344546875 0.46170275156249996 0.6302957874999999 0.457584278125 0.6249282875000001 0.44508427812500007 0.6244189515625 0.440651446875 0.6304779500000001 0.43959828281249996 0.642914284375 0.44462534062500003 0.6514386171875 0.44627272968750004 0.65358561875 0.4564289796875 0.6539994546875001 0.46094670000000004 0.6500237875 0.4636472546875 0.6397344546875
0 0.3542709125 0.7309519328125 0.3435031921875 0.734672928125 0.33997894375 0.7438887609375 0.3442671953125 0.753422928125 0.3520796953125 0.7537412640625 0.3581599171875 0.749829265625 0.35951019375 0.7446845984375 0.3566571078125 0.7320890984374999 0.3542709125 0.7309519328125
0 0.32800534375 0.7603195171875 0.31504658750000003 0.763671590625 0.3140358671875 0.7771495890625 0.31684650937500003 0.7887034234375 0.3231813984375 0.7910414250000001 0.3309938984375 0.7913597593749999 0.33538428593749997 0.78425909375 0.3340088109375 0.7696439265625 0.3323189765625 0.766455259375 0.32800534375 0.7603195171875
0 0.22483674062499998 0.8275917359375 0.2185018515625 0.8252537359375001 0.207988796875 0.8352247328125 0.21187780156249997 0.8541020671874999 0.21616605312499998 0.8636362343750001 0.2248022484375 0.8650280703125001 0.23185074375 0.8465964046875 0.22483674062499998 0.8275917359375
0 0.1270783546875 0.8402473828125 0.13332835468749998 0.8405020515625001 0.1416249921875 0.833560553125 0.1361734875 0.8146195515624999 0.1255927921875 0.8037890484375 0.11621779218749999 0.8034070468750001 0.1103922375 0.8135690453125001 0.11415390781250001 0.8293213796875 0.123087215625 0.83800488125 0.1270783546875 0.8402473828125
0 0.553160740625 0.5778658078125 0.5476071015625 0.575559640625 0.5420110171875 0.57221180625 0.5331029078125 0.5832881375 0.5382572999999999 0.594937471875 0.544677078125 0.5993588062499999 0.554833328125 0.599772640625 0.557703659375 0.593649975 0.55801801875 0.5822234765625 0.553160740625 0.5778658078125
0 0.5890625 0.5316115906250001 0.581040365625 0.5155656484375 0.5689820578125 0.5067548109375 0.5628593921875 0.50962514375 0.5625025890625001 0.5200099765624999 0.5689900109375 0.5452328125 0.5837064265625 0.5427126484375 0.5890625 0.5333696015625 0.5890625 0.5316115906250001
1 0 0.459375 0 0.733897640625 0.0019099171875 0.735313190625 0.026068976562500002 0.753976528125 0.03901066875 0.746184365625 0.04057316875 0.7462480328125001 0.0501603921875 0.7518383671875 0.0668637546875 0.7597985375 0.08265853437500001 0.7646018734375 0.08867906406250001 0.778366375 0.08485770312499999 0.780290540625 0.078081121875 0.7862540390625 0.0743698484375 0.810021371875 0.088899240625 0.8220527078125001 0.095633378125 0.8150475421875001 0.109144096875 0.8020788796874999 0.12039595624999999 0.7910980484375 0.1281660109375 0.7903747171875001 0.134373565625 0.7895877171875 0.146092315625 0.7900652203125 0.1631949265625 0.788682225 0.1710074265625 0.789000559375 0.1772149828125 0.7882135609375001 0.1864626484375 0.7854705624999999 0.198920203125 0.78493823125 0.20686003749999998 0.7883815656250001 0.21209931875 0.8021142343750001 0.21659979375 0.8168567343750001 0.227367515625 0.8131357375 0.23707412031250003 0.783373071875 0.24167672968749998 0.781480740625 0.26268559062499997 0.7802569125 0.27406478437500004 0.7724010796874999 0.288883334375 0.753246084375 0.3012387546875 0.7693485875 0.304211221875 0.7465910875 0.31210861093750003 0.7489927546875 0.3253898609375 0.7495339249999999 0.32831988437500004 0.725734759375 0.3410321078125 0.731452428125 0.347069884375 0.7264987640625 0.3581095203125 0.7103095984375 0.356080128125 0.6987875984375 0.35379606875 0.6810155984375 0.37176481875 0.68174776875 0.392688790625 0.67844060625 0.40597004062500003 0.6789817765625 0.427063790625 0.6798412812500001 0.43977601406250005 0.68555895 0.46059785 0.6988866203125 0.482600184375 0.7029029578125 0.47909318125 0.693400625 0.46283151250000004 0.6771389546875 0.448089896875 0.6598992859375 0.43512300625 0.647931615625 0.44234128124999994 0.6336666171875 0.45086738750000005 0.6132152875 0.4613552421875 0.5834844546875 0.4608631515625 0.5522662890625 0.4593603421875 0.534526121875 0.46396295312499997 0.532633790625 0.4695590375 0.535981625 0.479885065625 0.5405621265625 0.4837064265625 0.5386379609375 0.498295509375 0.532992796875 0.517342621875 0.54104846875 0.5177418703125001 0.5317053015625 0.5069489500000001 0.5156664656250001 0.4970646140625 0.5027844640625 0.49429641718750006 0.49227229687499996 0.47879875156249996 0.49476062656249997 0.484242303125 0.4752236265625 0.4909167484375 0.4858949625 0.5074503328125 0.489688465625 0.513301084375 0.49928629999999996 0.5228458640625 0.5038349703125 0.5440669484375 0.5078194734375 0.561042225 0.5033114765625 0.5627917484375 0.48882364375 0.5280771921875 0.4790896375 0.5071280218750001 0.46263696718749997 0.5027028046875001 0.459375 0 0.459375
0 0.929266890625 0.96559748125 0.9252757515625 0.9633549796875001 0.9297762265625 0.9780974812500001 0.93579675625 0.9918619828124999 0.9406115906250001 0.9951779828125 0.951251978125 0.9883319859374999 0.9434567250000001 0.969295484375 0.929266890625 0.96559748125
0 0.75179580625 0.955246278125 0.7507850875 0.9687242765625002 0.755897034375 0.9793319453125001 0.7646605625 0.9838487796875001 0.7701293125 0.984071615625 0.772829865625 0.9737822812499999 0.7649921671875 0.9537041125 0.75179580625 0.955246278125
0 0.747246275 0.8053099453125 0.7299314406249999 0.8014846078125 0.7273582218750001 0.8148989390625001 0.731561584375 0.822349775 0.74028266875 0.8258249421875 0.752171196875 0.8304691125 0.7579118609375 0.8182237796875 0.747246275 0.8053099453125
0 0.6957593703125 0.8624884328124999 0.6841679546874999 0.86513593125 0.679208540625 0.877413096875 0.6842780421875 0.886979096875 0.6922178765625 0.8904224328125 0.7014655421875 0.887679434375 0.7046502328125 0.8701302671875 0.6957593703125 0.8624884328124999
0 0.6832169265625 0.8609374296875 0.6848815609375001 0.8443662640625 0.67681439375 0.8377979281249999 0.6675242828125001 0.8394992609375 0.6660891171875 0.84256059375 0.66364323125 0.859099925 0.6685854 0.8655409265625 0.6779604 0.8659229281249999 0.6832169265625 0.8609374296875
0 0.9258270968750001 0.459375 0.9249853421875001 0.477692484375 0.929290840625 0.46850848593750005 0.9357530640625 0.4739714859375 0.946775453125 0.476500490625 0.9549872015625 0.4674756578125 0.9516700640625 0.459375 0.9258270968750001 0.459375
0 0.89673166875 0.56909564375 0.904756390625 0.5746223140625 0.913053028125 0.5676808140625 0.9125436921875 0.5551808140625 0.9083403296875 0.5477299796875 0.9006551640625 0.5505366453125 0.893182221875 0.55855164375 0.89673166875 0.56909564375
0 0.7436729703125 0.6793319453125 0.7345950828125 0.6862416093749999 0.730247140625 0.6943839421875 0.7347051703125 0.7080847765625 0.7434262546875 0.7115599453125 0.7565377265625 0.707934446875 0.7569794187500001 0.6996329484375 0.75638519375 0.6850496140625 0.7436729703125 0.6793319453125