0 0.1746843796875 0.11380057031249999 0.1664068453125 0.119022275 0.1653200546875 0.1252168265625 0.1638257171875 0.1337343328125 0.17115230937499998 0.1339328578125 0.1729351125 0.13575945312499998 0.1834793015625 0.1356005921875 0.1879958453125 0.1338335453125 0.18770738125 0.123489446875 0.1832503796875 0.1189229625 0.1746843796875 0.11380057031249999
0 0.23952940625000002 0.06787737187500001 0.24782370625 0.074548403125 0.2587159015625 0.0784001140625 0.26720559375 0.0779633 0.26712928593749996 0.0724040890625 0.259785925 0.0603128265625 0.2457356765625 0.05048497187499999 0.23952940625000002 0.06787737187500001
0 0.288022275 0.0791942171875 0.290076775 0.0794721734375 0.28208770156249996 0.095037978125 0.2854579140625 0.1057990140625 0.29902431093750004 0.11239061406249999 0.30627459687499997 0.10702993125 0.30823602031249997 0.0898559390625 0.30232745625 0.07558069687499999 0.2961639625 0.07474683125 0.288022275 0.0791942171875
0 0.3175483296875 0.138677690625 0.310552975 0.1305969984375 0.2976062828125 0.12646733125 0.28925243749999996 0.1261298265625 0.281866303125 0.1322648296875 0.27729021875000004 0.140365403125 0.276067578125 0.14733427187499998 0.28244323125 0.1529530296875 0.29606916875 0.153211103125 0.3093471015625 0.1494586046875 0.3175483296875 0.138677690625
0 0.078755984375 0.3069237703125 0.0718369375 0.3044022875 0.0521833546875 0.30253602968750004 0.047547726562499996 0.31697013125 0.056597579687499996 0.325328778125 0.0765228625 0.3256464 0.08371360625 0.3266192453125 0.086506890625 0.316692078125 0.08643058125 0.3111328671875 0.078755984375 0.3069237703125
1 0.6390625 0.28781517968750003 0.6177490703124999 0.3037457859375 0.60809628125 0.3048179421875 0.5969323890625 0.30251486875 0.587186525 0.28613507656250003 0.573212584375 0.28186643125 0.5803865609375001 0.2709465390625 0.5909735265625 0.2525614140625 0.5796570187500001 0.23913992031250003 0.5548671890625 0.236578771875 0.5287784109375 0.235427284375 0.52187613125 0.244798540625 0.500303896875 0.24188000625 0.49010771249999996 0.24604943750000002 0.4651820328125 0.244262609375 0.4593070015625 0.25377284218749996 0.45323657968750003 0.27039092343750004 0.44734478125 0.26800841875 0.44676785625 0.24732021875000001 0.42984801250000004 0.2418603203125 0.41492312968749995 0.24301190625000002 0.4127495484375 0.255401009375 0.392068715625 0.253395771875 0.3978674390625 0.23832632812500001 0.38565953125 0.22399153906249997 0.37239836406250004 0.239636775 0.3511145953125 0.2470623421875 0.341521346875 0.2418009703125 0.3302216046875 0.24027221562499998 0.32877004374999996 0.23056345625 0.3109588015625 0.2241902625 0.2908976703125 0.22464695781250002 0.2729841125 0.242833559375 0.26191329531249996 0.25798243125 0.2640441015625 0.263819596875 0.23692807343750003 0.2625291328125 0.2441523515625 0.28728745 0.21975329999999998 0.270510609375 0.19046369531250001 0.2816092453125 0.16028268750000002 0.29179458281250004 0.1499506515625 0.2967383328125 0.14388023125 0.3133564140625 0.1267054578125 0.3213378921875 0.10307872656249999 0.318141403125 0.08712659375000001 0.3191540109375 0.07795765625 0.3234624203125 0.06570697343750001 0.327353896875 0.06215813906249999 0.33559345 0.04663031875 0.3461758390625 0.018970896875 0.34798264687499997 0.015905915625 0.3594584515625 0.0025684421874999997 0.3695444796875 0 0.372013625 0 0.74690743125 0.000430759375 0.74737219375 0.0058044593749999995 0.759375 0.6081005890625 0.759375 0.6390625 0.580662209375 0.6390625 0.322571715625 0.6379032734375001 0.320741034375 0.6390625 0.3181260015625 0.6390625 0.28781517968750003
0 0.6390625 0.077630878125 0.652524278125 0.082838346875 0.6638835609375 0.078033575 0.6643506484375 0.069377090625 0.6528387515625 0.0630634453125 0.6390625 0.0611996375 0.6390625 0.077630878125
0 0.6390625 0.161939465625 0.6526416421875 0.16608751093750002 0.6639413843749999 0.1676162671875 0.668925015625 0.1571927375 0.6676093015625 0.146709659375 0.65999424375 0.1361670328125 0.65169994375 0.12949600156250002 0.65067269375 0.1293570234375 0.6390625 0.13132432968750002 0.6390625 0.161939465625
0 0.7398982843749999 0.18423415 0.7354580484375 0.1915604046875 0.7531334421875 0.1987079171875 0.7680583249999999 0.19755633125 0.769960209375 0.1867158671875 0.767965253125 0.180104384375 0.763100703125 0.1778608578125 0.7519368109375 0.1755577828125 0.7418764765625 0.1789528953125 0.7398982843749999 0.18423415
1 1 0.29745761875 0.996055634375 0.2886474046875 0.990962165625 0.26972625 0.9763089781250001 0.26932919843750003 0.9608239328125 0.26168532187500004 0.9552633734375 0.251420653125 0.9449313390625 0.2563644015625 0.9231469499999999 0.24866097968749998 0.9449145734375 0.24447166562499997 0.9539308953125 0.2290448375 0.9455435187500001 0.20492185937500002 0.943141015625 0.20063333125 0.9359502718750001 0.19966048593750002 0.9281565890625 0.2081184453125 0.91356294375 0.2013878671875 0.8930775015625001 0.19227478125 0.8866423078124999 0.192989553125 0.8824737703124999 0.1987671703125 0.8840611812500001 0.207701609375 0.8861324453125 0.219872303125 0.8822356062499999 0.22410128281250002 0.8669031734375 0.227575825 0.8616310796875 0.2276552546875 0.84965209375 0.22999809375 0.8385477437500001 0.2213614921875 0.8328513359375 0.211871140625 0.8169587421875001 0.20655022031249998 0.8068388656250001 0.2162788625 0.8073990265625 0.22507432500000002 0.8027466359375 0.2276156875 0.7894519359375 0.21947545000000002 0.766640296875 0.21163304843750003 0.7528785109375 0.21214929218749998 0.7320022890625 0.21725190468750002 0.71488705625 0.21889985312500002 0.710642209375 0.21911826093750003 0.6896301375 0.224995190625 0.6783303968750001 0.223466434375 0.660578696875 0.21075971249999997 0.65868605625 0.179588434375 0.6471146171875 0.179608315625 0.6468932171875 0.2168351671875 0.6390625 0.21385952187499999 0.6390625 0.759375 0.9604960109375 0.759375 1 0.52570951875 1 0.29745761875
0 0.1372904703125 0.787907334375 0.128936628125 0.7875698328125 0.11957230156250001 0.7989860875 0.13094835 0.8060740546874999 0.14684094375 0.8113949734375 0.1539553796875 0.8068086078125001 0.15544971875 0.7982911015624999 0.1524275109375 0.7915406390624999 0.144345365625 0.7896544984375 0.1372904703125 0.787907334375
0 0.110265796875 0.8999850374999999 0.1182884015625 0.9082047062499999 0.13464808125 0.9048691421875 0.1501163609375 0.9006202796875 0.139827103125 0.8873377640625 0.12817935625000001 0.8817984359375 0.1144938796875 0.887873890625 0.110265796875 0.8999850374999999
1 0.6390625 1 0.6390625 0.759375 0.2355068515625 0.759375 0.2342091453125 0.7629700765625 0.23839445 0.7690851984375 0.2363567171875 0.7806999796875 0.2380799765625 0.7888601 0.236449790625 0.7981519265625 0.22892780781250002 0.805061246875 0.220242725 0.8126059109374999 0.2156071 0.8270400125 0.21597187187500003 0.8429433218750001 0.2140699875 0.8537837843749999 0.20311825 0.8562656015625001 0.197650765625 0.8634528781249999 0.1881338265625 0.863750715625 0.1826068 0.8772715218749999 0.185433615625 0.8911298296875 0.1883962796875 0.9042138187500001 0.18978830156249998 0.9202561062499999 0.19939831562500002 0.937410215625 0.2016054296875 0.9488065906250001 0.2004590953125 0.9613346703125 0.218346646875 0.9732670734375001 0.2258258546875 0.9845840171875 0.223121228125 1 0.6390625 1
0 0.6390625 0.9304709156250001 0.6477614265625 0.931647803125 0.6557672640625001 0.927974734375 0.657533296875 0.917908590625 0.6545110921874999 0.9111581296875 0.6445102968749999 0.9082197125 0.6390625 0.90965833125 0.6390625 0.9304709156250001
0 0.67438435625 0.9717137578124999 0.680743240625 0.9654397765624999 0.683460215625 0.9499534015625001 0.6813294109375 0.9441162343749999 0.66749131875 0.939073271875 0.6616758265625 0.9422499765625 0.6558771046875 0.9573194203125001 0.65424691875 0.9666112453124999 0.6660305140625 0.971376253125 0.67438435625 0.9717137578124999
0 0.8629220015625 1 0.8632623625000001 0.9980599859374999 0.85181000625 0.9854128124999999 0.839483015625 0.983745078125 0.8329882812499999 0.990793378125 0.82971114375 0.9974842921875 0.8288328937499999 1 0.8629220015625 1