1 0 0.359375 0.2890625 0.359375 0.2890625 0 0 0 0 0.359375
1 1 0 0.32207072812500004 0 0.3218430984375 0.000740146875 0.3221346359375 0.0123994796875 0.31675278125 0.0298988171875 0.3333768453125 0.043083778125 0.3433258796875 0.0569607578125 0.3392894875 0.070085259375 0.32938534375 0.08127688281249999 0.33363853906249996 0.0884595640625 0.313882540625 0.0896606515625 0.3031711171875 0.10347717187500001 0.3360529734375 0.126835615625 0.3436549078125 0.139939440625 0.338003959375 0.158313746875 0.3432587921875 0.17064441875 0.36729043125 0.18916031718749998 0.39374390625 0.1998015125 0.418463196875 0.19927176562499999 0.430490240625 0.21479686406249998 0.4632001828125 0.24291671875 0.4901395546874999 0.2729901375 0.5283509765625001 0.300031396875 0.536954546875 0.318283209375 0.560791828125 0.3290262203125 0.5702026765625 0.3446531328125 0.5902277671875 0.3425770796875 0.6082944749999999 0.3552736484375 0.62074515625 0.359375 0.9757639390625 0.359375 0.991522125 0.3095035609375 1 0.147736065625 1 0
0 0 0.7773474484375 0.0067344828125 0.7792251140625 0.0238384125 0.780763946875 0.035268565625 0.7828909937499999 0.0440810234375 0.77924135 0.040758059375 0.7650416703125 0.025649165624999998 0.7641600171875 0.0037863750000000002 0.7602345125000001 0.0012703578125 0.7684154546874999 0 0.7684648921874999 0 0.7773474484375
0 0.09750860624999999 0.8091268140625001 0.1125349 0.806704990625 0.11796086718750001 0.7962063406250001 0.10437047343750001 0.786815159375 0.0885753921875 0.7881646734375 0.07469274375 0.7868678890624999 0.082069303125 0.795031253125 0.093582059375 0.8004617781250001 0.09750860624999999 0.8091268140625001
0 0.16823069531249998 0.81849908125 0.15426544375 0.81389881875 0.143769284375 0.8194510390625 0.1431657 0.8249856812499999 0.1529947515625 0.8323187812499999 0.1654224234375 0.8347744203125 0.171388453125 0.82609180625 0.16823069531249998 0.81849908125
0 0.23526125000000003 0.7791494484375 0.2249938203125 0.7839579453125001 0.22792284999999998 0.7922943921875001 0.2280054515625 0.7955978703125 0.238520690625 0.8006998046875001 0.2534008546875 0.8023251796875 0.25284171718750004 0.7898549906250001 0.23526125000000003 0.7791494484375
0 0.2180745078125 0.6457135609375 0.2346574546875 0.6560905140625 0.24606853125 0.64756340625 0.24721217499999998 0.6438447984375 0.24129059375 0.6345225796875 0.22618169843749997 0.6336409265625 0.2211941078125 0.6319979765625 0.2180745078125 0.6457135609375
0 0.2615761703125 0.9934035828125001 0.2724662640625 0.9937145953125001 0.2829624234375 0.9881623765625 0.28325467656250003 0.980067978125 0.2740482875 0.9778543875000001 0.2554893828125 0.977474409375 0.2615761703125 0.9934035828125001
0 0.42481346093750005 0.7229142734374999 0.4308620921875 0.7175351375 0.43246319375 0.7123290843750001 0.42807918906250003 0.705151490625 0.42132529218750003 0.7021076374999999 0.41787528125 0.7026093109375 0.41051780000000004 0.7051001015624999 0.410536878125 0.71575425625 0.4120744578125001 0.7178988796875 0.41868222656250004 0.72498993125 0.42481346093750005 0.7229142734374999
0 0.514685459375 0.8057581562500001 0.519736571875 0.8000504296875001 0.5185738484375 0.793114884375 0.51549869375 0.7888256375 0.504525996875 0.7852111453124999 0.4989348234375 0.7891028375 0.4935723796875 0.7922508078125 0.4921174031250001 0.7934096609375 0.490827634375 0.8011754703125 0.4974354015625 0.8082665234374999 0.5064130625000001 0.811223834375 0.514685459375 0.8057581562500001
0 0.5262489515625 0.753870709375 0.5405890546875 0.7536800484375 0.5452653140624999 0.7527632437499999 0.5500876984375 0.7477992406249999 0.5526037140625 0.7396182984375 0.549903415625 0.73053813125 0.5463708 0.7277363265625001 0.5363956218749999 0.724450425 0.5289555406249999 0.7236377375 0.520600540625 0.7257999374999999 0.5196856249999999 0.7287748265625 0.5187707093749999 0.7317497125 0.5170234828125 0.741002965625 0.5186436624999999 0.7464510671875 0.5262489515625 0.753870709375
0 0.3993866125 0.9127526671874999 0.40732859843749997 0.894073078125 0.40402471406250007 0.8905275515625 0.3919083734375 0.8906316703125 0.38641888125 0.9084809953124999 0.37026802343750004 0.925275584375 0.3709732875 0.9336985734375001 0.37467110625 0.9431073328124999 0.39021837968749995 0.9318473859375 0.3993866125 0.9127526671874999
0 0.6316426421875001 0.7255200562499999 0.63862526875 0.7278201875000001 0.6428440703125 0.728390825 0.651199065625 0.726228625 0.6577877593749999 0.722665521875 0.65431866875 0.7125130421874999 0.640810875 0.7064253359375 0.633224665625 0.7096598484375 0.6306260484375 0.7145373125 0.6316426421875001 0.7255200562499999
0 0.9248112109375001 0.8081679171874999 0.9222951937499999 0.8163488578125001 0.9232291874999999 0.8240281249999999 0.9332043656250001 0.8273140250000001 0.9399582609374999 0.830357878125 0.9427856109375 0.8247366953124999 0.942309075 0.8155699828125 0.9324800218749999 0.8082368828125001 0.9248112109375001 0.8081679171874999
1 1 0.359375 0.3363734 0.359375 0.3442744765625 0.3703954734375 0.3508822453125 0.3774865265625 0.350132534375 0.38706836718750004 0.33649769531249996 0.3956820171875 0.33597671406249996 0.40452013749999993 0.3273103828125 0.40412258125000006 0.31845348281249997 0.42577705625 0.327138890625 0.43682876718749997 0.34831549375000004 0.44298543749999997 0.3523881671875 0.4476032765625 0.3674970609375 0.44848492812499996 0.377408715625 0.45912150625 0.3903129234375 0.4707438546875 0.3836607078125 0.48165763437500003 0.373329753125 0.4938168078125 0.380102728125 0.507514815625 0.40641304843750004 0.5112672390624999 0.41892332187500003 0.517026353125 0.4506342421875 0.5389391124999999 0.46914870156250005 0.5573239234375 0.4756929484375 0.5717656515625 0.5036425265625001 0.59162033125 0.507422946875 0.6043325671875 0.5134906562499999 0.6096075859375001 0.526706196875 0.623789690625 0.5232752640625 0.63494551875 0.528199328125 0.6439391437499999 0.53595074375 0.6473115875 0.5683478484375 0.6669931828125 0.594823375 0.6773525593749999 0.61899253125 0.684495 0.644826315625 0.6790807109375001 0.6393177453125001 0.68627588125 0.6451567234375 0.6922946203125 0.6791358546875 0.6961160078124999 0.6720897062500001 0.701166553125 0.670278953125 0.7177704828125 0.6882342734375 0.7236851046874999 0.7071045109375 0.7266248390625 0.7147542453125 0.71603965 0.726660934375 0.727333409375 0.73459663125 0.7479669609374999 0.74976905 0.7414979359375 0.772152821875 0.736585321875 0.770551721875 0.741791375 0.75899451875 0.7543656796875 0.7610912359374999 0.7689804921875 0.790394109375 0.773718684375 0.8068309296875 0.7881428374999999 0.8189281921875 0.777384565625 0.8376523015625 0.7843714984375 0.8446793734375 0.7686667984375 0.8499401375 0.7515611953125 0.8531614203124999 0.7518032437500001 0.8780802859375001 0.7493638406249999 0.8964104640624999 0.75048754375 0.9102105093749999 0.7484808484375 0.9181906515625 0.7511095703125 0.92540200625 0.752665978125 0.936895684375 0.74744235 0.939182971875 0.74000513125 0.940078809375 0.7263760890625 0.9444437359375 0.7228995296875 0.9540440593749999 0.7309763515625 0.965245484375 0.7338471203125 0.973435278125 0.7250779640625 1 0.64005136875 1 0.359375