0 0.058176615625000004 0.330197609375 0.0657332203125 0.3354533375 0.0775477515625 0.33208741875 0.0802741828125 0.3313106671875 0.09060766406250001 0.313549534375 0.0922765796875 0.2896135625 0.0899736828125 0.2816263078125 0.074610875 0.2921769359375 0.0646139609375 0.295025021875 0.058227065625 0.30795749843750003 0.055077098437500006 0.3174982546875 0.058176615625000004 0.330197609375
1 0.309375 0 0 0 0 0.0822198890625 0.0009710140625 0.0822559390625 0 0.09408541718749999 0 0.12050185625000001 0.0066097953125 0.12997826562499998 0.0135932328125 0.1521283296875 0.030492623437499998 0.1515119484375 0.0353397203125 0.1322886953125 0.034324028125 0.1262807703125 0.0463977640625 0.1354355890625 0.050291246874999994 0.1584659734375 0.062396021875 0.191751571875 0.083665703125 0.1930387546875 0.0902484984375 0.1649246171875 0.0887249625 0.155912728125 0.103359365625 0.170635315625 0.11101033281249999 0.1632078375 0.11950770937499999 0.16078696406249998 0.130735034375 0.164935178125 0.1368195828125 0.16739990625 0.15135862656250001 0.18634785781250002 0.165263425 0.18238642656249998 0.1756443421875 0.1815280359375 0.18448028125 0.1811098046875 0.1970308234375 0.1691378078125 0.2017611171875 0.1635919671875 0.2185865875 0.1577489 0.23326387343750002 0.153567390625 0.24905221093750002 0.1511684453125 0.26913691875 0.14544637968750002 0.2855595046875 0.1659568125 0.30025823125 0.15232325625 0.299454703125 0.12841255625 0.309375 0.121064684375 0.309375 0
0 0.6296664875 0.34501033593749997 0.637197865625 0.36138612187499997 0.642302865625 0.3352364578125 0.6414445046875 0.3132552625 0.6391163843750001 0.3163880640625 0.6281854375 0.3306151234375 0.6172797125 0.3337221265625 0.6199809187499999 0.34406543125 0.6296664875 0.34501033593749997
0 0.7447235984375 0.3381609875 0.7516209953125 0.32261354531249997 0.7500277546875 0.3131893484375 0.7419606515625 0.3105485828125 0.7269091875 0.317306221875 0.7283032734375 0.3255523953125 0.733618721875 0.340089965625 0.7447235984375 0.3381609875
0 0.9029800703124999 0.327647628125 0.9130387234375 0.34206863906249996 0.9273805328125 0.33674794375 0.9289989984375 0.335052084375 0.9292233765625 0.325110053125 0.9259247078125 0.3112326734375 0.9158408281250001 0.30793171875 0.9007893640625 0.31468935625 0.9029800703124999 0.327647628125
0 0.7899928218750001 0.22277858281250001 0.79431249375 0.2314260296875 0.8017821312500001 0.2305327171875 0.8137088562500001 0.2221957828125 0.8160622 0.2079429265625 0.812962684375 0.19524357187500002 0.803787615625 0.19168369999999998 0.796828478125 0.18996204375 0.7871176859375 0.200137196875 0.786781115625 0.2150502453125 0.7899928218750001 0.22277858281250001
0 0.736448690625 0.2046945171875 0.742698171875 0.2078531109375 0.7487737234375 0.19871362812499999 0.7499069125 0.18851267968750002 0.74669520625 0.18078434062499998 0.7406448796875 0.17880376874999998 0.7339718625 0.184409178125 0.7310210500000001 0.195127959375 0.7309088625 0.200098975 0.736448690625 0.2046945171875
0 0.5490538296875 0.025947165625 0.5466387453125 0.022930928125 0.5447958984375 0.03456881875 0.554369278125 0.0404847375 0.571126171875 0.038180284375 0.57700256875 0.027862775 0.5681388453125 0.0205099109375 0.5490538296875 0.025947165625
0 0.2340749234375 0.786076203125 0.2300646375 0.77672323125 0.2196837203125 0.777581621875 0.21314380625 0.7867916625 0.216116959375 0.79958875625 0.2225400703125 0.8040561265624999 0.235767740625 0.7960894125 0.2340749234375 0.786076203125
0 0.174764815625 0.7274059359375 0.1791779859375 0.7104054062499999 0.173284159375 0.6994899515624999 0.1642789390625 0.6989068625 0.155929403125 0.711781103125 0.1554001171875 0.7182291890625001 0.1598443265625 0.725359440625 0.1655903109375 0.7258215265625 0.174764815625 0.7274059359375
0 0.21863923437500002 0.6708252140625 0.22381305 0.6966394796875 0.23443717187500002 0.70200909375 0.2409556453125 0.7022511015624999 0.24551665625000002 0.695703940625 0.24821556875 0.6781422484374999 0.2389885859375 0.66187910625 0.2280044609375 0.6639588953125 0.21863923437500002 0.6708252140625
0 0.24251470937500003 0.5821583640625001 0.253403471875 0.5843039359375 0.2594141 0.581541978125 0.25892769375 0.56908596875 0.2519228171875 0.5563879515625001 0.244293290625 0.55436338125 0.24050476718749997 0.5606904640625 0.237128728125 0.574246871875 0.24251470937500003 0.5821583640625001
0 0.4867938234375 0.8552425703125 0.4786350125 0.8596660843749999 0.47303686875000006 0.8696573671875001 0.4726768640625 0.8771067734375 0.475406815625 0.8836758609375 0.48122671875 0.8893646328125 0.49066586718750005 0.887725 0.49281405156249997 0.8860634421875 0.494623671875 0.882399240625 0.49747042500000005 0.8752909171875001 0.4962854515625 0.8682816703124999 0.4930476546875 0.8587086187499999 0.4867938234375 0.8552425703125
0 0.5744952921875 0.9142206250000001 0.5720824640625001 0.919106228125 0.570780690625 0.9257743921875001 0.5725688703125 0.9315622390625 0.5774470046875 0.9364697671875 0.5844733234375 0.9397157359375001 0.5921982109374999 0.9375149421875001 0.5940078328125 0.9338507406249998 0.5929921390625 0.9278428156250002 0.5912039609375 0.92205496875 0.588040084375 0.9177086031249999 0.5839344390625 0.91258099375 0.5744952921875 0.9142206250000001
0 0.6997626234375 0.9750908812500001 0.704206834375 0.98222113125 0.7104821046875001 0.9762351328125 0.7105035453124999 0.966783084375 0.708810728125 0.9567698765625 0.7037633109375 0.950861025 0.6960384234375001 0.95306181875 0.6961862640625001 0.9635151890625 0.6997626234375 0.9750908812500001
0 0.3179714421875 0.7857900234375 0.3152939703125 0.7938996671874999 0.31621430156249997 0.8041329578124999 0.31877496875 0.8097007250000001 0.323579184375 0.8093815687500001 0.3275369875 0.8040558093750001 0.33270120625 0.7962872484375 0.334172265625 0.7906204031249999 0.332818009375 0.7826098359375 0.330088059375 0.7760407484375 0.3282045171875 0.7744782640625 0.3221938890625 0.777240221875 0.3202149875 0.7799031015625 0.3179714421875 0.7857900234375
0 0.4370492640625 0.8148380859375 0.43086935468750004 0.8165987203124999 0.42355695156250006 0.8260288421875 0.42087948124999996 0.8341384859375001 0.42549297187499996 0.8422700578125 0.4344981953125 0.8428531484375 0.436043171875 0.8424129890625001 0.4444666265625 0.8347654312499999 0.44509127500000006 0.8240919828125 0.4370492640625 0.8148380859375