1 0.5390625 0.5232474875 0.526959375 0.5264062468749999 0.5092481484375 0.523489296875 0.5031631328125 0.5214779734375 0.5027142953125 0.49649636875000003 0.5007836234374999 0.4704909125 0.49580237812499994 0.4538910703125 0.48668292500000004 0.44046281093750006 0.481386315625 0.42803111875 0.4759320265625 0.4176835 0.47243261406250003 0.40210750937500006 0.48476839062500005 0.3936348046875 0.4985860015625 0.3861859484375 0.511702115625 0.37770415156250003 0.519355871875 0.369286009375 0.522564128125 0.35779632031249997 0.503363 0.3642667953125 0.4889227328125 0.369640671875 0.47690231875 0.37394522812500003 0.4584026859375 0.381448646875 0.44497927812500004 0.38368731718750004 0.432344275 0.37550561875 0.4222079640625 0.3652125609375 0.40714504218750003 0.3685114578125 0.40480402968750007 0.3685387390625 0.399673171875 0.3436116953125 0.3932100921875 0.32598800625 0.3792428671875 0.32510965937499997 0.3718417703125 0.3095791375 0.3638887890625 0.301342875 0.3515530109375 0.3098155796875 0.35351595625 0.2941759296875 0.3396195046875 0.302666821875 0.33612816093750003 0.2766795546875 0.3151298359375 0.2862943296875 0.3083513953125 0.2728387875 0.2890006546875 0.2709820609375 0.273551596875 0.2690798640625 0.2818522140625 0.23150287656250002 0.26874416874999996 0.2295733984375 0.2588909453125 0.2567572984375 0.25342051875 0.26723223281249997 0.24389879531249997 0.2694254328125 0.2246268953125 0.26652666875 0.2044169765625 0.265721075 0.1896694171875 0.264851821875 0.1773417078125 0.26291324843749997 0.162602215625 0.25163271875 0.1539477390625 0.2423635140625 0.1471692953125 0.2289079734375 0.130624540625 0.2311830171875 0.1304507234375 0.2540896453125 0.138640225 0.2591997953125 0.14550557656250002 0.261202025 0.13456472343749998 0.28215189218750003 0.1146620984375 0.2875894234375 0.10294897656249999 0.298137109375 0.0913935375 0.30660071875 0.08234485625 0.3025416984375 0.0565068296875 0.314295109375 0.0401116859375 0.3248973578125 0.021375534374999998 0.33552688750000004 0 0.348485628125 0 0.759375 0.5092875484375 0.759375 0.5103159546875 0.7566873265625 0.5103240234374999 0.746276053125 0.5186792765625 0.738890853125 0.5202560875 0.7180501140625 0.51855386875 0.699329825 0.519342275 0.688909453125 0.5165362890625 0.68477768125 0.5113973609375 0.670261915625 0.5127376499999999 0.6525472875 0.511263884375 0.6411121609375 0.5088521015625 0.631770203125 0.5232843 0.6368076046875 0.5315607124999999 0.63046444375 0.5315687796875 0.6200531687499999 0.532672546875 0.6054646499999999 0.5390625 0.60159079375 0.5390625 0.569783934375 0.5271555546875 0.575336515625 0.5205186562499999 0.5806194515625 0.5101458234375 0.5734525078125 0.5269271015625 0.5680513515625 0.5341947234375 0.55443211875 0.5361576671875 0.5387924703125 0.5390625 0.535238653125 0.5390625 0.5232474875
0 0.49839604687500005 0.4299151265625 0.5084696546874999 0.4204276671875 0.5063732328125 0.4069175609375 0.5020854140625 0.40176193906249996 0.48554065937499996 0.4040369859375 0.4829550578125 0.4176016546875 0.48770785156249996 0.4269163296875 0.49839604687500005 0.4299151265625
0 0.46030292812500007 0.3460284828125 0.4528937609375 0.3409092375 0.4398564875 0.3483489984375 0.4424178828125 0.3660181578125 0.443268990625 0.375378303125 0.4568500796875 0.3710555578125 0.46614335 0.3615771921875 0.46645871406249995 0.35740904375000004 0.4647484265625 0.34910003125 0.46030292812500007 0.3460284828125
0 0.46028240781249996 0.171120865625 0.45777564843749996 0.18364349687499998 0.4667454875 0.1887445546875 0.4746276984375 0.187611578125 0.4774417515625 0.18133207499999998 0.47744981875 0.17092079843750002 0.47690600312500003 0.1678037828125 0.4724605046875 0.164732234375 0.46543747187499995 0.1648140796875 0.46028240781249996 0.171120865625
0 0.38978145 0.319781253125 0.40000467031250003 0.318620996875 0.40235374999999995 0.3081824375 0.4011084375 0.304032478125 0.3929189359375 0.29892232500000004 0.386518559375 0.3010791515625 0.37988166093750003 0.3063620875 0.3827584171875 0.31986309999999996 0.38978145 0.319781253125
0 0.36274652343749997 0.26491705 0.3543832015625 0.2827135234375 0.3584345 0.29099525625 0.37294553750000004 0.2949906203125 0.372401721875 0.291873603125 0.3798189578125 0.286581571875 0.3823176484375 0.2844702171875 0.38240455624999997 0.2730169046875 0.3752319125 0.264771546875 0.36758622500000004 0.2627784125 0.36274652343749997 0.26491705
0 0.262525678125 0.198412321875 0.262044565625 0.2150758203125 0.2663323859375 0.22023144062500002 0.274372275 0.217014390625 0.279211978125 0.21487575312499999 0.2833582515625 0.201292896875 0.2795434765625 0.1898850546875 0.2713539734375 0.1847749015625 0.26877644218749996 0.18792829375 0.262525678125 0.198412321875
0 0.15536686718749998 0.22360684687500001 0.1566829515625 0.237126046875 0.16721346406249998 0.2422089171875 0.18133836875 0.241003190625 0.1881329484375 0.23363618125 0.19625167968749999 0.22937709375 0.19578670468749998 0.225218040625 0.18885057968750002 0.213846571875 0.18073991875 0.20769438281250002 0.165519315625 0.21307735156250002 0.15536686718749998 0.22360684687500001
0 0.46864757187499995 0.05025366875 0.457793628125 0.05975022343750001 0.4521655203125 0.0723092296875 0.438804815625 0.094328415625 0.44645857343750006 0.08591027343749999 0.4552788 0.0826841296875 0.4510456171875 0.1077202984375 0.46065424843749997 0.0940737859375 0.4645420578125 0.0872718328125 0.4732973203125 0.091844209375 0.47462954062499996 0.08454085781250001 0.4727615734375 0.078315915625 0.46957752187499996 0.0585717765625 0.4839631515625 0.023006109375 0.46864757187499995 0.05025366875
0 0.7796331484375 0.072977590625 0.7801142609375 0.05631409375 0.768961090625 0.04915624375 0.7613861749999999 0.05653234687499999 0.7571691296875 0.060745964062500005 0.7544339156250001 0.06598343125 0.7549696625 0.0795117234375 0.7612123578125 0.079438971875 0.7768979359375 0.07821505937499999 0.7796331484375 0.072977590625
0 0.724726478125 0.0361372078125 0.72512068125 0.0309270234375 0.7167107921875 0.0081204296875 0.7079694062499999 0.0103045390625 0.701797484375 0.019746528125000003 0.6945298624999999 0.033365759375 0.6958459453125 0.046884959375 0.7055172828125 0.053018959374999994 0.7219043562499999 0.05282798749999999 0.724726478125 0.0361372078125
0 0.9057671734374999 0.3328283171875 0.8992798890625 0.3464384546875 0.9062160125000001 0.3578099234375 0.917921065625 0.3576735140625 0.9237856953125 0.34198839531249997 0.9248894625 0.327399878125 0.9156831000000001 0.3254249296875 0.9076432109375 0.32864198125 0.9057671734374999 0.3328283171875
0 0.9152082140625 0.43474787499999995 0.9193383515625 0.44198757187500004 0.922924675 0.44611025 0.9307280421874999 0.4460193109375 0.9354889046875 0.4449227109375 0.9384606390625001 0.43655913125 0.9366715124999999 0.42929215468750004 0.9308230203125 0.4241547203125 0.9152082140625 0.43474787499999995
0 0.8447233921875 0.5625857125 0.8406801640625 0.543892703125 0.829361246875 0.5492302046875001 0.825380721875 0.550317709375 0.8216286499999998 0.55869038125 0.82084024375 0.5691107515625 0.82848593125 0.5711038875 0.8370696375 0.5710038546875 0.8447233921875 0.5625857125
1 0.854784228125 0.759375 0.86127253125 0.756040834375 0.8545729312500001 0.7415432578125001 0.8351433484375 0.7407285671875 0.8349937359374999 0.732401365625 0.8396918937500001 0.7115242515625 0.8415052265625 0.6875573984375001 0.8263715312500001 0.6814870546875 0.8041278953125 0.6869518703125 0.7942200390625 0.6839439796875 0.8083610796875 0.6619157 0.8193019328125001 0.640965834375 0.812381946875 0.6087718140625 0.7973190234375 0.612070709375 0.8098286187499999 0.5806913796875001 0.8109404546875 0.5556915859375 0.7987865624999999 0.5308463875 0.7986530875 0.5016966328125 0.8098304609374999 0.47762065624999994 0.8074267468749999 0.45786742187499996 0.7954144 0.451760703125 0.7928691421874999 0.4132689921875 0.784782684375 0.3758829734375 0.7659049859375 0.367774025 0.756328628125 0.3397754359375 0.738405084375 0.30875076875 0.7438835796875 0.2878645578125 0.7235948203125 0.288101 0.731808528125 0.2619773234375 0.7360417109374999 0.2369411546875 0.7323926843749999 0.2130379625 0.716636334375 0.20489263750000003 0.7068780890624999 0.21021194843750002 0.702266840625 0.219635753125 0.70017041875 0.20612564687499998 0.7001784890625 0.1957143703125 0.6907356046875 0.196865534375 0.6927066171874999 0.1708146078125 0.679764321875 0.15638978125 0.6624311609375 0.169085196875 0.6524444625 0.1671193453125 0.63714501875 0.17354435 0.6285613125 0.17364438437500002 0.6192922484375 0.151888921875 0.6027555609374999 0.143752690625 0.5918308437500001 0.1438800046875 0.56780615 0.131666565625 0.5638094890625001 0.1535766234375 0.5591193984375 0.1640424640625 0.5433630484374999 0.15589714062499999 0.5390625 0.155696690625 0.5390625 0.759375 0.7754513624999999 0.759375 0.774733978125 0.7560082218749999 0.7853514 0.7496377796875 0.8002647109375 0.7380116828125 0.8133727546875 0.7399411609375 0.8159232 0.759375 0.854784228125 0.759375
0 0.216062646875 0.80530741875 0.21872708749999997 0.7907007125 0.20952072500000002 0.788725765625 0.203979528125 0.7898314609375 0.1978076046875 0.7992734515625 0.200763203125 0.811732425 0.20614672031249998 0.8127108046875 0.21176675937499997 0.8105630734375 0.216062646875 0.80530741875
1 0 0.759375 0 1 0.1930778265625 1 0.1944621859375 0.98775483125 0.1984507796875 0.9762560484374999 0.199089571875 0.9575084765625 0.1913731125 0.946146103125 0.177957771875 0.937973496875 0.1594742765625 0.9246543640624999 0.1752467640625 0.9119771359375001 0.192501084375 0.90032375625 0.19485823124999999 0.8794739234375 0.1741833390625 0.8745092734375 0.16303016875 0.8673514234375 0.18629066249999998 0.8587514046875 0.1867717734375 0.84208790625 0.18841935625 0.8306164062500001 0.1833512015625 0.8254698765624999 0.176265465625 0.8057712078125 0.1737121390625 0.7776907734375 0.1716076484375 0.77459194375 0.1727589625 0.759375 0 0.759375
0 0.7101675546874999 0.759375 0.709005603125 0.7622305703125 0.7122765640625 0.7705213984375 0.7203791578125001 0.7870848625 0.7309258078124999 0.7713451796874999 0.7274183265625 0.766180465625 0.7247828765625 0.759375 0.7101675546874999 0.759375
0 0.7103279109375 0.8684092171875 0.722506009375 0.8620205859375 0.7272749375 0.850512709375 0.7224433046875001 0.8422400718749999 0.7094929390625 0.8382265203125 0.705031303125 0.8559775234375 0.7103279109375 0.8684092171875
0 0.6426428515625 0.9077193781249999 0.637243196875 0.9275635515625 0.641995990625 0.9368782281250001 0.6590057218750001 0.938762234375 0.6639323328125 0.9251702843749999 0.6630023828125 0.9168521765625 0.6587145640625 0.9116965546875001 0.6426428515625 0.9077193781249999