0 0 0.3209482625 0.0094945265625 0.315726053125 0.0179974875 0.309145478125 0.0228070671875 0.294746534375 0.0181751046875 0.2910863515625 0.0088515390625 0.29439355625 0 0.300791090625 0 0.3209482625
0 0.1269413296875 0.3446594453125 0.1099950515625 0.3471930265625 0.10430652968750001 0.355122596875 0.10518546875000001 0.3615919734375 0.115094996875 0.362597684375 0.12347998125 0.3634486703125 0.1285812328125 0.36502975625 0.13344784062499998 0.36765038906249997 0.143709990625 0.3601849921875 0.14283105000000001 0.35371561875 0.1369091921875 0.3488611625 0.1269413296875 0.3446594453125
0 0 0.4 0.0144474734375 0.4 0.0185756 0.39639983437500004 0.0202764546875 0.3923190046875 0.013885304687499999 0.389543646875 0.01206778125 0.3872324625 0.002627546875 0.3841476546875 0 0.38546923906249997 0 0.4
0 0.7878807812499999 0 0.785551084375 0.0135113 0.7959299015625 0.012437915625 0.8029083203125001 0.0057026171875 0.8060890562499999 0 0.7878807812499999 0
0 0.78870899375 0.1031542 0.7833147609375 0.09941665625 0.7794450703125 0.09583383749999999 0.7745201265625 0.09001719999999999 0.7667794375 0.0966751375 0.7584514796875 0.1128437265625 0.755870378125 0.12427875625 0.7578045703125 0.13298195156249998 0.770997828125 0.1332575640625 0.7817292671875 0.123713071875 0.786420871875 0.1167456875 0.78870899375 0.1031542
0 0.8146832437499999 0.12280410156249999 0.8205467687500001 0.12446254999999999 0.8289317515625001 0.12531353750000002 0.8389592562499999 0.1188876875 0.8421263171875001 0.11176557499999999 0.8407780859375 0.1073752984375 0.8318071421875001 0.10221139374999999 0.8237151375 0.103516865625 0.8153884890625 0.10586188593750001 0.8091723406250001 0.112674546875 0.8146832437499999 0.12280410156249999
0 0.8264155234375 0.07082670625000001 0.8331579874999999 0.078954528125 0.8357961171875001 0.08453907968749999 0.8504555828125 0.0817734109375 0.8621839390625 0.0712667328125 0.8773710296874999 0.069617975 0.899536540625 0.061233918750000005 0.8871055531250001 0.06103566875000001 0.8647650406250001 0.0598317046875 0.8519827390625 0.054280990625000004 0.8380272109375 0.0539280125 0.8237773953125 0.06524215312500001 0.8264155234375 0.07082670625000001
1 0.2796875 0 0.2796875 0.4 0.6533595515625 0.4 0.6528792703125 0.38711028125 0.653878803125 0.35850095 0.6503617343749999 0.3464470234375 0.6511253124999999 0.3327008125 0.646727996875 0.3280010828125 0.6553489328125 0.31398894843749997 0.654529634375 0.29689200625 0.643095565625 0.29573157031249997 0.6368807265624999 0.288720659375 0.63201411875 0.2861000265625 0.6333636578125 0.2766667328125 0.652127459375 0.2764443359375 0.666847875 0.249227528125 0.64726346875 0.24617655625 0.6401683796875 0.24651984218749998 0.65383354375 0.2170692125 0.6621588859375 0.22854776718749997 0.6759977453125 0.2225087296875 0.6697842125 0.201674246875 0.6604023140624999 0.20178544375000002 0.6650368906249999 0.1777984796875 0.6756516609375 0.1618619734375 0.68573880625 0.1448085578125 0.687442275 0.1130805828125 0.679995871875 0.10807140468750001 0.669558721875 0.1059487828125 0.6725507796875 0.089238653125 0.6567180859375 0.0972020609375 0.6619386234375 0.0775280125 0.6505641953125 0.06574001093750001 0.6421221859375 0.047869443750000004 0.6340911296874999 0.024723775 0.6370504 0 0.2796875 0
0 0.206540915625 0.8742735671874999 0.1991607109375 0.8622654265625 0.194332078125 0.859273346875 0.1901928140625 0.86135528125 0.1843972234375 0.8707752046875001 0.18425842812499998 0.879518215625 0.192398165625 0.8840973562500001 0.20433248593750003 0.884057546875 0.206540915625 0.8742735671874999
1 0 1 0.1396020109375 1 0.13823533125 0.9899406578125 0.14479045 0.9730917359374999 0.16514210000000001 0.9601450406249998 0.1708004296875 0.9432051046875 0.15300343125 0.9326418000000001 0.1634217625 0.9149339390625 0.171701834375 0.8945070359375 0.1643902578125 0.8862589062499999 0.161840225 0.8609798234374999 0.1726063171875 0.8132829156250001 0.176541234375 0.7836579312499999 0.1767501953125 0.7624119 0.17751126718750002 0.7387198749999999 0.1650965453125 0.7124396296875 0.166894740625 0.6638325765624999 0.1535130609375 0.6499643374999999 0.1466880390625 0.6029841499999999 0.14220562812499998 0.5862660484375001 0.14910696875 0.555691109375 0.14607345624999998 0.5366180296875 0.1446978015625 0.4939439359375 0.1292449546875 0.49737969218749994 0.12255411249999999 0.490445575 0.1213843453125 0.45905150156249996 0.102345875 0.44586017343749995 0.084821853125 0.466599925 0.068058903125 0.46364764999999997 0.0501231078125 0.46182735781249995 0.0364669125 0.4329190875 0.01618543125 0.4333627625 0.009149909375 0.4238916328125 0 0.43529427187499997 0 1
0 0.9305885093749999 0.602602559375 0.9196237328125001 0.5993630265625 0.9020901859375 0.6114072625 0.9023818578124999 0.62738729375 0.9094769453125 0.627044009375 0.9295319515625 0.614192309375 0.9305885093749999 0.602602559375
0 0.925124175 0.720081165625 0.9251838171875001 0.7094536 0.9220180625000001 0.7027521359375 0.9067726374999999 0.7012048875 0.8976253812500001 0.7002765390625 0.890470653125 0.7112473921875 0.8904693453124999 0.7250709640624999 0.8986780171875001 0.7301575046875 0.9149203609375001 0.7307425671875001 0.925124175 0.720081165625
0 0.9010270890625 0.69211488125 0.8938736671874998 0.6892621609375 0.88607464375 0.6927240906250001 0.8830242500000001 0.7062382125 0.8854277343749999 0.7128623140625 0.8907636328125002 0.7134038515625 0.9006744671875001 0.7005859890625 0.9010270890625 0.69211488125
0 0.7769502671875 1 0.7784476515625001 0.9933661546875001 0.7762204781250001 0.9825065000000001 0.76203030625 0.9831930718749999 0.7505949281250001 0.9958562078125001 0.7506705625000001 1 0.7769502671875 1
0 0.7565815734375 1 0.7575733453125 0.989120909375 0.75546284375 0.98465326875 0.75288305 0.9822647218749999 0.7391025234375 0.991499765625 0.7371838609375 1 0.7565815734375 1
1 0.443908828125 0.4 0.4427492734375 0.401031303125 0.4409900859375 0.4019161234375 0.4247464359375 0.41515463593749996 0.4216973515625 0.414845184375 0.40739050781249997 0.40913974375000006 0.391264834375 0.41494669375 0.3822342484375 0.4204103578125 0.380475059375 0.4212951796875 0.3704475578125 0.42772102968750003 0.361123990625 0.431028234375 0.3510964875 0.43745408281250003 0.3400720671875 0.44484211875 0.329868253125 0.45550352031249997 0.3221275640625 0.46216145781249995 0.3159697515625 0.4721701234375 0.310339565625 0.48329570312500003 0.3008396875 0.4908384609375 0.292747684375 0.4921439328125 0.2796875 0.49151098906249996 0.2796875 1 0.730116503125 1 0.736818325 0.9636205328125002 0.770595521875 0.9383377859375 0.7803936109375 0.8776571921875 0.780980878125 0.8681465359375 0.7920649390625 0.850130934375 0.77904799375 0.8456197671875 0.771014325 0.8501212437500001 0.768259528125 0.83814468125 0.7879645265625 0.8061169453125 0.7853277046875 0.7867088203125 0.8037401921875 0.7811339593750001 0.8025695796874999 0.7586845515625 0.8181092921875 0.7485646875 0.8223329125 0.729852825 0.8077330906250001 0.7219909265625001 0.8102571640625001 0.69353631875 0.8132492234375001 0.6768261890625 0.7979441546875 0.6859065078125 0.78281670625 0.676927696875 0.78064786875 0.66926405 0.7784803390625 0.647776828125 0.7686927109374999 0.5978688390625 0.771391790625 0.57900225 0.7491096109375001 0.58099429375 0.740198309375 0.565202825 0.7514586828125001 0.5429516703124999 0.73762113125 0.5351671328125 0.7307010468749999 0.5450984390625 0.749643775 0.5129933390625 0.749879728125 0.49813021874999996 0.7364518265625 0.498894153125 0.7275962421875 0.5139458343750001 0.711295565625 0.5101647671875 0.710652578125 0.4888322703125 0.7178656421875 0.4810574234375 0.7134696328125 0.462534121875 0.704850003125 0.46272268437499997 0.7015092453125 0.4464332015625 0.685794528125 0.44696505000000003 0.679286709375 0.43779768125 0.6894905234375 0.42713627499999995 0.7011592390625 0.42725716562500005 0.71019113125 0.4079699296875 0.696118934375 0.40122494218749993 0.679757309375 0.42189501093750004 0.6639246156249999 0.42985841875 0.660524215625 0.424196503125 0.654016396875 0.41502913281250003 0.6463936828125 0.4142555109375 0.6310899234375 0.4095122546875 0.6180133343750001 0.4156286546875 0.598956553125 0.41369459375 0.5938552984375 0.41211350781249995 0.5863505640625 0.4039083234375 0.5769447624999999 0.4 0.443908828125 0.4