0 0.3691938859375 0.00979665 0.3597447125 0.006722915625000001 0.3529306296875 0.0161488703125 0.354784353125 0.028653109375000003 0.3689217421875 0.031699543749999996 0.37165923749999996 0.014996890625 0.3691938859375 0.00979665
0 0.2825432046875 0 0.28158356093750003 0.0061351406249999995 0.2917413578125 0.006075990625 0.297089696875 0.0008302484375 0.2973188375 0 0.2825432046875 0
0 0.0663379375 0.025118178125 0.055986151562499996 0.016835104687499998 0.050540815625 0.017909732812500002 0.042824120312500005 0.0221263453125 0.0438479765625 0.032549578125 0.0534426453125 0.04187998125 0.0636731890625 0.044949165624999995 0.066580425 0.035545960937499996 0.0663379375 0.025118178125
1 0 0.46875 0.41875 0.46875 0.41875 0.34335780625 0.41441070468749996 0.3411817328125 0.3984195921875 0.325631059375 0.3839912171875 0.3100712859375 0.370101725 0.2840791796875 0.3604585609375 0.2726632203125 0.353062509375 0.257062496875 0.3494278078125 0.23518235468749998 0.33863954375 0.20812926874999998 0.34757949374999997 0.18930465937500002 0.35332122187500004 0.1673699171875 0.3436053125 0.15282562187499998 0.329074534375 0.166468190625 0.3263127890625 0.18212806406249998 0.3169363609375 0.1821826640625 0.313447153125 0.166559190625 0.3044641140625 0.1499247875 0.3016107828125 0.1280400953125 0.2963405984375 0.1030407171875 0.27670937812499996 0.0989833546875 0.26354734999999996 0.1042745984375 0.267987665625 0.12719296875 0.2540496765625 0.09911530625000001 0.24413436718749998 0.1096022390625 0.23719904062500002 0.113814303125 0.225527003125 0.1159681078125 0.22455164375 0.107630434375 0.22181955625 0.09095963124999999 0.19989272656249998 0.089001475 0.194835371875 0.10676055468750001 0.1933453796875 0.10989799062500001 0.1882691859375 0.0932408390625 0.176475903125 0.090180753125 0.1608970203125 0.0923573109375 0.1421441640625 0.0924665125 0.13367035 0.097730453125 0.1241241796875 0.09048560624999999 0.11022927812500001 0.0978669546875 0.0993143609375 0.098973434375 0.0883024484375 0.0959087984375 0.0664241140625 0.0960362 0.042419912500000004 0.1055622546875 0.02999075625 0.108763390625 0.018730946875 0.12864442812500002 0.0033460546875 0.1391632109375 0 0.1415723 0 0.46875
0 0.0907732078125 0.0677355875 0.0829352671875 0.0667383078125 0.076684315625 0.0667747078125 0.07282596875 0.068883015625 0.0707970953125 0.08245278125 0.082687371875 0.0896839796875 0.09186981093749999 0.081287153125 0.0907732078125 0.0677355875
0 0.3859016421875 0.12337757812500001 0.3734239875 0.1244931578125 0.3664644125 0.12766244375 0.36211568125000004 0.1422886375 0.3679004984375 0.1558129046875 0.3819893890625 0.1567737828125 0.3887792234375 0.14630505 0.3859016421875 0.12337757812500001
0 0.5416216703125001 0.0627099984375 0.5495808515625 0.0689211671875 0.5643541187500001 0.06570638125 0.5634030078125 0.05841148593749999 0.5616947765625 0.0521639171875 0.5568610703125 0.045934546874999996 0.5513187421875 0.0428380625 0.5443106671875 0.0439217890625 0.5405735640625 0.051243989062499995 0.5416216703125001 0.0627099984375
0 0.5946469515625 0.12497639062499999 0.6025091390625 0.12701644843749998 0.6133270609375 0.12173885625 0.61069196875 0.1092391671875 0.6090807328125 0.1071627109375 0.6012185453125001 0.10512265624999999 0.5927447296875 0.11038659531249999 0.5946469515625 0.12497639062499999
0 0.6990782546875 0.14626958125 0.6923369203125 0.1588238703125 0.6924824125000001 0.1650805390625 0.7012472125 0.1723299375 0.7081340421875 0.16603231875 0.71426375 0.1607820265625 0.7173649765625 0.15972104843749999 0.7195878406249999 0.15449350625 0.7232279484374999 0.14300019375 0.7366136265625001 0.11372050468749999 0.7167102609375 0.131566034375 0.7075035734374999 0.138920084375 0.6990782546875 0.14626958125
0 0.7313703046875 0.22430049843750002 0.7251436 0.225379678125 0.7167667812499999 0.2348147328125 0.7162278984375 0.245247065625 0.7242113296875 0.2525010125 0.7343206296875 0.25035630468750003 0.738839103125 0.24302955625 0.7392809890625001 0.2284261109375 0.7384511234375 0.22634510468750002 0.7313703046875 0.22430049843750002
0 0.724623559375 0.2702282421875 0.7189357375000001 0.2608750890625 0.701600125 0.25471852031250003 0.6908307 0.26208166718750003 0.6894134546874999 0.2683474359375 0.6904615609375 0.2798134484375 0.6968095078125 0.28394816093749997 0.7085300421875 0.283879909375 0.7169796093749999 0.2775731890625 0.724623559375 0.2702282421875
0 0.8194036765625 0.17894233125 0.8204760296875001 0.1914511203125 0.83710301875 0.20074057500000003 0.8393986281250001 0.198641365625 0.8464309499999999 0.198600415625 0.8555406421875 0.1870752546875 0.8537596656249999 0.1776993515625 0.8457762343749999 0.170445403125 0.8270233765625001 0.1705546046875 0.8194036765625 0.17894233125
0 0.6835675562500001 0.46875 0.6940207171875 0.4664753046875 0.696073840625 0.45394831562500004 0.6950742328125 0.4445678609375 0.6886050421875 0.4352192578125 0.6862366859375 0.43419012968750004 0.6783987484375 0.4331928515625 0.666066584375 0.44056509843749997 0.6641104578125001 0.45726320156250005 0.66591568125 0.46768188437499997 0.6730065234375 0.46875 0.6835675562500001 0.46875
0 0.48499585625 0 0.4740656109375 0.014086173437499998 0.4783119375 0.02866231875 0.48302440156250004 0.029677798437500003 0.49547780937499997 0.027519440625000002 0.49677381093750006 0.016039778125 0.493405846875 0.0056301984375 0.4861911390625 0 0.48499585625 0
0 0.6353535 0.2624047203125 0.6386002203125 0.2676004109375 0.6418711890625 0.27383888125 0.6496121328125 0.2706650453125 0.65500896875 0.26750486093750003 0.6547907296875 0.25811985625 0.6492241515625 0.25398059375000004 0.6374551203125 0.2519632875 0.6353535 0.2624047203125
1 0.41875 0 0.41875 0.46875 0.6460487921875 0.46875 0.6455030921875 0.46362907187499997 0.6391066484375 0.457408803125 0.6436736171874999 0.4521676125 0.6529288015625 0.44689911875000005 0.6534919328125 0.437509565625 0.654957675 0.43332935156249996 0.6562779265625001 0.4228924703125 0.6569380515625 0.417674028125 0.6568895546875 0.4155884703125 0.656307584375 0.39056179375 0.6561378421875 0.38326234531250003 0.65455085625 0.38222866718750004 0.6444658046875 0.385416153125 0.6411463390625001 0.37709212812500004 0.643126715625 0.3614368046875 0.6460097031250001 0.3509908203125 0.6450828421875 0.34473870156249997 0.6455489765625 0.33117803281249997 0.6513877 0.313414403125 0.662744503125 0.297704478125 0.6669719921875 0.27786439218750003 0.6543973421875 0.27480885625 0.642065178125 0.2821811046875 0.6310775140625 0.28015924999999997 0.6291267968750001 0.2634838984375 0.6258315796874999 0.25620265 0.6184112765625 0.2395591484375 0.614752328125 0.2166362265625 0.61400061875 0.1843101 0.6015526203125 0.153095003125 0.5877601218749999 0.1312740109375 0.5802913234375 0.11254495312499999 0.5885226515624999 0.0968532296875 0.6022963078125001 0.08425798906250001 0.620806678125 0.07372100781249999 0.6384871796875 0.0611030171875 0.6506981 0.048516878125 0.645791646875 0.039159175000000004 0.619516084375 0.0518272140625 0.5994187296875 0.06133051874999999 0.5870865656250001 0.068702765625 0.563863734375 0.078224271875 0.54843034375 0.08665749843750001 0.5397867875 0.0846219921875 0.5259942890625 0.0628009984375 0.50975528125 0.070195996875 0.499573234375 0.06921237031250001 0.49156555468749996 0.060915643750000005 0.4903234578125 0.0411074078125 0.484562890625 0.0286259171875 0.47528345781250003 0.03285163125 0.46478617812499995 0.0183118875 0.45594863124999996 0.0079341546875 0.4459363265625 0.014249975000000002 0.43906135468749996 0 0.41875 0
0 0.41875 0.46875 0.405834334375 0.46875 0.40768457500000005 0.48611290625 0.41875 0.49229512968750005 0.41875 0.46875
1 0 0.46875 0 1 0.41875 1 0.41875 0.5105583015625 0.402627221875 0.5038719875 0.3804094046875 0.48940049218750004 0.37074199375 0.47694175312500003 0.3697837046875 0.46875 0 0.46875
0 0.474307259375 0.46875 0.47422414062499996 0.4701359171875 0.47151089375 0.4878813484375 0.473267621875 0.4962144734375 0.483376921875 0.49406976875 0.491117865625 0.49089593281250005 0.49546659843749996 0.4762697359375 0.4901051953125 0.46875 0.474307259375 0.46875
0 0.7451193187499999 0.5926658703125 0.7411882265624999 0.5916458421875 0.73188454375 0.5948287765625 0.7313699109374999 0.6063038875 0.7346651281250001 0.613585134375 0.7456042937499999 0.6135214359375001 0.7531512484375 0.602005375 0.7451193187499999 0.5926658703125
0 0.5639871968750001 0.5999781453125 0.5576634984375 0.5968862125000001 0.552024175 0.5896186140624999 0.5404248828125 0.5949007546875 0.5398617531250001 0.604290309375 0.546500684375 0.6209383625 0.5528486328125 0.625073075 0.5589540921875 0.61878000625 0.5633998203124999 0.608324921875 0.5639871968750001 0.5999781453125
0 0.47048965000000004 0.6119947109374999 0.47796385937499997 0.5973503156250001 0.4707132984375 0.5880062625 0.46436535156250003 0.5838715484375 0.45498892187499995 0.5839261484375 0.45115482343749996 0.5870772343749999 0.4459519765625 0.59857964375 0.45095542499999997 0.6121084609375 0.45808474062500004 0.616238625 0.47048965000000004 0.6119947109374999
0 0.9267228031249999 0.840866115625 0.9168802406250001 0.8544813828125001 0.9155842374999998 0.8659610437499999 0.9172197234375 0.869080278125 0.9266446484374999 0.8711112343749999 0.9358513359374999 0.8637571874999999 0.943471034375 0.8553694593750001 0.9345849906249999 0.8429061703125 0.9267228031249999 0.840866115625
0 0.9266769187499999 0.9733171546874999 0.9361018453125001 0.975348109375 0.9454297765625 0.9732079531250001 0.9499724984375 0.9669239828125 0.9502931390625001 0.9471066453125001 0.9417223281249999 0.948199475 0.936228496875 0.9471885468749999 0.9251680859375 0.94203835625 0.9189656328125 0.9441603125 0.9169852578125 0.9598156359375001 0.9187177359375 0.9671059843750001 0.9266769187499999 0.9733171546874999
1 0.41875 1 0.8613237453125 1 0.8620900265625 0.9851653671874999 0.850345240625 0.9841908374999999 0.8344753734375001 0.9738540562499999 0.8415858499999999 0.9435679859375 0.8383633781250002 0.9394150734375 0.8166790359375 0.9478847015625 0.813577809375 0.9489456796875 0.8046917640625001 0.9364823906249999 0.79129265625 0.8979723953125 0.7805286406249999 0.8719620906250001 0.7760155765625 0.845915384375 0.7629747890624999 0.8564205171874999 0.75020615 0.8450227578125 0.7380733859374999 0.8273637765625 0.737733903125 0.8127648796875 0.7237905031249999 0.8180606734375001 0.724086896875 0.7972005578125 0.739496040625 0.787724553125 0.7265576578124999 0.7690273453125 0.709707021875 0.7837263421875 0.6836551078124999 0.77240593125 0.6917894406249999 0.75254309375 0.6784334203125 0.7494921109374999 0.6778756984375001 0.7255082109375 0.6619503124999999 0.7129023015625 0.6745616421875 0.6838107296875 0.6488007125 0.685003659375 0.640569384375 0.7006953828125 0.6249905015625 0.7028719406249999 0.6146387140625 0.6945888640625 0.5989143390625 0.690508753125 0.5825540859375 0.6926898609375 0.576424378125 0.69794015 0.5670237 0.696951975 0.5480041078125 0.6855906125000001 0.5316196062499999 0.6867289421875 0.5072031765625 0.67852776875 0.49611851875 0.6723347984375 0.48222361718749995 0.6797161453125 0.46003005156250004 0.66628743125 0.443276409375 0.6851575406249999 0.42603779375000006 0.6831720828125001 0.41875 0.6898363625 0.41875 1