0 0.3686319921875 0.3079416734375 0.373069425 0.3214854015625 0.3743147359375 0.325652703125 0.3818815828125 0.3287781796875 0.39140330625 0.3266945296875 0.39250707500000004 0.3121089734375 0.3890076609375 0.29648159375 0.3773026078125 0.29648159375 0.3686319921875 0.3079416734375
0 0.4031971109375 0.212093740625 0.39796320625 0.21938651875 0.4120012015625 0.2298047734375 0.4186380984375 0.22459564531249998 0.4215309953125 0.21730286875 0.41982070781249997 0.20896826562499998 0.4152175265625 0.20792644062500001 0.4074141578125 0.20792644062500001 0.4031971109375 0.212093740625
0 0.3398339859375 0.111036684375 0.346715475 0.092283828125 0.340323165625 0.0839492234375 0.3317394609375 0.0839492234375 0.32377841093750004 0.0860328765625 0.3229900046875 0.096451128125 0.325480628125 0.10478573124999999 0.3293034734375 0.10582755625 0.3398339859375 0.111036684375
1 0 0 0 0.4945491796875 0.00024659374999999996 0.4944284078125 0.0033598734375 0.5048466625 0.0040452328125 0.5267249953124999 0.0299620984375 0.514223090625 0.040886815625 0.514223090625 0.0586849515625 0.5058884875 0.07126531875 0.4840101546875 0.07984902499999999 0.4840101546875 0.0942023828125 0.4902611078125 0.10450444375000001 0.48817745781250005 0.11994543124999998 0.5006793625 0.13509526249999998 0.4860938078125 0.137066275 0.46004817343750004 0.1463514765625 0.4610899984375 0.14792022031250002 0.4506717453125 0.15206649375 0.4371280140625 0.15525861406250002 0.44650444375 0.164228453125 0.4517135703125 0.181246253125 0.44337896718750003 0.1885219421875 0.4194169859375 0.1880731046875 0.39441317656249997 0.1838014234375 0.3683675421875 0.20409018125 0.3683675421875 0.20176530625 0.3475310359375 0.2244192828125 0.316276275 0.2382530296875 0.2881469921875 0.258392175 0.2798123890625 0.2721551515625 0.2423066765625 0.28053460937499997 0.2037591375 0.2934930421875 0.19750818750000002 0.298892696875 0.1777135046875 0.2913419859375 0.15375152187500002 0.29589053125000003 0.1245804125 0.3118287671875 0.099576603125 0.31450127656250004 0.0745727953125 0.30672211250000003 0.0433180359375 0.3213119921875 0.0464435125 0.3331200921875 0.0141469265625 0.3278329578125 0 0 0
0 0.6643569312500001 0.5390625 0.6647232265625 0.5382069703125001 0.6570856078125 0.5257050671875 0.652648175 0.5121613375 0.6439775609375 0.5236214171875 0.6382786796875 0.5267468921875 0.6400678078125 0.5340396703125 0.6406777421875 0.5390625 0.6643569312500001 0.5390625
0 0.660508021875 0.4392335640625 0.669241340625 0.447568165625 0.6772812312500001 0.444442690625 0.68018219375 0.426731659375 0.6698882015625001 0.41839705625 0.6613752671875 0.427773484375 0.660508021875 0.4392335640625
0 0.6825895953125001 0.24024492187500002 0.6770483953124999 0.2412867484375 0.6729021203125 0.25483047812500004 0.677654915625 0.26420690625 0.6901403046875 0.26420690625 0.6977071515625 0.2673323828125 0.6930412671875 0.246495875 0.6825895953125001 0.24024492187500002
0 0.5890625 0.3500272859375 0.591359109375 0.352762059375 0.6038444984375 0.352762059375 0.606043965625 0.33400920312500004 0.5973894875 0.324632775 0.5890625 0.328217815625 0.5890625 0.3500272859375
0 0.8255669046874999 0.1141840578125 0.823138984375 0.125644134375 0.8272610546875001 0.143355165625 0.8334249093749999 0.1443969921875 0.8433408359375001 0.1371042140625 0.844286921875 0.1246023109375 0.8378946140625001 0.1162677078125 0.8255669046874999 0.1141840578125
0 0.8863785468750001 0.083971121875 0.8828002921875001 0.0693855671875 0.880695803125 0.066260090625 0.8685257765625 0.0620927890625 0.86516790625 0.0652182640625 0.8625034656249999 0.0798038203125 0.869833790625 0.086054771875 0.8752173078125001 0.087096596875 0.8863785468750001 0.083971121875
1 0.5890625 0 0.5890625 0.312343375 0.59646760625 0.30587991875 0.609118746875 0.293378015625 0.612153184375 0.3048380953125 0.6171425 0.311089046875 0.6275234000000001 0.3079635703125 0.6355005859375 0.2850434125 0.641057921875 0.26316508125000004 0.6458349203125 0.2412867484375 0.653638290625 0.2412867484375 0.6660529078125 0.2319103203125 0.6853328765625 0.2246175421875 0.698748215625 0.232952146875 0.71521413125 0.2319103203125 0.7351794593750001 0.246495875 0.7897080640625 0.26837420624999997 0.7663140953124999 0.2475377 0.7548536312499999 0.23399397031250002 0.7448750015625001 0.22149206718749997 0.7329414953125 0.21419928906250002 0.741060225 0.2100319875 0.745750315625 0.19961373437500002 0.739444915625 0.179819053125 0.7239089515625 0.18919548125000002 0.7196838359375001 0.2037810359375 0.7091533218749999 0.19857191093749998 0.7178239375000001 0.18711183125 0.7277479312499999 0.1694008 0.735173234375 0.15377342031250002 0.7458775656250001 0.1360623890625 0.7550212234375 0.11835135625 0.7540285703125 0.09022207343750001 0.7579383234375 0.0798038203125 0.7609808296875 0.08084564375 0.778297853125 0.0891802484375 0.7889152765625 0.082929296875 0.8013137578125 0.094389375 0.8141852828125 0.0995985015625 0.8099843718749999 0.082929296875 0.801724096875 0.06834374062500001 0.793148459375 0.0579254890625 0.7944806796874999 0.050632710937500006 0.7820033578125 0.04021445625 0.7913674015625001 0.0402144578125 0.8041600843750001 0.046465409375 0.8178119468749999 0.05167453749999999 0.8327879593749999 0.06000913906250001 0.83177916875 0.0527163609375 0.84357113125 0.0412562828125 0.8303134734375 0.030838028125 0.8234561906250001 0.018336125 0.811207321875 0.015210648437499998 0.800826421875 0.018336125 0.8008344890625001 0.007917871875 0.7988390578125 0 0.5890625 0
0 0.50774931875 0.94649349375 0.4987543921875 0.9440421406249999 0.4843344671875 0.952621878125 0.4801057703125 0.9599759406249999 0.485975553125 0.9673300031250001 0.4949704796875 0.9697813562500001 0.510401203125 0.9599759406249999 0.50774931875 0.94649349375
0 0.518071271875 0.8950150656249999 0.5278914875 0.8986920984375001 0.5390935171875 0.89624074375 0.5324079359375 0.8754042359374999 0.5186372859375 0.8754042359374999 0.5151411265625 0.88520965 0.518071271875 0.8950150656249999
0 0.5632430734375 0.7712217031249999 0.5538771312499999 0.7736730578125 0.5472653203125 0.7761244093749999 0.5455124953125 0.7871555015625 0.5466065546875 0.7969609156249999 0.5548689437500001 0.7969609156249999 0.5641421328125 0.7957352390625 0.569010609375 0.792058209375 0.5704851750000001 0.784704146875 0.566729740625 0.77367305625 0.5632430734375 0.7712217031249999
0 0.48988503124999994 0.6609107828124999 0.483644234375 0.6584594296875 0.471245903125 0.6645878140625 0.46793525156250004 0.671941875 0.46893655624999997 0.68297296875 0.47710619374999996 0.6841986437500001 0.48702865624999997 0.6743932312500001 0.48988503124999994 0.6609107828124999
1 0 0.5390625 0 1 0.3309138015625 1 0.33153977343749996 0.9942948921875001 0.34320556875 0.985715153125 0.33827281249999996 0.9538475562500001 0.332959553125 0.9391394343750001 0.34150020312499996 0.9354624015624999 0.3526189703125 0.9219799562500001 0.35694990937500004 0.90114345 0.36659411249999996 0.8950150656249999 0.373484184375 0.88888668125 0.376155053125 0.8778555906250001 0.3864485296875 0.8631474671875001 0.3916975125 0.8423109609375 0.3980405546875 0.8312798687499999 0.41192294531250007 0.8055406546875 0.42487779843749995 0.792058209375 0.42718714531249996 0.7736730578125 0.43609881093749997 0.7650933156249999 0.4373046078125 0.74915951875 0.4360345328125 0.7295486890625 0.441098009375 0.7111635359374999 0.4428603265625 0.687875675 0.44517916562500004 0.657233753125 0.4595063375 0.6498796921875 0.4610831484375 0.6290431859375001 0.45245923593750004 0.6216891234374999 0.45301575781250003 0.6143350609375 0.4597203203125 0.6106580312500001 0.47597633281249996 0.6020782921875 0.47442799999999996 0.586144496875 0.46690763906250005 0.576339078125 0.455715103125 0.5665336640625 0.45343423437499997 0.5481485109374999 0.45811720312500004 0.546922834375 0.46106702187500004 0.5390625 0 0.5390625
0 0.7763944171875 1 0.778524190625 0.9990830625000001 0.78196896875 0.9844975093749999 0.7684747890625 0.97720473125 0.75825156875 0.97824655625 0.7523950078125 0.9834556828124998 0.7521584859375 0.9865811593749999 0.748721775 0.9907484625 0.749888246875 0.9959575874999999 0.75866575 1 0.7763944171875 1
0 0.7454911578125 0.9303225921875 0.7334788109375 0.9240716390625 0.7271572765625 0.9251134640625001 0.7223095046875 0.9376153687500001 0.72534394375 0.949075446875 0.7315866390625001 0.949075446875 0.741029521875 0.9480336218750001 0.75211191875 0.945949971875 0.7514892640624999 0.9438663218750001 0.7672536828125 0.9417826703125 0.7582838421875 0.93657354375 0.7454911578125 0.9303225921875
0 0.6792332953125 0.9396990187500001 0.6818027578125 0.946991796875 0.690307625 0.9480336218750001 0.6981109921875 0.9480336218750001 0.706150884375 0.9449081453125 0.7089730046875 0.9282389406250001 0.707034265625 0.912611559375 0.694548875 0.9126115609375001 0.6838526125 0.9199043375 0.680880878125 0.9282389406250001 0.6792332953125 0.9396990187500001