0 0.4542382734375 0.23491853906250001 0.44063573749999996 0.23331328281250002 0.4362038015625 0.245777171875 0.44328100312499996 0.2537940640625 0.45459750000000004 0.26201200625 0.46023818437499997 0.2545982578125 0.46280449843750004 0.2464626140625 0.4542382734375 0.23491853906250001
0 0.3355380125 0.2292891875 0.3408897328125 0.24087284531250003 0.343683821875 0.2431177 0.35840746874999996 0.23863111875 0.3667546046875 0.22232025000000002 0.3691369640625 0.20937509531249998 0.35814456250000004 0.20520518437500002 0.3423961265625 0.2094511328125 0.3374561390625 0.21305748281249998 0.3269279703125 0.212174121875 0.3312549 0.22351714843749998 0.3355380125 0.2292891875
0 0.0822133984375 0.10704924687499999 0.0867329703125 0.10572733593750001 0.0937312234375 0.085127803125 0.0895882515625 0.0785942859375 0.071422325 0.0727399515625 0.06895232968750001 0.07454312656249999 0.057767284375000005 0.0830381515625 0.054920693750000006 0.09269675468750001 0.070240025 0.10820969375 0.0822133984375 0.10704924687499999
0 0.07920890625 0.0594749984375 0.07492579375 0.05370296249999999 0.0670515765625 0.0558259359375 0.066114421875 0.0667272828125 0.0705376734375 0.0717378390625 0.07640613125 0.074704590625 0.09056922187500001 0.073263928125 0.07920890625 0.0594749984375
1 0.55 0 0 0 0 0.00218283125 0.019919965625 0.0272824171875 0.0384186703125 0.0197103359375 0.0431222 0.0231979328125 0.045863787499999996 0.037346246875 0.0753023921875 0.0458475328125 0.0971470578125 0.054948834375 0.113499865625 0.05322795625 0.133014675 0.06337095468750001 0.1245274 0.0804433046875 0.13043967343750001 0.08898104375 0.1439020703125 0.09134777968749999 0.167375896875 0.10321478437500001 0.176975596875 0.0975250453125 0.1869518953125 0.0839798765625 0.19677937031249998 0.08867063593749999 0.2049689984375 0.10807013750000001 0.2192722265625 0.105867996875 0.215970084375 0.0947656015625 0.23684246562500003 0.0917228140625 0.24671375625 0.1019845609375 0.24545250625 0.10883787812500001 0.26403885 0.1124077734375 0.282117140625 0.10712013125 0.2915241984375 0.11409532656250002 0.302280140625 0.1253591875 0.31075873125000003 0.1257612828125 0.314945521875 0.1378657890625 0.3366500484375 0.147728571875 0.34457676875 0.1337021390625 0.346021975 0.13165833124999998 0.3497094 0.1174308515625 0.353204184375 0.11586830937499999 0.3741116953125 0.1358709578125 0.3866894421875 0.13723558125 0.38609375468749996 0.1172360640625 0.393740196875 0.1047325890625 0.40790328750000004 0.10329192812500002 0.4382790484375 0.10089186875 0.4776939515625 0.0958479859375 0.48822211875 0.096731346875 0.4825463046875 0.0810996578125 0.5066418765625 0.0605428375 0.5158562921875001 0.0801829734375 0.5296514703125 0.06912329218749999 0.5238793328125 0.059824071874999996 0.5364570796875 0.061188696875000004 0.55 0.0724394984375 0.55 0
0 0.893970571875 0.26875 0.8899214531249999 0.2656541640625 0.8854982 0.26064360625 0.878464815625 0.258197703125 0.8697059484375 0.259318565625 0.86706849375 0.26875 0.893970571875 0.26875
0 0.9036901828125 0.2140745984375 0.908814128125 0.21527775781249997 0.918273690625 0.2103494984375 0.9237304171874999 0.198126240625 0.92541208125 0.1889884859375 0.9154006515625 0.17948821718750002 0.901237559375 0.180928878125 0.8962975703125 0.1845352296875 0.8940553515625 0.196718903125 0.8972173546875 0.2085827765625 0.9036901828125 0.2140745984375
1 0.55 0 0.55 0.2457171875 0.558564434375 0.2363053484375 0.5700297562500001 0.2262873625 0.594861153125 0.2249685796875 0.5998974625 0.21502976093749998 0.633811821875 0.2166381484375 0.6538520562500001 0.20068978906249998 0.695964728125 0.20422323125 0.71604009375 0.2113203109375 0.7400306578125 0.2145704078125 0.7413444109375 0.1958136328125 0.7312366578125 0.1926458328125 0.7409764984375 0.1861946125 0.76240943125 0.18010590625 0.7775973109375001 0.1789058765625 0.80503015625 0.1924968875 0.8199902609375 0.180916359375 0.8206996390625001 0.1596345140625 0.809847378125 0.15470312343749998 0.8160047968749999 0.13867246875 0.812282240625 0.1298545125 0.8108895374999999 0.1199948609375 0.82193444375 0.11226131406249999 0.8371748265625 0.099157825 0.8401177421874999 0.0831667546875 0.8461788390624999 0.0734685671875 0.8548938890625 0.06677671562500001 0.8503830015625 0.050624178124999995 0.8419130984375001 0.032747635937500005 0.8499799578125 0.017959721875 0.8476603078125 0 0.55 0
0 0.50388651875 0.7356060890625 0.5007683359375 0.7293132046874999 0.4875862171875 0.725423509375 0.480876928125 0.7270256359375 0.4799397734375 0.7379269828125 0.48846218124999996 0.74390006875 0.4935861265625 0.745103228125 0.49927062656250004 0.7432604703125001 0.50388651875 0.7356060890625
0 0.372311253125 0.8580271921874999 0.3663551625 0.8439184640625002 0.3511234640625 0.8395475031250001 0.342268275 0.847000834375 0.34058660937499996 0.8561385906249999 0.3444493078125 0.8641950671874999 0.35357608749999997 0.8726932234374999 0.35819198124999996 0.8650388437500001 0.372311253125 0.8580271921874999
0 0.16285992656249998 0.7587993671875 0.1526207234375 0.7389186 0.15821758749999998 0.7259338625 0.146156578125 0.71595233125 0.1321336265625 0.7166315125 0.13431465781250002 0.7338257453125 0.1196261453125 0.7613577609375 0.1393860984375 0.7469323625000001 0.16285992656249998 0.7587993671875
0 0.07403605937499999 0.7244379671875001 0.070409821875 0.7092875421875 0.059837837500000005 0.7028331921875 0.04348503125 0.7045540703125 0.0363028203125 0.72034409375 0.0397451 0.7306850093749999 0.06695017187499999 0.733895521875 0.07403605937499999 0.7244379671875001
1 0.55 0.26875 0.0242643 0.26875 0 0.4005962390625 0 0.5967555499999999 0.0089220890625 0.601906396875 0.0195817125 0.6195027265624999 0.0314062609375 0.6365782062500001 0.0532509265625 0.6456795078124999 0.055887506249999996 0.6836347375 0.068990675 0.6589080078125 0.0992701125 0.662840415625 0.10886981250000001 0.6571506765625 0.12740365 0.6726240296875 0.1386676453125 0.6927454296875 0.1588393296875 0.6935100375000001 0.17626074687499999 0.6976007828124999 0.1794227484375 0.70946465625 0.203316990625 0.719047221875 0.2249777 0.7233390140625 0.2249863859375 0.7058645671875 0.262299209375 0.712242878125 0.27664625468750004 0.7156117265625 0.2695603671875 0.7250692812499999 0.2981581390625 0.7381394453125 0.303177078125 0.763149521875 0.32180723906250003 0.77229040625 0.34105045624999997 0.766481915625 0.33519068281250003 0.7460407171875 0.338921928125 0.7373842265625 0.348977178125 0.7524554828125 0.3721095375 0.7952233515625 0.3851428328125 0.817348975 0.4003133390625 0.8510978390624999 0.3981848125 0.8220001484375 0.43385978593749996 0.8430872062500001 0.4015481421875 0.8037246390625 0.393218378125 0.785086615625 0.379291746875 0.7794333296875 0.36300881406249996 0.7343018531250001 0.3648831203125 0.712499159375 0.3760594796875 0.72147858125 0.38476584375 0.7322611765625 0.398044284375 0.729818403125 0.424224565625 0.732788284375 0.488146771875 0.7223775906250001 0.5047798578125 0.7191337546875001 0.516175303125 0.7559681203124999 0.5328873375 0.781340709375 0.5495993734375 0.8067133 0.5497568828125 0.771002925 0.55 0.7704027921875001 0.55 0.752259996875 0.5387293484375 0.743787578125 0.5350154765624999 0.7174951734375 0.5195560046875001 0.702743715625 0.5423026937500001 0.6778982359375 0.55 0.6720931671875 0.55 0.26875
0 0.9851530562499999 0.737333509375 0.9773226562499999 0.7450274718750001 0.9776905687500002 0.754646490625 0.9899880375000001 0.7575340749999999 0.993631646875 0.73773560625 0.9851530562499999 0.737333509375
0 0.9164748171875001 0.7561600609375 0.9202060609375 0.74750356875 0.9287809718750001 0.741573196875 0.9263634796875 0.731472915625 0.9118762953124999 0.7288655453125 0.8905396812499999 0.728621784375 0.8992460453125 0.7394043796875 0.9164748171875001 0.7561600609375
0 0.911437728125 0.5802124265625 0.9269583875 0.56558598125 0.9178754265624999 0.5626588140625 0.8804137796875 0.574516428125 0.8787321140625 0.5836541828125 0.8867902875 0.58634071875 0.8975549171875 0.58013013125 0.911437728125 0.5802124265625
0 1 0.46234747187499997 0.9923692296875 0.4657592453125 0.9915722140625001 0.4758991109375 0.9977209484374999 0.477342903125 1 0.4771893828125 1 0.46234747187499997
0 0.77036776875 0.68451635625 0.7772085125 0.6996271968750001 0.7845659921875 0.706121128125 0.7962590875 0.7064836421875 0.7945422890625 0.6925759609375 0.78802564375 0.68151315 0.77036776875 0.68451635625
0 0.7918350578125001 0.5155866343750001 0.8138723656250001 0.512022996875 0.8142489640624999 0.50416756875 0.8148095203124999 0.50112165 0.811691334375 0.4948287640625 0.7952947109374999 0.490978653125 0.7842498046874999 0.49871219999999994 0.78154335 0.5076093234375 0.7918350578125001 0.5155866343750001
0 0.832361996875 0.4289821359375 0.837678584375 0.4175203578125 0.8344202609375 0.41198895156250004 0.8213782796875 0.40733777656250003 0.8102895578125 0.409500334375 0.80874803125 0.4178766109375 0.8111655203125 0.42797689375000003 0.832361996875 0.4289821359375
0 0.7133909234375 0.593287746875 0.7172623046875 0.5838697765624999 0.7126550968750001 0.574049709375 0.7048772 0.5698402124999999 0.696258471875 0.5701995953125 0.69280750625 0.577333128125 0.6940600703124999 0.587954259375 0.6983431812500001 0.5937262984375 0.7133909234375 0.593287746875
0 0.633527640625 0.6206093265625 0.613171996875 0.61503520625 0.612182340625 0.6378400125000001 0.62671334375 0.64601836875 0.6330022171875 0.6467006796874999 0.635007978125 0.64161095625 0.639764009375 0.633195096875 0.633527640625 0.6206093265625