0 0.210392090625 0.0624597265625 0.2110165109375 0.055163857812499995 0.21206659062500002 0.0415911796875 0.20402825 0.0377660484375 0.1990293546875 0.038829431250000004 0.19127596875 0.04992095 0.1930947140625 0.065162509375 0.210392090625 0.0624597265625
0 0.0221331359375 0.020457492187500002 0.024718778125 0.035861509375 0.030655189062499998 0.0381802140625 0.0375853953125 0.035403625 0.0420724375 0.0246813421875 0.0417312015625 0.0182420765625 0.0352266546875 0.0147418578125 0.029091484374999997 0.013442210937499999 0.0221331359375 0.020457492187500002
0 0 0.0488258734375 0.005036289062499999 0.050793 0.012932151562499999 0.047159806250000005 0.018157948437499998 0.040838671874999996 0.0201455421875 0.030648082812499998 0.010573409374999999 0.026498040625000004 0.0046369984375 0.024179334375 0.0017118906249999999 0.030987835937500003 0 0.03976486875 0 0.0488258734375
0 0.146891034375 0.1996931328125 0.1414383359375 0.2112720171875 0.142120809375 0.22415054687499997 0.1491653515625 0.233070975 0.16242948906250002 0.2305749734375 0.1677115671875 0.2157764546875 0.165097784375 0.20461113125 0.1562925484375 0.20062354375 0.146891034375 0.1996931328125
0 0.06173386875 0.128595671875 0.06500021406249999 0.1282264359375 0.07562242500000001 0.1188038015625 0.0710773296875 0.1093516828125 0.06227209375 0.10536409531249999 0.056676920312500004 0.10948465781250001 0.05221801875 0.115968246875 0.050826703125 0.12310165937499999 0.056166835937500006 0.12847754218750002 0.06173386875 0.128595671875
0 0.20310844218750002 0.32090178125 0.21736637656250002 0.313310484375 0.21512197031250002 0.3043457328125 0.20961121875000002 0.29575021874999996 0.19827839375 0.2965330140625 0.1907519078125 0.30236678125 0.19509824375 0.3128379578125 0.20310844218750002 0.32090178125
0 0.31988074218749996 0.4305313421875 0.3077810203125 0.43115168437499996 0.303464596875 0.44509359843749996 0.30301079531249997 0.4556090984375 0.309145965625 0.45690874375 0.320081271875 0.4581640671875 0.3278065171875 0.45131123906250004 0.3301916296875 0.4390825328125 0.328117840625 0.43333741562499994 0.31988074218749996 0.4305313421875
0 0.49041311875 0.4242096046875 0.492288146875 0.43097378124999997 0.512823728125 0.432140453125 0.53185365625 0.4287435234375 0.5460834484375 0.4253909171875 0.5589782078125001 0.420694340625 0.57175863125 0.404300746875 0.5523311843750001 0.409735796875 0.5331024953125 0.4141517859375 0.516230778125 0.410577759375 0.49896154218750005 0.40904185000000004 0.49739960937500005 0.41295563125 0.49041311875 0.4242096046875
0 0.31984728906250004 0.3488146890625 0.327488109375 0.3546779375 0.33731528437499997 0.3493315375 0.345580525 0.34789891875 0.348164396875 0.3346511515625 0.3439605375 0.3316383 0.3355246796875 0.32985128750000003 0.32458937187500003 0.32859596562500004 0.31953419375 0.33813673125 0.31984728906250004 0.3488146890625
0 0.319145528125 0.483433759375 0.3284608484375 0.46842846250000003 0.3621462296875 0.455402115625 0.329510928125 0.454855784375 0.32028003125 0.4571450078125 0.307158371875 0.467099334375 0.28983285312499996 0.47404080937500004 0.29267353749999997 0.47994838125 0.3024162875 0.4873180578125 0.319145528125 0.483433759375
1 0 0.56875 0.1893775453125 0.56875 0.19406232968749998 0.5556248953125 0.1976399984375 0.5372818328125 0.20559214374999998 0.5251712562499999 0.21723629375 0.5064146359375 0.23021547656250002 0.4890019828125 0.22723231562500001 0.47563608593750006 0.219790253125 0.46875377656249995 0.21172377187500002 0.46916733749999995 0.1954201921875 0.46677482656249997 0.205388071875 0.44023496875 0.24478119375000001 0.40613329531250003 0.2011543015625 0.41280902656249996 0.19078713281249998 0.41273521874999997 0.20245942343749998 0.38973990625 0.20373640312500002 0.3709094765625 0.20248579375000003 0.3568494328125 0.1968888484375 0.332318209375 0.187798659375 0.313413975 0.1815210125 0.30465600625 0.1739083328125 0.2945540625 0.1662675109375 0.288690815625 0.20151482656250003 0.27175068750000003 0.18217180156249999 0.2644696625 0.1581429765625 0.2689299765625 0.155585475 0.2492872671875 0.14385513125 0.25210818437500004 0.13746314843750002 0.23165319687500002 0.128061634375 0.23072278750000003 0.11039487968749999 0.2312249953125 0.1033221953125 0.22654326249999998 0.10377599687500001 0.21602775937500002 0.10641615156249999 0.1943026109375 0.096645259375 0.191171628125 0.0946277546875 0.1769491265625 0.0947684609375 0.15575566875 0.080396190625 0.1516499515625 0.0732109421875 0.1639229828125 0.0674170078125 0.1690626015625 0.056935503124999995 0.15729177968750002 0.0506297140625 0.1527725 0.0457152421875 0.1411198078125 0.0350068359375 0.1346067359375 0.044918434374999996 0.11654426250000001 0.0204340375 0.1028682953125 0.010010584375000001 0.11127187187500001 0 0.107919003125 0 0.56875
1 0.71005563125 0 0.7052041890625 0.0052032875 0.6838172890624999 0.0165902328125 0.6722012796875 0.031108162499999998 0.6477467953125 0.0418452859375 0.6292005796875 0.0591398078125 0.61875 0.06405505 0.61875 0.56875 1 0.56875 1 0.009089512499999999 0.9823278656250001 0 0.71005563125 0
0 0.3191155921875 0.793036403125 0.3308740765625 0.7859767984375 0.332094775 0.7756237546875 0.3296234671875 0.771916753125 0.327322778125 0.7714293859375 0.3192562984375 0.771842946875 0.3138317421875 0.7791831390625 0.313377940625 0.789698640625 0.3191155921875 0.793036403125
0 0.1411675234375 0.7595853609375001 0.1353155359375 0.7445505812500001 0.1293791265625 0.7422318765625 0.12531774375 0.7466773484375 0.1191262921875 0.753855084375 0.1153498640625 0.77321720625 0.1233600625 0.7812810296875 0.1326191 0.774753115625 0.1411675234375 0.7595853609375001
0 0.01994340625 0.7710465171875001 0.027413609375 0.7736901359375 0.0368432640625 0.7703818546875001 0.04036465 0.760516175 0.0390859 0.750694821875 0.040874734375 0.741523290625 0.041015440624999996 0.7203298328125001 0.0393110296875 0.7167852906250001 0.030222610937499998 0.7265328359375001 0.0286325359375 0.7346853078125 0.025083007812500002 0.748789678125 0.016562726562499998 0.7597187390625 0.0182389953125 0.7675019734374999 0.01994340625 0.7710465171875001
0 0.1943454875 0.8759054953125001 0.1960217578125 0.88368873125 0.20442947500000003 0.8897144359375 0.2119559609375 0.88388066875 0.21601734218750002 0.8794351953125 0.216272384375 0.8699387546875 0.21246604375000003 0.864887784375 0.205563978125 0.8634256828125 0.20056508125 0.8644890671875001 0.1943454875 0.8759054953125001
0 0.219825453125 0.91313795 0.22113234531249998 0.9187206109374999 0.2253080625 0.9259721546874999 0.23323206562499998 0.9181002703125 0.236157175 0.91129176875 0.236582834375 0.9050149609375 0.2358440796875 0.9006138124999999 0.231072084375 0.896419446875 0.22257994218750002 0.9031098156249999 0.219825453125 0.91313795
0 0.27427685625 0.953324090625 0.2701873328125 0.9620082546875001 0.2685691171875 0.974399415625 0.27740249375000003 0.9741483125 0.2843045609375 0.9756104156250001 0.2970287015625 0.9676942046875 0.2976531203125 0.960398334375 0.2946136765625 0.955509821875 0.283138375 0.9488342937500001 0.27427685625 0.953324090625
1 0.61875 0.56875 0.61875 1 0.894871909375 1 0.9044927218750001 0.9795700625 0.9005439046875001 0.9670607671875 0.8879041875 0.9622609015625001 0.9081829546875 0.9442722343749999 0.9017346890625 0.9322946328124999 0.8904018640625001 0.933077428125 0.8905144296875 0.9161226625 0.9098838234375 0.8905132140625 0.8988904640625 0.8690834921875 0.9093420578125 0.8564412265625 0.9197954218750001 0.8724507406249999 0.9260150156249999 0.8610343109375 0.9268381937499999 0.8527193828125 0.916726065625 0.843149134375 0.9423731078124999 0.826297659375 0.935157946875 0.8141575984375 0.9196212625 0.8119275437500001 0.9154455453124999 0.804676 0.9277141140625 0.7786235093749999 0.924162815625 0.764076096875 0.914506259375 0.772642128125 0.9057010234374999 0.7686545421875 0.9019791078124999 0.750887496875 0.8929751125 0.74791896875 0.891297071875 0.7114839500000001 0.8834574921874999 0.7066397609375 0.8781437296875 0.66837340625 0.8604769749999999 0.6688756140625001 0.8523805828125 0.644876084375 0.8589695531249999 0.635660228125 0.859280878125 0.6176864046875 0.84581798125 0.621201465625 0.8476349578125 0.60779124375 0.8621479328125 0.5907035031250001 0.862601734375 0.580188003125 0.84825760625 0.5718435937499999 0.8376635359375 0.5770275375 0.8267000875000001 0.58001090625 0.82184366875 0.5885326140625 0.8183205109375 0.569746509375 0.8186485765625001 0.56875 0.61875 0.56875