0 0.23053879843749997 0.4892445953125 0.2198523703125 0.47222353593750005 0.205436509375 0.47192266250000003 0.2011861484375 0.4706462109375 0.20796632656249997 0.484192203125 0.216067175 0.4964083421875 0.22129409843749998 0.498553559375 0.23053879843749997 0.4892445953125
0 0.054473265625 0.5171298296875 0.043576020312500005 0.49908630781249996 0.030979996875 0.5037440484375 0.032189140625 0.5173434421875001 0.038891790625 0.5266458921875 0.048158256249999996 0.52904509375 0.0535184703125 0.5279692296875 0.054473265625 0.5171298296875
0 0 0.3783746578125 0.0110420375 0.37997275625000004 0.014638178125000002 0.366473653125 0.002153678125 0.35620214687499996 0 0.356240825 0 0.3783746578125
0 0.36875 0.026924526562500002 0.36302885156250003 0.021834895312499998 0.3593334171875 0.0193822890625 0.34455168281250004 0.0095718671875 0.33898065312500003 0.0096252703125 0.34068896249999997 0.0295131328125 0.349478028125 0.0373320328125 0.3611192546875 0.0435136921875 0.36875 0.054513259375 0.36875 0.026924526562500002
0 0.110044734375 0.0672882515625 0.1040738328125 0.0770048984375 0.10924499218749999 0.08661473593749999 0.11795653125000001 0.090190096875 0.1249039953125 0.0813422171875 0.122374178125 0.0690726734375 0.11706972812500001 0.062683915625 0.110044734375 0.0672882515625
0 0.710264503125 0.3148821359375 0.7079455046875001 0.3036350546875 0.7021418921875 0.2909578328125 0.6961492234375 0.28896631093749997 0.683264853125 0.288358046875 0.675973278125 0.29940454375000003 0.67913555 0.314741471875 0.688901178125 0.323429140625 0.6990666796875 0.322453565625 0.710264503125 0.3148821359375
0 0.7706808125 0.2984966859375 0.7636340546875 0.29139285625 0.7525477546875 0.2840350390625 0.7439355093750001 0.29641138749999996 0.74807434375 0.312617084375 0.754699465625 0.317675990625 0.768061234375 0.31286455625 0.77139079375 0.3058076140625 0.7706808125 0.2984966859375
0 0.7496248953125 0.3974879359375 0.7398035046875 0.39626489062500003 0.7313803125 0.3979555359375 0.72770664375 0.40721109687499996 0.729259896875 0.41861187343750006 0.7369948734375 0.421318465625 0.7484035171875 0.414769496875 0.7503348781250001 0.404798865625 0.7496248953125 0.3974879359375
0 1 0.3641072296875 0.9860292062500001 0.348973709375 0.9817788468749999 0.34769725937499996 0.9688387140625 0.35455361875 0.9737432937499999 0.37060561875000003 0.9817666140625001 0.378578215625 0.99111060625 0.3852209609375 1 0.3907422703125 1 0.3641072296875
0 0.6407081921875 0.20958810625000002 0.632263234375 0.1995705859375 0.6212544624999999 0.1964563109375 0.6188239375 0.2001384765625 0.62520424375 0.2233477125 0.632595109375 0.22825292187500001 0.6385102500000001 0.2260009 0.6407081921875 0.20958810625000002
1 0.36875 0 0.36875 0.5296875 0.5691779359375 0.5296875 0.5666309625 0.5193992921875 0.5458565609375 0.5075973515625 0.5624146 0.498950053125 0.5560342953124999 0.475740821875 0.565623103125 0.46423323906249997 0.57396876875 0.45829905000000004 0.5788080531249999 0.439226553125 0.582149846875 0.40128865625000004 0.5937475421875 0.38405398281249997 0.6042911500000001 0.3617070015625 0.61382419375 0.35766404218750003 0.6283733453125 0.3547438375 0.629728015625 0.3342411953125 0.6019748515625001 0.27698984375 0.5926648578125 0.2511743109375 0.6017762671875 0.2450864265625 0.5973490859374999 0.2236147265625 0.6134854890625 0.212922509375 0.6038313875 0.18930559375 0.5998258421875 0.1698788171875 0.5864423078125001 0.16298208593750002 0.5902492687500001 0.1505054453125 0.6013138031249999 0.14615509531249998 0.6032234 0.12447629687499999 0.5878867390625 0.11584203125 0.5778327640625001 0.101888359375 0.5844361203125 0.0952390984375 0.5917834578125 0.0767279796875 0.6073866984375 0.0789200828125 0.6168204515625 0.058925415625 0.59142981875 0.0363374765625 0.5997754828125 0.030403289062499998 0.5949484328125 0.01859483125 0.57947848125 0.0131816453125 0.5508018171875 0.02106698125 0.545974765625 0.009258523437500001 0.5361533734374999 0.008035478125 0.5321607593750001 0 0.36875 0
0 0.1700951875 0.8768440640625 0.1631817203125 0.866519153125 0.1526721109375 0.8696933453125 0.1430615375 0.8694927625 0.1347158734375 0.8754269484374999 0.1428942484375 0.8918866328125 0.156122728125 0.890296278125 0.165866590625 0.88727578125 0.1700951875 0.8768440640625
0 0.3028818421875 0.7937589171875 0.298442428125 0.8031681734375 0.29442465156250003 0.8146223515625 0.3065092796875 0.8345570999999999 0.3147991796875 0.8360875343749999 0.3288491671875 0.8268788624999999 0.33091381875 0.81368715 0.321203953125 0.797534859375 0.3028818421875 0.7937589171875
0 0.0580910375 0.7513209234375 0.053518334375 0.7639512609375 0.06161918125 0.7761674000000001 0.0994290203125 0.773902346875 0.1015712 0.7649541765625 0.0749591875 0.7596477984375 0.0580910375 0.7513209234375
0 0.0420756921875 0.7896730187500001 0.051264629687499993 0.7878286765625 0.06301738125 0.779081090625 0.050455354687499995 0.7645660390625 0.0405224390625 0.7782722421875 0.0420756921875 0.7896730187500001
0 0.0112473171875 0.763917403125 0.019825564062500002 0.7707138406249999 0.0303351734375 0.76753965 0.0304467 0.752610403125 0.012757042187500001 0.751901846875 0.0112473171875 0.763917403125
0 0.663205971875 0.8728198468749999 0.65436114375 0.8724655671875 0.6502658390625 0.8796762046875 0.6525073109375 0.88667974375 0.6555145265625001 0.8935295859375 0.6651251 0.89373016875 0.67117353125 0.888257065625 0.6725499640624999 0.879462590625 0.6724724375 0.8752190484375 0.663205971875 0.8728198468749999
0 0.5785184140625 0.906854165625 0.5805708328125 0.9245434093749999 0.5807816515625 0.92556586875 0.590048115625 0.9279650734375 0.5977055640625 0.926428121875 0.6086368078125 0.9252988546875001 0.5999592671875 0.9025507046874999 0.5925684015625 0.89764549375 0.585177534375 0.8927402828125001 0.5757560140625 0.8818539937500001 0.5700299281250001 0.8734203140625001 0.568631728125 0.8705066218749999 0.5609742828125001 0.8720435734375 0.5548483234375 0.8732731328125001 0.5538159984375 0.8798689890624999 0.557877303125 0.8918311421875 0.5664555531250001 0.898627584375 0.57189329375 0.9017952593749999 0.575377909375 0.9032254046875 0.5785184140625 0.906854165625
0 0.36875 0.9253023390624999 0.373122 0.9278491843750001 0.3852188609375 0.916902978125 0.3846421703125 0.9063709687499999 0.38316644375000003 0.8992137359375001 0.376330503125 0.8931323671874999 0.36875 0.8946538734375 0.36875 0.9253023390624999
0 0.8005829671875 0.5992832546875 0.796943296875 0.5893660265625 0.7893416125 0.583438353125 0.7751365703124999 0.584159940625 0.7745258796875001 0.5928007203125001 0.7799853859375 0.6076765625 0.790783340625 0.6097683765624999 0.7969092984375 0.608538815625 0.8005272046874999 0.606747878125 0.8005829671875 0.5992832546875
0 0.9273791750000001 0.5296875 0.9283195187499999 0.53424814375 0.93988321875 0.5361862609375 0.9498379015625 0.5341882265625 0.9643870515625 0.5312680203125 0.9836857250000002 0.535912728125 0.9866228718750001 0.5296875 0.9273791750000001 0.5296875
1 0.36875 0.5296875 0.36875 0.85406404375 0.376311878125 0.8543990125 0.387328365625 0.8577074328125001 0.3959578328125 0.8497961999999999 0.40551264375 0.85746140625 0.41567814218750004 0.85648583125 0.416632940625 0.8456464328125 0.4304381109375 0.8545880890625 0.43997115625000005 0.8505451296875 0.4527222359375 0.854374475 0.458125978125 0.8767149406250001 0.47415085625 0.88095196875 0.4787235609375 0.8683216328124999 0.47978988281249996 0.8425529875000001 0.4785807390625 0.8289535921875 0.48394095156250005 0.8278777265624999 0.48499504218750006 0.8329900359375 0.49734625 0.8464826234375 0.5095981671875001 0.844023503125 0.5097096921875 0.8290942578125 0.5133275984375001 0.82730331875 0.52415955 0.8102223437500001 0.53648899375 0.8120067656250001 0.544301496875 0.8189569000000001 0.5497950015625 0.8146599546875001 0.5425931875 0.7990690375 0.54821998125 0.7915510125 0.5541568859375 0.8010071562500001 0.556897521875 0.8142991625 0.5646542609375 0.8287139187499999 0.5789708296875 0.813063084375 0.5843092765625 0.8002790531249999 0.570193996875 0.774363228125 0.5766083 0.7783996734375 0.585719709375 0.7723117890625 0.57698640625 0.7570282640625 0.5860542875 0.7275240484375 0.5935009156250001 0.7249646375000001 0.5995153484375 0.7386643234375001 0.6094700312500001 0.7366662890625 0.6108246984375001 0.716163646875 0.6048660296875 0.6949993375 0.6076528953125 0.6582375953125 0.614522834375 0.645146175 0.6205495 0.6279649078125 0.6279526000000001 0.6019891625 0.6236029484375 0.5847610046875 0.6333468124999999 0.581740509375 0.6349898265625 0.5665038703125 0.6444235796875001 0.5465092031250001 0.6577295859375 0.5491623921875 0.6628572171875 0.5353559 0.6625468375000001 0.5296875 0.36875 0.5296875
0 0.7177993593750001 0.5558757234375 0.7122869984375 0.535823759375 0.699717040625 0.538346715625 0.69846086875 0.5422785609375 0.6984984781250001 0.562509453125 0.7039920343749999 0.5724459734375 0.71197913125 0.5644033546875 0.7177993593750001 0.5558757234375
0 0.376368290625 0.88474535 0.3870874796875 0.8899533 0.39447998125 0.8857097421875 0.3942308609375 0.881160096875 0.392955884375 0.8749765 0.383857146875 0.86760344375 0.37423079531250003 0.8676957218750001 0.376368290625 0.88474535
0 0.36875 0.8931522875000001 0.3710275 0.8922568203125 0.3813636078125 0.8855825812500001 0.36875 0.877034509375 0.36875 0.8931522875000001
0 0.6262080484375 0.739846534375 0.62802944375 0.7486802484374999 0.6335230000000001 0.75861676875 0.646275096875 0.7569771828125 0.6519801656249999 0.75123245625 0.6494971953124999 0.742531528125 0.6262080484375 0.739846534375