0 0.0544945921875 0.2598641640625 0.054694596875 0.271322496875 0.0601997125 0.27315111875000003 0.0656684625 0.2728964078125 0.0717548203125 0.263230309375 0.0707553828125 0.25076669687500003 0.062870153125 0.246963903125 0.058182653125 0.24718222812500001 0.0544945921875 0.2598641640625
0 0.09021272031250001 0.1560342390625 0.0975530703125 0.1734150875 0.10449340781250001 0.1678792671875 0.10832692968749999 0.16353066562500002 0.11047067343750001 0.15196316875 0.1080178296875 0.14582233125 0.0976979375 0.136920365625 0.092265553125 0.1392584109375 0.09021272031250001 0.1560342390625
0 0.0310377265625 0.1702580078125 0.0349985234375 0.173201071875 0.0466627265625 0.1695302625 0.054275220312500004 0.1577080546875 0.054711004687499995 0.1378800015625 0.044409296875 0.130019703125 0.029711004687499997 0.13904439531249999 0.028221234374999998 0.1432838359375 0.028512153125000002 0.159950503125 0.0310377265625 0.1702580078125
0 0.11861341249999999 0.3944895671875 0.1351833046875 0.4031004328125 0.146774778125 0.39526295624999996 0.1457207921875 0.37967434375 0.140015671875 0.3663873875 0.11970317187499999 0.3673334578125 0.11290829218750001 0.3812026109375 0.11861341249999999 0.3944895671875
0 0.8964627203125 0.3601395421875 0.8719348703125 0.34355921562499997 0.850877484375 0.34662500625 0.8422473703125 0.34494193281249996 0.8289843031250002 0.346602184375 0.8276036265624999 0.35709162499999997 0.834780334375 0.3650974734375 0.8442462468749999 0.369869159375 0.846008753125 0.3812547171875 0.86090705 0.3836883578125 0.8716081796874999 0.36963727031250004 0.8856706796874999 0.3689822984375 0.9029309078125 0.37234844375 0.8964627203125 0.3601395421875
0 0.7699917234375 0.416070671875 0.8472269703125 0.451046384375 0.7807292171875 0.4041029171875 0.7706093328125 0.40665928593749995 0.7699917234375 0.416070671875
0 0.765317675 0.0587062328125 0.7686426796875 0.070019015625 0.7702415453125 0.07202957343750001 0.78136086875 0.08193681875 0.79307961875 0.081391009375 0.799275071875 0.0779749109375 0.8022364296875001 0.0684543625 0.79892960625 0.05818324375 0.79794835 0.0467612984375 0.78232335 0.04748904375 0.7729119859375 0.045842359375 0.76826085 0.048144015624999995 0.765317675 0.0587062328125
1 0.2796875 0 0.2796875 0.5296875 0.6563987953125 0.5296875 0.6608906421875 0.5264460046874999 0.6703346890625 0.5296875 0.6744069609375 0.5296875 0.676279271875 0.512176590625 0.662016765625 0.5013732296875 0.68120255 0.48067187968749997 0.685163346875 0.48361494374999997 0.6991894828125 0.4808766390625 0.7063661921875 0.4888824859375 0.7148144828125 0.4801488921875 0.715104809375 0.45198750624999995 0.7236440125 0.44846224531249995 0.7257513906249999 0.43481141562500003 0.7361252375 0.4020103265625 0.731964434375 0.3876089296875 0.7389956843750001 0.38728144531250003 0.7421934140625 0.3913025625 0.76032580625 0.3998406546875 0.7711360296875001 0.39203956562500003 0.77711329375 0.3761234671875 0.7673564640625 0.3546851140625 0.7725706609375 0.3398470703125 0.7919928171875 0.3326873875 0.7962803046875 0.30955239687499997 0.77967405 0.29885819687500004 0.7740416578125 0.28973790781250003 0.7597609703125 0.2778928796875 0.7672098218750001 0.25669567187500003 0.7637211749999999 0.2360078890625 0.7673546906250001 0.220200953125 0.782016615625 0.20909292656249998 0.777001834375 0.19056125 0.784614328125 0.17873904375 0.7812529578125 0.1653429265625 0.768171121875 0.13259179062499998 0.76088531875 0.11833594375 0.7590864484375001 0.10486705156250001 0.747712571875 0.0803764734375 0.7499835921875 0.07610064375 0.738609715625 0.051610065625 0.7383551625 0.037026732812500004 0.7319051562500001 0.0258594984375 0.730012240625 0 0.2796875 0
1 0 1 0.2796875 1 0.2796875 0.5296875 0 0.5296875 0 1
0 0.9582414671875 0.849056934375 0.9459455484374999 0.843374171875 0.9356554875 0.84510460625 0.9425885171874999 0.8660502453125 0.952944040625 0.8680701187500001 0.96129378125 0.862676840625 0.9582414671875 0.849056934375
0 0.8677011640625001 0.821996653125 0.866022684375 0.8333347578125 0.8714075375 0.854218215625 0.8842269218750001 0.8550065015625 0.8933831718749999 0.8420691375 0.8819374046874999 0.8313423984374999 0.8677011640625001 0.821996653125
0 0.8499988625 0.829076603125 0.8445486953125 0.8393392593750001 0.8504570859375 0.8553282390625 0.864627865625 0.8609236765624999 0.873675015625 0.8417359421875 0.8632103203125 0.8334657468750001 0.8499988625 0.829076603125
0 0.8506501296875001 0.6513915031249999 0.8618684375000001 0.6436022703125 0.8690935515625 0.6330172000000001 0.862356903125 0.623322296875 0.8565140453125 0.611083528125 0.8416240359374999 0.61803249375 0.83532371875 0.633338984375 0.84125385625 0.65057806875 0.8506501296875001 0.6513915031249999
0 0.8746227687499999 0.5296875 0.8721879093750001 0.541543528125 0.8780744796875 0.55628240625 0.8804768859374998 0.5676919265625 0.8930299484375 0.5530837 0.9020334578125 0.5313957593749999 0.9012772765625 0.5296875 0.8746227687499999 0.5296875
0 0.8573197203125 0.5497425484375 0.8685699703124999 0.5573026375 0.881649640625 0.546107128125 0.8683290843750001 0.535467803125 0.8573197203125 0.5497425484375
0 0.85143375625 0.5296875 0.8588426625000001 0.5374313734375 0.87305995 0.5377496015625 0.8744187984374999 0.5296875 0.85143375625 0.5296875
0 0.7962832843750001 0.9767050218750001 0.797526196875 0.99416241875 0.8069983390625 0.9932347203125002 0.8131136156250001 0.9734189953125 0.8045020328125 0.9638113234375 0.79613054375 0.967954540625 0.7962832843750001 0.9767050218750001
0 0.7943162734375 1 0.791901540625 0.994424390625 0.7861022515625 0.984685784375 0.772934434375 0.98279689375 0.7684872281249999 0.9967660031250001 0.7696647390625 1 0.7943162734375 1
1 0.2796875 0.5296875 0.2796875 1 0.742947271875 1 0.75983200625 0.9846582218750001 0.777294359375 0.9638274703124999 0.79484391875 0.947996990625 0.8064415921875 0.913677365625 0.808708453125 0.882294521875 0.81773378125 0.8618566375000001 0.8053505859375001 0.8511736546875 0.8164689781250001 0.8431491874999999 0.8370491765625001 0.8396885546874999 0.8423247125 0.8194254140625 0.8583048921875001 0.821183315625 0.8655208203125 0.8045830140625 0.8484940375000001 0.7966184546875 0.835173478125 0.7859789390625 0.849692546875 0.757778796875 0.8360227968749999 0.7271382140625 0.8189741921875001 0.7179235015625001 0.8205872843750001 0.7028353218750001 0.8328176687500001 0.7047678265625 0.8382023765625 0.6907550515625 0.8305718656250001 0.6836039265625 0.82547005625 0.660070809375 0.8210656562499998 0.62274323125 0.814329009375 0.613048328125 0.8026432203125001 0.58857079375 0.8100773499999999 0.58447123125 0.810643840625 0.563176346875 0.8074824249999999 0.5433060671875001 0.8023216999999999 0.5296875 0.2796875 0.5296875