0 0.0360142140625 0.2577101953125 0.02682429375 0.25408450781249997 0.0087163015625 0.2570355125 0.0053572390625 0.259695184375 0.005924846875 0.26602933125 0.008751546875 0.27033248125 0.0249905984375 0.27806756250000003 0.032453790625 0.276761425 0.0413127078125 0.270958378125 0.0360142140625 0.2577101953125
0 0.10225153125 0.07928353125 0.1027008375 0.0871649734375 0.105645840625 0.08992082968750001 0.114717459375 0.0950938125 0.123339771875 0.092385353125 0.125953775 0.085712475 0.12416789218749999 0.081554296875 0.11925955156250001 0.0769612015625 0.11417375781250001 0.0746890484375 0.11209211875 0.0743991046875 0.10468808125 0.07493159375 0.10225153125 0.07928353125
0 0.158901834375 0 0.1587766765625 0.000367378125 0.16136677187499998 0.007765115625000001 0.1645836265625 0.0207233546875 0.17285103125 0.022656778125 0.18459580312499999 0.020383234375 0.1850098625 0.01496770625 0.18577883125 0.004910296875 0.1869118546875 0 0.158901834375 0
0 0.2165062953125 0.0295192484375 0.2179372703125 0.038319307812499995 0.21767675625 0.055484512500000006 0.2110177796875 0.060030209375 0.21018965937499998 0.070861265625 0.21810215781250003 0.0774365703125 0.22301049687500002 0.082029665625 0.2315736578125 0.080094853125 0.23228347500000002 0.0708110890625 0.231148259375 0.058142795312499995 0.2267722828125 0.046586878124999995 0.2165062953125 0.0295192484375
0 0.24535225624999998 0.1062524875 0.2473394984375 0.09401910937499999 0.23972276093749997 0.0835755703125 0.226310409375 0.080143640625 0.2137966703125 0.09247459375 0.2133234578125 0.09866376875 0.21406852031249998 0.10267697499999999 0.2149910375 0.104369240625 0.221981015625 0.1092522796875 0.23557081875 0.11036326875 0.24535225624999998 0.1062524875
1 0 0.56875 0.4890625 0.56875 0.4890625 0.24252483281249998 0.479132684375 0.24046008749999997 0.4537037125 0.22909931874999998 0.45845850468749993 0.2219427375 0.475856678125 0.2282754953125 0.47998471093750006 0.21555841406249998 0.4753721296875 0.20709708437500002 0.4651413875 0.2033264234375 0.4474474578125 0.20086189999999998 0.4409067828125 0.203860303125 0.43546608124999997 0.20623003125 0.413608871875 0.20318562031249998 0.4011190375 0.20144595625 0.39990076406249997 0.20362192499999998 0.37590276562499997 0.201061215625 0.36115383749999996 0.2013525484375 0.3611890828125 0.21464951875 0.3484034921875 0.2167780890625 0.340278296875 0.19922675625 0.3233294265625 0.2007754390625 0.31661130000000004 0.20609478281250002 0.30168491875000003 0.20870705625000002 0.2895499953125 0.2023255109375 0.2831867734375 0.20300297343749998 0.26043095625 0.1841956796875 0.24452290781250002 0.185889334375 0.230459890625 0.1909675203125 0.21776869687499997 0.2056194140625 0.22006303593749998 0.2168853875 0.20448598750000002 0.228007778125 0.19303697343749998 0.22641308593749998 0.1938764328125 0.242949615625 0.1767148640625 0.23352226874999998 0.17088400625 0.22723690937500002 0.151439440625 0.2339111765625 0.15188874531250002 0.2417926171875 0.13719896874999998 0.241310303125 0.1356849390625 0.24735450781249999 0.112786909375 0.24416512343750002 0.11502209687500001 0.25620474375 0.09840423125 0.26718216093749997 0.0966535921875 0.276320953125 0.076487871875 0.264911396875 0.0697697421875 0.270230740625 0.06599661875 0.278305940625 0.05154344843749999 0.2747290390625 0.0371255234375 0.2844491078125 0.024162478125 0.28889861875 0.01714859375 0.29808619687500004 0 0.3023950078125 0 0.56875
0 0.4890625 0.17547907812500002 0.49414598125 0.1767371484375 0.5027091453125 0.17480233750000002 0.504637234375 0.1633426046875 0.5000246515625 0.1548812765625 0.490598125 0.15435017499999998 0.4890625 0.1550541421875 0.4890625 0.17547907812500002
0 0.7572164828125001 0.0241628953125 0.75263914375 0.028998535937499997 0.755288390625 0.035622628125 0.7571334234375 0.039007159375 0.7682866828125 0.0444700859375 0.7741414453125 0.0366848296875 0.7716696515624999 0.027739796875 0.76577964375 0.0222280828125 0.7572164828125001 0.0241628953125
0 0.8579428765625 0 0.8578336296875 0.00142885625 0.8566153562500001 0.003604825 0.86747285625 0.0129359859375 0.8790993234375 0.0122097375 0.8857583 0.007664040625 0.8861723609375 0.0022485109375 0.8852474687499999 0 0.8579428765625 0
0 0.8649884953125 0.045429156250000005 0.8590506734375 0.0680586765625 0.8607774046875001 0.072990503125 0.878175578125 0.0793232609375 0.888761228125 0.0784520390625 0.8933385640625 0.0736163984375 0.8931850171875 0.06186672343750001 0.8837823968749999 0.047265006250000005 0.8768515687499999 0.0416083203125 0.8649884953125 0.045429156250000005
0 0.9694241218750002 0.12409026249999999 0.9587440765625 0.1124381609375 0.950866825 0.11915982656249999 0.9510795250000001 0.13013585625 0.9631552984375 0.1372910484375 0.9691283640624999 0.127958496875 0.9694241218750002 0.12409026249999999
1 1 0.56875 1 0.1384468375 0.99785725 0.1374332421875 0.9834393234375 0.14715330937499999 0.9840660859374999 0.1527138109375 0.971103040625 0.15716332187499998 0.9512683171875 0.1551825015625 0.9459811625000001 0.1693019046875 0.9266196531249999 0.161131909375 0.9125805421875001 0.152139478125 0.8875417234375 0.1494337984375 0.8654718171875 0.1354133578125 0.851763709375 0.1358496625 0.8416865171874999 0.143828678125 0.8275643484374999 0.1496805109375 0.8134774265625 0.16882931406249999 0.803163628125 0.1799029171875 0.7786924187500001 0.183531384375 0.7747418390625 0.193927525 0.7409624046875 0.1954775984375 0.72277135625 0.21327286562499997 0.680665365625 0.2136631625 0.66002643125 0.20844278125 0.6359101296875 0.2074293671875 0.6365721343749999 0.2262868375 0.646921178125 0.2285102046875 0.6379439546875 0.23586054375 0.617340265625 0.243937134375 0.602413884375 0.24654940781249998 0.5738033015624999 0.23552737031249998 0.5601895906250001 0.2484869984375 0.5617149625 0.26981038125 0.572986521875 0.2737260140625 0.5685627296875 0.2903113296875 0.5731753125 0.298772659375 0.5755879546875 0.3084913375 0.5654516109375 0.31724399999999997 0.551719596875 0.331750921875 0.550477415625 0.3479975078125 0.5454860187499999 0.35824867656250003 0.5375496171874999 0.3657439890625 0.5437114765625 0.381458084375 0.5539774609375 0.398525715625 0.547531184375 0.414047440625 0.552297315625 0.4342584453125 0.5498960109375 0.451907353125 0.5526988078125 0.4702811203125 0.554791784375 0.49793865000000004 0.5715745359375 0.5260784953125001 0.587848834375 0.5471105453125 0.5925558140625 0.568095196875 0.5929463421875 0.56875 1 0.56875
0 0.5231896140625001 0.44349619999999995 0.5135264828125 0.4460596875 0.5117166937500001 0.455972125 0.516625034375 0.46056521874999995 0.5268557734375 0.4643358796875 0.5342598140625 0.463803390625 0.5368146640625 0.45790415937500006 0.536365359375 0.45002271718750003 0.5231896140625001 0.44349619999999995
0 0.036472390625000004 0.6281285484375 0.0326992671875 0.6362037484374999 0.0395709421875 0.64263408125 0.046324315625 0.6506117078125 0.060659182812500004 0.655735903125 0.059642268750000005 0.6415203140625 0.0551479890625 0.631511690625 0.036472390625000004 0.6281285484375
0 0.040289640625 0.7983294843750001 0.0244998953125 0.7984758453125 0.017545160937500002 0.8068897765624999 0.0191535875 0.8133688953125 0.0250435953125 0.818880609375 0.0455050765625 0.8264219296875 0.050851384374999996 0.8115288796875 0.0495387140625 0.801181525 0.040289640625 0.7983294843750001
0 0.174117384375 0.8365170140625 0.175311753125 0.8484116625 0.17796099999999998 0.855035753125 0.185010128125 0.8591451453125 0.1964591453125 0.8607398374999999 0.2013322390625 0.8520359625000001 0.1929704390625 0.837579215625 0.174117384375 0.8365170140625
0 0.10984586249999999 0.8791693374999999 0.10642764687499999 0.8826026562500001 0.10940789375 0.8986554812499999 0.12148366875000001 0.905810675 0.1299876796875 0.904649509375 0.1350382265625 0.89362469375 0.13158476875 0.8837610421875001 0.10984586249999999 0.8791693374999999
0 0.1389057484375 0.8980728156250001 0.13525092656249998 0.9046007218749998 0.13234116875 0.9151418359375001 0.13915369375 0.9223458140625 0.1550617421875 0.9206521593750001 0.1618390203125 0.91455916875 0.1531814625 0.9039706578125 0.1389057484375 0.8980728156250001
0 0.46655486718750006 0.7263455921874999 0.475295484375 0.7220898390625 0.47594615156250003 0.7135797234375 0.473533509375 0.70386104375 0.4661886203125 0.7036198875 0.4565254890625 0.7061833734375 0.45141578750000005 0.7179818359375 0.45504670156250004 0.725524546875 0.46655486718750006 0.7263455921874999
0 0.299843840625 0.8430825953125 0.29208489375 0.8482569671875 0.29420177812500004 0.8618438796875001 0.30615924843750003 0.8705463671875 0.31460410625 0.8701588484375 0.32503620781250003 0.8575379515625 0.31950110781249996 0.8473843562500001 0.299843840625 0.8430825953125
0 0.622213465625 0.56875 0.6221332 0.5697997906250001 0.6269232390624999 0.5759401796875 0.6351906406250001 0.5778736015625 0.6447354703125 0.576857409375 0.6493719609374999 0.571248121875 0.6480101421875 0.56875 0.622213465625 0.56875
0 0.5717220859375 0.56875 0.5715232 0.5713512515625 0.5803582109375001 0.579618821875 0.5905889531249999 0.5833894828124999 0.596207109375 0.5786988140625 0.5967394718750001 0.5717359921875 0.5956940171875 0.56875 0.5717220859375 0.56875
0 0.6979104312500001 0.6655800921875 0.6758996734375 0.6507860046875 0.6486848203125 0.6352670578125 0.6590691093750001 0.65078739375 0.66859003125 0.6638418171875 0.680547503125 0.672544303125 0.6870642703125001 0.6836165171874999 0.7004766203124999 0.687048446875 0.7073130515624999 0.680181809375 0.6979104312500001 0.6655800921875
0 0.6904598078124999 0.6254480265625 0.6752968218750001 0.6311548874999999 0.6829135609375 0.6415984265625 0.695048484375 0.647979971875 0.7069707125 0.6433854890624999 0.7085086484375 0.62327066875 0.6904598078124999 0.6254480265625
0 0.62673075625 0.7573109015625 0.6003553625 0.758328484375 0.6195985687500001 0.768045775 0.63202925 0.7705590843750001 0.647523240625 0.774280959375 0.6571863718750001 0.771717471875 0.6558737031249999 0.7613701171875 0.6449570515625 0.752812603125 0.62673075625 0.7573109015625
0 0.8092508500000001 0.56875 0.8006104468749999 0.5743302078125 0.7957965031249999 0.5822604359375 0.800054178125 0.595363646875 0.8143890453125 0.6004878421875001 0.8217578390625 0.5866583828125 0.8236267765624999 0.5759722968750001 0.8119464546875002 0.56875 0.8092508500000001 0.56875
0 0.8328213375000001 0.56875 0.8334673640625001 0.5710878687500001 0.8418291640625 0.585544615625 0.850333175 0.58438345 0.8582695765625001 0.5768881375 0.8618060953125 0.5719075250000001 0.8593710531250001 0.56875 0.8328213375000001 0.56875
1 1 1 1 0.56875 0.8873098984375 0.56875 0.8829773937500001 0.5701650828125 0.860977975 0.58273858125 0.839333465625 0.5906702 0.8461812359374999 0.6111711484375 0.8271859734374999 0.6257268578125 0.8241579124999999 0.6378152640625 0.809408984375 0.6381065968749999 0.8043470968750001 0.6217638265625001 0.7867123171875 0.61852565625 0.7742816343750001 0.6160123453125 0.7579595250000001 0.6231215296875 0.7486865484375 0.6343401046875 0.755262465625 0.6446386703125 0.77081560625 0.6475868968749999 0.76166093125 0.657258178125 0.7515837390625 0.66523719375 0.7505190125000001 0.6791628390625 0.73740241875 0.6718626750000001 0.7201225484375 0.663982621875 0.7394601515625 0.6862232359375 0.7185015531250001 0.6989417062500001 0.6985485296875 0.6985081796875 0.6950472578125 0.7167857625 0.6876193109375001 0.7313888687500001 0.6954135031249999 0.7395114671874999 0.6879855578124999 0.7541145734375 0.674584546875 0.7780502296874999 0.678901371875 0.79037979375 0.6778957968749999 0.8035317921875 0.68783078125 0.8111706875 0.683880203125 0.821566828125 0.6737086125 0.8170225203125 0.6717213703125 0.8292559 0.67800153125 0.8434227015625 0.6815141453125 0.8525127046875 0.6624244859375 0.8545450906250001 0.6635597015625 0.8672133859375 0.6692131031249999 0.8758196874999999 0.67486650625 0.8844259890625 0.659821821875 0.88858555625 0.6415363765625 0.8938575015625 0.6700286562500001 0.9064268328124999 0.6940266546875 0.9089875421875 0.6953632328125 0.9052642796875 0.7034884265625 0.9228156125 0.71027704375 0.9440902078125 0.7065983171875001 0.9646887312500001 0.7179051218750001 0.981901334375 0.72811195625 0.9997426109374998 0.728291253125 1 1 1