0 0.196218353125 0.4363249609375 0.1918423640625 0.42309729375 0.179766271875 0.419363384375 0.171915075 0.4298899328125 0.1684217046875 0.44837592031250006 0.1732328203125 0.45323698281249997 0.1876116765625 0.45201547187499996 0.196218353125 0.4363249609375
0 0.0407030125 0.23211559375 0.0263241546875 0.233337103125 0.0201531765625 0.2377711703125 0.018037832812499998 0.2522302609375 0.0309057296875 0.2613366703125 0.04122895 0.250090140625 0.0407030125 0.23211559375
0 0.0852407796875 0.051709609375 0.10858299375 0.048536696875 0.11660345000000001 0.042245584375 0.129435021875 0.040815534375000004 0.136645509375 0.0238836921875 0.1304200421875 0.012513065625 0.1194379484375 0.0120860734375 0.10941691875 0.021267021875 0.1040559078125 0.036341821875 0.0852407796875 0.051709609375
1 0.359375 0.51875 0.359375 0 0.18718405625 0 0.1792924671875 0.012781078125000001 0.17004508125 0.0220662953125 0.167778640625 0.037558176562500004 0.15715322812500002 0.050870290625 0.146564140625 0.07471887031249999 0.15479018125 0.083199659375 0.1486373640625 0.092901959375 0.15054133125 0.10684960624999999 0.16090087656250002 0.1061395375 0.1588218609375 0.1311350890625 0.15532848906250002 0.1496210765625 0.156628071875 0.16769989375 0.1327417546875 0.1476300296875 0.138852453125 0.1705699078125 0.1313216109375 0.184299103125 0.10180841562500001 0.1919060828125 0.10776801875 0.2158787546875 0.12386341875 0.219101225 0.12886195625000002 0.23346595625000002 0.11250068906249999 0.24284553125000002 0.12074489375 0.256594553125 0.1590885109375 0.2533371921875 0.1554077203125 0.2623195109375 0.1543682109375 0.2748172859375 0.1511349125 0.32387986875 0.1639606921875 0.36562845781250003 0.1871096921875 0.396130515625 0.2144109359375 0.4198201109375 0.230089375 0.43667741875 0.239977471875 0.4337974953125 0.236635196875 0.45125069218749997 0.2220812890625 0.491415403125 0.24008065625000002 0.508585521875 0.24912245781250003 0.484528403125 0.260140878125 0.49549185781249994 0.260479396875 0.5039627359375001 0.2810655578125 0.508843621875 0.27961626875 0.51875 0.287264190625 0.51875 0.291292171875 0.5144345734375 0.28864000624999997 0.51875 0.359375 0.51875
0 0.1411262546875 0.3815076859375 0.1487297484375 0.3888514125 0.161240965625 0.384218715625 0.160884284375 0.37047960625 0.14927964375 0.3689155515625 0.1411262546875 0.3815076859375
0 0.17286376875 0.3910510015625 0.1649580828125 0.3857728609375 0.0786791484375 0.43628055625 0.1290806953125 0.431488878125 0.14579864375 0.43584840937499997 0.167557246875 0.42193049531250004 0.18078761875 0.401597375 0.17286376875 0.3910510015625
0 0.442689146875 0.3207769640625 0.45274650312500003 0.322132478125 0.462465340625 0.315017115625 0.4682978015625 0.3021121703125 0.46563835625000005 0.2933284828125 0.451561690625 0.29248440625 0.441842853125 0.29959976875 0.435859296875 0.31353750625 0.4389720296875 0.31922281875 0.442689146875 0.3207769640625
0 0.48449059375000003 0.42330130468749994 0.4920940890625 0.43064503125 0.49964309374999993 0.42218406562500005 0.5019276968749999 0.41196041718750004 0.49758803125 0.409269209375 0.4900208640625 0.41246194375 0.48322733749999996 0.41575895 0.48449059375000003 0.42330130468749994
0 0.5069254484375 0.291520996875 0.4964511328125 0.303800321875 0.5039398562499999 0.3227133015625 0.51073338125 0.31941629531250004 0.5137131828125 0.33140263124999997 0.5222050890625 0.3272813734375 0.5306788328125001 0.31789188749999997 0.5290770578125 0.30187865468749997 0.5268890625 0.29526481875 0.5069254484375 0.291520996875
0 0.5854919109375001 0.2020601890625 0.5805660265625 0.2087683796875 0.5787528749999999 0.22116188750000002 0.572261540625 0.222393309375 0.5846579875 0.22932986406250003 0.5920740609375 0.22716992187499999 0.59901868125 0.222840125 0.6026813093750001 0.20858957500000003 0.5983234828125 0.2006301390625 0.5854919109375001 0.2020601890625
1 1 0.51875 1 0 0.6615560609375001 0 0.6596576437499999 0.0024779703125 0.6507124484375 0.0096976015625 0.6374639156249999 0.0247624921875 0.62846423125 0.01617743125 0.613009540625 0.01936025625 0.607158915625 0.0269969703125 0.5956632531249999 0.05704229843750001 0.5881687359375001 0.081307959375 0.5937716578125001 0.0915415203125 0.60847086875 0.093522659375 0.62158646875 0.0847587921875 0.62998176875 0.097475021875 0.6105077671875 0.10116928437499999 0.606579271875 0.1280218796875 0.6180691421875 0.1411551875 0.6241253515625 0.148290375 0.6261622499999999 0.1559370015625 0.6138021312499999 0.15953690625 0.604742165625 0.1783257921875 0.6003058937500001 0.19247207187499998 0.6173260328125 0.1947660203125 0.6204206046875 0.19518310156250002 0.6134157015625 0.226886846875 0.6059030218749999 0.24588427343750002 0.5958398734375 0.2877073984375 0.59245548125 0.33780277187499996 0.5920748453125 0.3619740703125 0.615888509375 0.3609710171875 0.6236431 0.36728195 0.6293789546874999 0.3712144890625 0.6347160093750001 0.394050096875 0.6433953390625 0.3994325125 0.64086303125 0.427526440625 0.6514100015625 0.4363200390625 0.6550305125 0.45471166875 0.6620659484375 0.4767230265625 0.6731991390625 0.47611722656250005 0.670382803125 0.5115449703125 0.6674303125 0.51875 1 0.51875
0 0.20729177499999998 0.9106050421875 0.2031395328125 0.917417503125 0.20194892812499998 0.9309480703125 0.2092320671875 0.935089153125 0.2126288296875 0.93344065 0.2186487125 0.930039371875 0.2235745984375 0.9233311796875 0.2224624375 0.9147560328125 0.21765132187499997 0.9098949718749999 0.20729177499999998 0.9106050421875
0 0.30610588125 0.8175542390625001 0.2918781203125 0.81774295625 0.2878769734375 0.823522628125 0.285610534375 0.839014509375 0.28687379062499996 0.8465568640625 0.3020626171875 0.8559760875 0.31025233124999996 0.853920415625 0.3156315046875 0.8441138453124999 0.318859009375 0.8382299046874999 0.3203699671875 0.827901984375 0.3198803546875 0.8204638984375 0.3115213796875 0.8182841312499999 0.30610588125 0.8175542390625001
0 0.24301728125 0.731117665625 0.2393364890625 0.7400999828125 0.24218335624999998 0.7583873421874999 0.244824640625 0.7619027984375 0.251164878125 0.7617041703125 0.2554863796875 0.7591271468749999 0.26331941406250003 0.7433323640625 0.26205615625 0.735790009375 0.256302140625 0.7265892390625 0.24301728125 0.731117665625
0 0.06489782656250001 0.6544531671875 0.0727853484375 0.6544630796875 0.075559565625 0.6516775140625001 0.0807876421875 0.6429037359375 0.07812819531250001 0.6341200484375 0.071467603125 0.6311160296875 0.06729719843750001 0.6326602640625 0.0626735046875 0.6373028703125 0.0603707390625 0.6422582890624999 0.0600685484375 0.644323875 0.06055816093750001 0.651761959375 0.06489782656250001 0.6544531671875
0 0 0.589948578125 0.006674828125 0.588682346875 0.008657239062499999 0.58052428125 0.00645108125 0.568642215625 0.0010355828125 0.567912321875 0 0.5677727484374999 0 0.589948578125
0 0.0157769125 0.5372512828125 0.024589174999999998 0.536332671875 0.0417604109375 0.5375938296875 0.0462693328125 0.544520475 0.0571003328125 0.5459802609375 0.0637245984375 0.538447815625 0.0683482921875 0.53380520625 0.06646248906249999 0.5251257890625001 0.0571787765625 0.5238745437500001 0.044498301562499995 0.5242718015625 0.032911821875000004 0.5279759765625001 0.0157769125 0.5372512828125
0 0.06957409375 0.51875 0.0664806515625 0.5303940203125 0.078744165625 0.5436315984375 0.0849333078125 0.5444657625 0.088952615625 0.5439543234374999 0.09065099843749999 0.5431300718750001 0.0955768828125 0.536421878125 0.0967674890625 0.5228913109375 0.095092115625 0.51875 0.06957409375 0.51875
0 0.564233328125 0.8472433171875 0.5725741390625 0.8441548546875 0.58165226875 0.8306341984374999 0.5788054 0.8123468390624999 0.5700113015625 0.8185336796874999 0.5603287890624999 0.8361855046875 0.564233328125 0.8472433171875
0 0.359375 0.823023853125 0.37112483906250004 0.8191101375000001 0.37544634062500004 0.8165331140625 0.3819013484375 0.8047652296875001 0.37384456718750003 0.8005198796874999 0.359375 0.8042281984375 0.359375 0.823023853125
0 0.530126190625 0.7784038578125 0.5414649640625 0.792569959375 0.55103270625 0.7864873890625 0.55518495 0.7796749265624999 0.5591679328125 0.7686270234375 0.5507907953125 0.7611790265625 0.5409027 0.7640589515625 0.5347317203124999 0.76849301875 0.530126190625 0.7784038578125
0 0.6099369609374999 0.556413025 0.6041045 0.5693179703125 0.6098766796875 0.5837869718750001 0.6185378453125 0.5839011546874999 0.625180275 0.5816369406249999 0.632106734375 0.5720389109374999 0.63361769375 0.5617109921875001 0.628335128125 0.554680075 0.6176552265625 0.552187496875 0.6099369609374999 0.556413025
0 0.6932871453125 0.9573147765625001 0.6763033296875001 0.9655572890624999 0.6749434671875 0.97485241875 0.682867315625 0.9853987921874999 0.69309393125 0.9909897453125 0.7018880296875001 0.9848029046875 0.7049281109375001 0.96941529375 0.7031934046874999 0.9597030828124999 0.6932871453125 0.9573147765625001
0 0.6636889296875 0.8954019593750001 0.6545744765625 0.8983861546874999 0.6447045421875 0.906534309375 0.6495338203125 0.9166636015625 0.6535712921875 0.9214203921875 0.6644022921875 0.9228801781249999 0.668554534375 0.9160677140625 0.6678956609375 0.9043941906249999 0.6636889296875 0.8954019593750001
1 1 1 1 0.51875 0.6942980125 0.51875 0.69013573125 0.53668055 0.6828889171875 0.5430759328125 0.6706798921875 0.54564304375 0.665016690625 0.5627834296875001 0.6684497796875 0.5716713890625 0.6544094406250001 0.5813637765624999 0.6510853296875 0.604085203125 0.6526689390625 0.6148302046875 0.6465342875 0.6298007359375 0.6539866859375 0.6381772531250001 0.6634214937499999 0.6383957078125 0.66502326875 0.654408940625 0.6587556828125 0.67568049375 0.6358849187500001 0.681023259375 0.6300887828125 0.704464665625 0.6329174875 0.7174837937499999 0.60972636875 0.7196239140625 0.5918359796875 0.7340631796875 0.561869496875 0.7447685359375 0.5827760140625 0.7528520671875001 0.5846799796875001 0.7667997156249999 0.6038154640625001 0.7546345734375001 0.6268554859375 0.7535272484375 0.62859019375 0.7632394578125 0.6042266328125001 0.7841783765624999 0.5958073781250001 0.8093725562499999 0.6245287640624999 0.7963930749999999 0.6437187359375001 0.8000326281250001 0.6567014046875 0.7975697859374999 0.662304325 0.8078033484375 0.6558674796874999 0.8248394609374999 0.6582792234375 0.851493428125 0.66640865625 0.8768117015625 0.669557715625 0.8930334765625 0.6761035390625001 0.9076067484375001 0.67259200625 0.92082450625 0.661628075 0.92566574375 0.6481921187499999 0.9312269593749999 0.6366238046875 0.9401993671875001 0.6157899390624999 0.9531887593749999 0.6104289296875001 0.968263559375 0.6323749546874999 0.963849315625 0.649963153125 0.9514756343750002 0.6666629390625 0.9505669359375 0.669775671875 0.956252246875 0.6872309359375001 0.9501795890625001 0.697892675 0.9474039359375 0.7138369812500001 0.9516591984375001 0.725477946875 0.963759715625 0.73198744375 0.967796525 0.7420448000000001 0.9691520406249999 0.7348343125 0.9860838843749999 0.73364370625 0.9996144515625 0.7338052953125 1 1 1