0 0 0.0782111625 0.0059957265624999995 0.0790299640625 0.0058006671875 0.07283155625 0.008125428125 0.059923814062500004 0.0083703765625 0.0561366453125 0.00524043125 0.0492435421875 0 0.05434 0 0.0782111625
0 0.1513746140625 0.07037584062499999 0.15357465625 0.0824320421875 0.165779153125 0.0826292734375 0.1716988140625 0.074033084375 0.1679088546875 0.0635231203125 0.1665638859375 0.061282189062500006 0.151449446875 0.055397474999999995 0.1513746140625 0.07037584062499999
0 0.0719989875 0.1688644625 0.06996906093750001 0.167999459375 0.062509371875 0.1681563078125 0.055244743750000005 0.17451156406249999 0.05722478125 0.18536214374999999 0.0589848140625 0.19500710625 0.06326467031250001 0.19794273281250002 0.0716542640625 0.1926227875 0.076448959375 0.1829912890625 0.07356396093749999 0.172311015625 0.0719989875 0.1688644625
0 0.0928584796875 0.20110251093749998 0.0925885875 0.20988246875 0.0952785265625 0.21436433125 0.0983835296875 0.22625022343749998 0.10924305781250002 0.2242065234375 0.1171926421875 0.2164753375 0.1143325875 0.2008022765625 0.112547609375 0.196150103125 0.1044279078125 0.1926900921875 0.0953783015625 0.194393175 0.0928584796875 0.20110251093749998
0 0.16329575000000002 0.21777518593749998 0.155811115625 0.222924821875 0.1496215625 0.240300965625 0.1534115234375 0.25081092968749996 0.1624361859375 0.25410063437499997 0.1733206578125 0.24706414375 0.1772103921875 0.237602953125 0.17366538125 0.22330582031250001 0.171195446875 0.22002957968749998 0.16329575000000002 0.21777518593749998
0 0.254442846875 0.29664263750000003 0.249478034375 0.295082940625 0.24292330468749998 0.295069478125 0.2390335703125 0.304530671875 0.2387387359375 0.3183034171875 0.2470784421875 0.32296904843749996 0.250013328125 0.323663746875 0.25818291875 0.3171381796875 0.259112821875 0.31197508125 0.261412640625 0.3040601265625 0.254442846875 0.29664263750000003
0 0.4209306640625 0.270298675 0.41711576250000004 0.2647815 0.40650118125 0.2630380328125 0.396741675 0.27110983593750004 0.399821734375 0.287988515625 0.4099713609375 0.29231353125 0.4183609546875 0.2869935859375 0.425600640625 0.28563111874999997 0.4353601484375 0.27755931875 0.44714957968749997 0.2703525203125 0.44179464843750005 0.256396003125 0.44020472968749996 0.2579422390625 0.4209306640625 0.270298675
0 0.38895322656250003 0.3823136546875 0.3934031984375 0.396440478125 0.40648771093749997 0.40146018906250003 0.41984211718750003 0.3976999421875 0.41336222031250003 0.38270811562499996 0.40211257187499994 0.372354996875 0.38895322656250003 0.3823136546875
0 0.4617900875 0.37110021875 0.4656548765625 0.366631815625 0.44552573906250004 0.36917298125000003 0.42759664218750004 0.38377035 0.4169321734375 0.3920124578125 0.405337803125 0.40541766562500003 0.40751290156250003 0.42246665468750005 0.42221227499999997 0.4209473390625 0.435151615625 0.40978306406250004 0.45036583124999996 0.395696621875 0.4617900875 0.37110021875
0 0.397583278125 0.419347259375 0.3874336484375 0.4150222421875 0.3745441953125 0.416200940625 0.3674995703125 0.423761815625 0.36294982343750004 0.42960615 0.336045953125 0.4309282328125 0.33893095156249997 0.44160850468749996 0.36967466875 0.44081080625 0.3814391578125 0.43859679687500003 0.39684843281250004 0.4307087640625 0.397583278125 0.419347259375
1 0 0.559375 0.3388145296875 0.559375 0.33415221875 0.5385286515625001 0.3328820828125 0.521309353125 0.329092121875 0.5107993890625 0.3295570734375 0.50821784375 0.33885162812499997 0.5027275906249999 0.34208135 0.48964953749999995 0.350055878125 0.47692556406250003 0.35015565625 0.4569544078125 0.3438708171875 0.4481609921875 0.33257128125 0.4477934515625 0.3244765234375 0.43934065 0.3105369375 0.42450567031249997 0.30053248125 0.4363646421875 0.300237646875 0.45013738906249995 0.301532728125 0.462363896875 0.2895981234375 0.453386709375 0.320371275 0.40145550312499995 0.33590526875000004 0.368603528125 0.298507046875 0.38935891875 0.2943474203125 0.40760006718749997 0.2888927125 0.41361470625 0.28309777187499996 0.3972469515625 0.2796026484375 0.372964240625 0.2692829046875 0.357448028125 0.2578631390625 0.335903715625 0.2421136296875 0.321409353125 0.22611917343750002 0.31070215625 0.2116896921875 0.303441515625 0.1995101375 0.29825149375 0.18997063593750002 0.30752891718750003 0.179870896875 0.293218321875 0.191660328125 0.28601152500000004 0.19645502343750001 0.2763800265625 0.1915400984375 0.26483475 0.1835905140625 0.2725659359375 0.18131563906249998 0.2754881 0.177745684375 0.26618375781250003 0.1649310625 0.2523840890625 0.1508667578125 0.262513053125 0.1465120703125 0.27455579218750004 0.13565254375 0.2765994921875 0.13073761875 0.2650542171875 0.126287646875 0.25092739375 0.12342759218749999 0.23525433437499998 0.1100731859375 0.2390145796875 0.09334388593750001 0.23966889062500002 0.08977393125000001 0.2303645484375 0.0739495921875 0.2308485515625 0.056145214062500004 0.2204819734375 0.049835432812500004 0.21668134375 0.0517451296875 0.1963695734375 0.045680296875 0.1887817765625 0.025331154687500003 0.1901173203125 0.022321435937500002 0.204400990625 0.0175766296875 0.2040469125 0.0165264953125 0.188033234375 0.00906680625 0.1881900828125 0 0.195688971875 0 0.559375
0 0.9429059078125 0.038865014062499995 0.9342575203125 0.039432621875000004 0.926127740625 0.051562300000000005 0.9278107734375001 0.060785293750000004 0.930284225 0.0656196546875 0.938350396875 0.0662215875 0.9491194281249999 0.0641949171875 0.9508660671874999 0.060686298437499994 0.9497864500000001 0.046049896875 0.9429059078125 0.038865014062499995
0 0.8769229 0.0173635984375 0.8746576546875 0.0093101453125 0.8694813453125001 0.007104385937500001 0.8625795984375 0.0041633749999999995 0.8571738796874999 0.00942058125 0.855988253125 0.0160035296875 0.8567362656249999 0.0201026375 0.8601447359375 0.030060882812500002 0.8626393890624999 0.030651374999999998 0.866485471875 0.029927564062500002 0.876111278125 0.025996101562500002 0.8769229 0.0173635984375
0 1 0.09795954375 0.9956638156250002 0.0925344796875 0.9879716500000001 0.09398210312500001 0.9787410515625 0.0957192484375 0.9775342203124999 0.10654606874999999 0.984414765625 0.1137309484375 0.9907343000000001 0.1178415 0.999964896875 0.116104353125 1 0.11590945 1 0.09795954375
1 0.5890625 0 0.5890625 0.007500982812499999 0.5897409437500001 0.008871371875 0.5954570609375 0.0183953296875 0.60506166875 0.0187077390625 0.6092393546875 0.0285212234375 0.59844911875 0.0347917640625 0.5898219359375 0.0311155 0.5890625 0.0325218140625 0.5890625 0.559375 1 0.559375 1 0.1474171125 0.9908152921875001 0.1400856296875 0.9914823140625 0.1219406078125 0.9803816796875001 0.113429984375 0.9725449140624999 0.1053650875 0.965685571875 0.0939363359375 0.9793868703124999 0.0818180984375 0.9988678953125 0.06649221093749999 1 0.062263334375 1 0.04689830625 0.9918427515625 0.0497948109375 0.9719665187500001 0.067315015625 0.9654175765625 0.0706674296875 0.9477255953124999 0.073996959375 0.9354181296874999 0.0763131546875 0.9200338 0.07920839843750001 0.9012622015625 0.06790152499999999 0.8912199812499999 0.0782711734375 0.878912515625 0.08058736718750001 0.8820741921874999 0.06303283750000001 0.8794985453124999 0.04019821875 0.8695411343749999 0.033592384375 0.8651340421875 0.031241864062500003 0.8512881421875 0.0338475828125 0.84320076875 0.037489521875 0.836570834375 0.01859780625 0.8223721312500001 0.0149101015625 0.809690659375 0.0151767421875 0.7933925125 0.008704229687499999 0.7820836718749999 0.0034126984375000002 0.7762224343749999 0 0.74794905 0 0.7459728984375 0.0017287812499999998 0.7425371953125 0 0.7167017734375 0 0.7059736375 0.0092564125 0.6952258062500001 0.0070392125 0.67757623125 0.0018810015625 0.659863046875 0.009454401562500001 0.6575553968750001 0.0098886875 0.6383673890625 0.005020001562499999 0.6195533859375 0.00220086875 0.61789416875 0 0.5890625 0
0 0.45309842343750006 0.559375 0.45624347812500005 0.5688475640624999 0.462002 0.569883784375 0.4698723328125 0.559375 0.45309842343750006 0.559375
0 0.3901493265625 0.559375 0.389988659375 0.5632968546875 0.392980715625 0.5796932859374999 0.3952671625 0.58350286875 0.41137830624999994 0.58895060625 0.4198820921875 0.57887048125 0.4155598078125 0.5595444781250001 0.41539163593749995 0.559375 0.3901493265625 0.559375
0 0.38066561718749997 0.6604487015625 0.3735556640625 0.660726784375 0.3658634984375 0.6621744062499999 0.3690637625 0.675351746875 0.3787917640625 0.6894205437500001 0.386296925 0.68694814375 0.387316753125 0.675096546875 0.38066561718749997 0.6604487015625
0 0.4304047515625 0.9722590109375 0.43320980468750003 0.9876306671874999 0.460922803125 0.9781753578124999 0.4483049375 0.9657103890624998 0.4342720375 0.9672913296874999 0.4304047515625 0.9722590109375
1 0 0.559375 0 1 0.3450150796875 1 0.3463095359375 0.9997449203125001 0.3546475203125 0.9843961499999999 0.3464367484375 0.9742816984375 0.36887124375 0.9446203750000001 0.3672094125 0.9311535093749999 0.35922805 0.9135760968750001 0.37020528750000004 0.908330334375 0.376652034375 0.8869776609375 0.41453065 0.8809090921875 0.41617509531249997 0.8594002140624999 0.40314081718750006 0.85337343125 0.4002547703125 0.8157576453125 0.38744990156250003 0.8022678984375 0.3688017015625 0.8047174125 0.3696133234375 0.796084909375 0.3874113140625 0.7715360296875 0.377725715625 0.7489794890625 0.36365040937500004 0.7590481734375001 0.35676986718750003 0.7518632921874999 0.36720729375 0.7392993265625 0.3696633609375 0.709157946875 0.3591449390625 0.699477784375 0.351078765625 0.6988758515625 0.3349502375 0.658452375 0.32131254375 0.6578390015625 0.32370500468749996 0.640429234375 0.3322299921875 0.6261052390625 0.3271384921875 0.6069239984375 0.3335640359375 0.589815196875 0.3288677453125 0.5684396406250001 0.31602047187500004 0.5634376328124999 0.3119309453125 0.559375 0 0.559375
0 0.7319572609375 0.6086675375 0.748837621875 0.6139705125 0.755615971875 0.603155134375 0.7526239140625 0.5867587015625 0.746117378125 0.581623375 0.7311282546875 0.5823243015624999 0.7218764546875 0.5883053171875 0.7319572609375 0.6086675375
0 0.738949753125 0.747267640625 0.7406115828125 0.7607345046875 0.7452056796875001 0.764109803125 0.7554137015625 0.7590088015625 0.7621920515625 0.7481934234375001 0.7468713265625 0.73835705625 0.738949753125 0.747267640625
0 0.6964808578125 0.7107413015625 0.690620140625 0.691704825 0.681971753125 0.6922724312499999 0.676774240625 0.6943105453125 0.6747981953125001 0.705282125 0.6770422359375 0.7175794484375 0.684109784375 0.7257891078125 0.692966378125 0.7220024078125 0.6964808578125 0.7107413015625
0 0.6654403828125 0.73248249375 0.6600346640625 0.7377396984375 0.6584538265625 0.7465169640625 0.6597628515625 0.753690403125 0.6697414640625 0.7560523671875 0.6803446937500001 0.748757046875 0.679265078125 0.7341206453125 0.6654403828125 0.73248249375
0 0.9545754859375 0.9653208046875001 0.9566325250000001 0.9765933515625 0.9627226499999999 0.988166865625 0.9673379484375 0.9872982921875 0.9742821015625001 0.9817515625000001 0.9728072749999999 0.9693094765625 0.9649705109375001 0.9612445796875001 0.9595859953125 0.962257915625 0.9545754859375 0.9653208046875001
0 1 0.8237138984375001 0.9927161609375 0.8298865687500001 0.9897626921875 0.8442220046875001 0.9991166875000002 0.8562412484374999 1 0.8560750140625 1 0.8237138984375001