0 0.2656546140625 0.0418195765625 0.263657425 0.0342821484375 0.2554485171875 0.0314573171875 0.24628215625 0.04011705625 0.243000009375 0.0513973265625 0.247466846875 0.0633586015625 0.257855496875 0.062168190624999994 0.2654720609375 0.053372249999999996 0.2656546140625 0.0418195765625
0 0.39542774375 0.03008706875 0.40334674687499994 0.0244728109375 0.406931334375 0.0163742234375 0.40771876718750005 0.0111849203125 0.40681144687500004 0.0016398703125000001 0.404644240625 0.00039770625 0.3950304875 0.0016562203125000002 0.386953996875 0.0083083375 0.3824370265625 0.0173766828125 0.3903184296875 0.027534639062499998 0.39542774375 0.03008706875
0 0.1677166203125 0.15941660156249998 0.1838319984375 0.1618845796875 0.1928408734375 0.1542627015625 0.1910387703125 0.1299151953125 0.1840646859375 0.12930228593749998 0.176158215625 0.129659140625 0.1669918546875 0.1383188796875 0.1654044578125 0.1539548953125 0.1677166203125 0.15941660156249998
0 0.0112765234375 0.2382178125 0.00859925625 0.2558614484375 0.001927609375 0.2584302234375 0.017847901562499997 0.277708278125 0.028671410937500003 0.2891764984375 0.0403199546875 0.27968320156250004 0.031046240625 0.26835118125 0.020997628125 0.2569510609375 0.0112765234375 0.2382178125
0 0.12388200468749999 0.21025273125 0.1347305796875 0.2112061421875 0.141572246875 0.2023421 0.1380377953125 0.1894110625 0.12549446875 0.18410190625 0.121305003125 0.185837125 0.1198876265625 0.195177871875 0.12388200468749999 0.21025273125
1 0.5 0.51875 0.5 0.0539001296875 0.488717984375 0.0414408484375 0.48077391406250003 0.057569915625 0.4613889234375 0.0611248015625 0.43969176875000004 0.059217978125 0.42637354375000003 0.0538407203125 0.41240030625 0.0631297171875 0.403731471875 0.058161064062500004 0.389455796875 0.0642683765625 0.371633134375 0.0627020578125 0.361546921875 0.06707415312500001 0.3451291046875 0.061424490624999994 0.3361202296875 0.06904637031250001 0.335017825 0.0763113953125 0.3201247375 0.081312746875 0.30114245156249997 0.045990075000000005 0.27334637968750003 0.001479203125 0.29600806875 0.0539524578125 0.30412924375 0.093579125 0.2991774140625 0.0899888375 0.28400695468750004 0.08129369374999999 0.28210458437499997 0.09900542968750001 0.2693912375 0.0999915390625 0.2634819578125 0.107885821875 0.247524065625 0.10437998125 0.24754913125 0.093865171875 0.2337459140625 0.0968589015625 0.2265767421875 0.113056071875 0.23087355937499998 0.1313126140625 0.22866875000000003 0.14584266562499998 0.22195950312499999 0.16418365625 0.20785384687500003 0.163995703125 0.19604781875 0.1745268640625 0.16455435937500001 0.185431225 0.14715402187499999 0.20178094375 0.1339180828125 0.22691025781250002 0.11198824062499999 0.25758572812499997 0.10446649687500001 0.291630834375 0.10151185625 0.295577975 0.09373780468750001 0.3054117765625 0.1053362125 0.3169481 0.1071633828125 0.33078079374999997 0.104536246875 0.327394809375 0.099439465625 0.31958497656249996 0.0816168046875 0.3180186578125 0.0723305578125 0.3119440421875 0.0619043046875 0.3289066703125 0.062509184375 0.3352700375 0.07069302656250001 0.3486096796875 0.063101528125 0.346890809375 0.0513456359375 0.3363923484375 0.042651732812499996 0.34193850625 0.036257459375 0.3582037765625 0.0331202640625 0.3737035875 0.052480190625 0.3806635140625 0.047503293749999995 0.3875880359375 0.05538469687499999 0.39774599374999997 0.046665728125 0.413806959375 0.0540997390625 0.416563690625 0.0737997046875 0.41093308281249996 0.0702151171875 0.4190316671875 0.0626110875 0.4225702046875 0.0662779578125 0.444978190625 0.05770394375 0.46525870156250004 0.046395440625 0.46216146875 0.0389363625 0.4699195484375 0.044178096875 0.4819489265625 0.0390562484375 0.48465390468749997 0.0328194609375 0.49988131406249997 0.036341379687499994 0.518069753125 0.0374062171875 0.51875 0.5 0.51875
0 0.16398707968749998 0.16329564218749998 0.1558032390625 0.1499560015625 0.134446125 0.135458646875 0.11226397968749999 0.1419228125 0.081438065625 0.1329035140625 0.094876175 0.1530151265625 0.110664046875 0.1628162328125 0.1527608640625 0.1907049796875 0.16967620781249998 0.182726246875 0.17218345468750001 0.171377878125 0.16398707968749998 0.16329564218749998
0 0.9612743874999999 0 0.9621665015625 0.0134009140625 0.977651934375 0.0200203375 0.9824964109375 0.003618865625 0.979947565625 0 0.9612743874999999 0
0 0.5 0.25410500625 0.505862 0.2520001234375 0.51363605 0.24216632031250002 0.5124388265625 0.22418218125 0.507814503125 0.213258765625 0.5 0.21755995156250002 0.5 0.25410500625
0 0.7413880468749999 0.3557833875 0.7378661281250001 0.3375949453125 0.7194009875 0.3454374765625 0.6885750749999999 0.336418178125 0.6884175875 0.3374560390625 0.6783188421874999 0.347085540625 0.714386490625 0.3681342140625 0.7359261578125 0.3710788984375 0.7413880468749999 0.3557833875
0 0.7483495984375 0.3616537 0.7439775796875 0.37494158906249997 0.749691775 0.3838573828125 0.7600929609375 0.377409565625 0.7641625390625 0.36093999375 0.7502143671875 0.35971417968749997 0.7483495984375 0.3616537
0 0.0209572359375 0.51875 0.022400915625 0.521986515625 0.0338418375 0.5345606984375 0.04252320625 0.5342719453125 0.04053855 0.5214771109375 0.0388518546875 0.51875 0.0209572359375 0.51875
0 0.171375296875 0.51875 0.17136395 0.523509196875 0.17661822031250002 0.53028116875 0.1918012140625 0.5337189062500001 0.19943031093750002 0.519665559375 0.199398859375 0.51875 0.171375296875 0.51875
0 0.23063550156249998 0.6296815171875 0.24269383437499997 0.6433616625 0.25570961875 0.6455572359375 0.259439159375 0.6416781968749999 0.2616565015625 0.6218907390625 0.248218390625 0.601779128125 0.2503981328125 0.597763884375 0.234572659375 0.603734996875 0.2286383125 0.6221440890625 0.23063550156249998 0.6296815171875
0 0.1928801875 0.6663280984375 0.184708878125 0.6477310515625 0.17555505 0.6511333875 0.168095971875 0.6588914671875 0.169003290625 0.6684365171875 0.1771871328125 0.681776159375 0.18292639375 0.6801771421875 0.1928801875 0.6663280984375
0 0.5 0.690098659375 0.49820266718750006 0.68790240625 0.49075612343749997 0.6904030828125001 0.4843994484375 0.6908961375 0.4775452515625 0.705017584375 0.4821695734375 0.7159409984375 0.4917707921875 0.71993989375 0.5 0.7160157109374999 0.5 0.690098659375
1 0.5 1 0.5 0.7906344765625001 0.47785477343749994 0.7702502703125 0.4701308578125 0.7590544515625 0.4723482 0.7392669921875 0.4480239109375 0.7339741859375 0.4370876 0.7698226109374999 0.4291936640625 0.7649220578125 0.424556809375 0.75925605 0.41215843437500005 0.7581664375 0.39756778593750003 0.7663494703125 0.394008265625 0.76393324375 0.379600171875 0.7605636078125 0.366886825 0.761549715625 0.366741871875 0.7573301734375001 0.36832926875 0.7416941578125 0.35547097031249997 0.738460721875 0.33377381562499997 0.7365539 0.3252374 0.741062196875 0.30828445625 0.7648131453125 0.3016002765625 0.7726393265625 0.28872944375 0.7746632953125 0.2792857109375 0.7696265421875 0.26002060625 0.7879157828125 0.2681221609375 0.7707488546875 0.254526565625 0.7516751 0.23713876250000002 0.7627674156250001 0.23339668906250002 0.7719038609375 0.22822470468749997 0.7956384609375 0.219033278125 0.814813009375 0.20630739843749998 0.821056525 0.2111393421875 0.809912459375 0.203887884375 0.79560305625 0.18496281718750002 0.801301765625 0.1793058421875 0.8334073515625 0.17306905625 0.8486347593750001 0.182657740625 0.8578910593749999 0.176420953125 0.8731184687500001 0.16663718125 0.8806722468749999 0.161332778125 0.8949298953125 0.157275734375 0.9061420640625 0.1473470078125 0.9094762953125001 0.1448272265625 0.926082071875 0.13627827812499999 0.9358477734375 0.1188904734375 0.9469400890624999 0.10098007812500001 0.9821756046874999 0.09219135625 0.9624725984375001 0.07305867031249999 0.9902387874999998 0.072283771875 0.9901706875 0.055906915625 1 0.5 1
0 0.998241128125 0.5944820156249999 0.9908321843749999 0.5812104765624999 0.9787487828125 0.5780451421875 0.97530915 0.5903632703125 0.9766889265625001 0.5967947390624999 0.9878399437500001 0.6009298328125 0.993736690625 0.59829295625 0.998241128125 0.5944820156249999
0 0.5 0.826849275 0.5075261265625 0.8321605109375 0.5182297499999999 0.8288943765625 0.52802605625 0.8160831937499999 0.526671346875 0.799136915625 0.5170701281250001 0.7951380234375 0.50435678125 0.79612413125 0.500287203125 0.812593703125 0.5 0.8156544406249999 0.5 0.826849275
0 0.7210651140625 0.9255978640624999 0.7046472953125 0.9199482031249999 0.7089566453125 0.932947340625 0.7303012265625 0.9527021000000001 0.7515384546874999 0.9524651000000001 0.7597473640625 0.9552899296875002 0.7730781234374999 0.95540978125 0.7762027828125 0.9451673750000001 0.7704885875 0.93625158125 0.7619772390625 0.9302450656249999 0.76215979375 0.9186923968749999 0.7479091828125 0.9142848984375 0.735013284375 0.9268236765625 0.7210651140625 0.9255978640624999
0 0.8302434953125001 0.9046935062499999 0.8406321468750001 0.9035030953125001 0.8428244218750001 0.8942304484375001 0.7727113796875 0.849155715625 0.8302434953125001 0.9046935062499999