0 0 0.07886665625 0.004327321875 0.08158443125 0.0105243890625 0.08451776875 0.020786209375 0.0838680890625 0.0196201140625 0.0723020484375 0.013532525 0.066273653125 0.008902971875 0.0635578046875 0.0026694109375 0.0616561546875 0 0.0673749625 0 0.07886665625
0 0 0.27174230625 0.0101892984375 0.2721229671875 0.0136527578125 0.2632727703125 0.013416387499999998 0.24768872968750003 0.0058342703125 0.2393794703125 0 0.2407460359375 0 0.27174230625
0 0.0763931015625 0.18178071875 0.0800199421875 0.19057793750000002 0.088604771875 0.1928058234375 0.09879360625 0.1942195171875 0.10065305937499999 0.18618351718749998 0.09482091718749999 0.1729333171875 0.088587359375 0.171031665625 0.081606534375 0.1679895828125 0.0775782734375 0.1705409140625 0.0763931015625 0.18178071875
0 0.19782311875 0.13331379999999998 0.2037282453125 0.144500628125 0.2045120015625 0.14460937499999998 0.2157765328125 0.137878321875 0.21792792656249999 0.1215888296875 0.2142281 0.11485498593750001 0.21317148125 0.10019388437500001 0.20194344218750002 0.10589325000000001 0.198297521875 0.119901878125 0.19782311875 0.13331379999999998
1 0 0.409375 0.3890625 0.409375 0.3890625 0.244861575 0.38606732187500004 0.244445996875 0.3790135140625 0.2434672859375 0.3696084359375 0.24216234062500003 0.3555373109375 0.23917323281249997 0.3435081015625 0.22298969687499998 0.3325355109375 0.2214672578125 0.3305126734375 0.21185584375 0.3308775984375 0.20153898125 0.33554364531249997 0.20322314062500002 0.346771684375 0.1975237734375 0.3495243703125 0.186501459375 0.344093646875 0.161902709375 0.32834553125 0.1617911703125 0.3071111203125 0.16091841406250001 0.298708753125 0.1535320953125 0.2891212125 0.1573855796875 0.2885738265625 0.1728608765625 0.28959395 0.1885536625 0.27366337343749997 0.19360055625 0.2524654546875 0.19169611250000002 0.22734875312499997 0.18924794218750002 0.197310559375 0.192337415625 0.18940000937499998 0.19331333281250002 0.16823858125 0.190377203125 0.14550964375 0.1872235828125 0.1174942859375 0.1999244703125 0.10890945625 0.19769658125 0.099740746875 0.2119756765625 0.08608845468750001 0.21941217968750001 0.0750428765625 0.2199531140625 0.068463471875 0.20556248125 0.05317068125 0.2148448671875 0.054117820312499995 0.232601025 0.047482843749999996 0.242047925 0.046224684375000005 0.25535110156249996 0.05030685 0.2735422453125 0.040118015624999996 0.2721285515625 0.0329547296875 0.27424490156250003 0.019265945312499998 0.282713090625 0.002734071875 0.2824928078125 0 0.2809844765625 0 0.409375
0 0.66227154375 0.042915071875 0.6516638796875001 0.0310757703125 0.6432615109375 0.02368945 0.6377387234375 0.02395991875 0.639196759375 0.0272724671875 0.6408546718749999 0.0472007453125 0.6427315375 0.060938904687499997 0.6517716921875 0.07256071562500001 0.6564742296875 0.07321318906249999 0.6616146796875 0.0614854265625 0.66227154375 0.042915071875
0 0.6559060999999999 0.156074334375 0.6466834828125 0.14961095625 0.641160696875 0.1498814234375 0.6354919375 0.15427863749999998 0.6337784546874999 0.158187890625 0.6365120624999999 0.1699714234375 0.6471927140625 0.1797473515625 0.6543924921875 0.176599315625 0.6559060999999999 0.156074334375
0 0.8243772578125 0.1804863140625 0.828442009375 0.176903296875 0.8241408875000001 0.1649022734375 0.8133142671875 0.15925309062499998 0.8072631703125002 0.1521930078125 0.7988782171875 0.1665808484375 0.808483171875 0.184501521875 0.8243772578125 0.1804863140625
0 0.9164815171875 0.0927009828125 0.9163894515625 0.1175702015625 0.9182298281249999 0.132340046875 0.9299131890624999 0.136034603125 0.9356549328125 0.1295740171875 0.9339240359375001 0.11170911406249999 0.931791721875 0.1051927578125 0.928383834375 0.09020542031249999 0.9164815171875 0.0927009828125
0 0.9390594906249999 0.2337213640625 0.9402811578125 0.22144987343750003 0.9365813296875001 0.214716028125 0.9328815031249998 0.20798218125 0.920195428125 0.210368996875 0.9118834609375 0.222693465625 0.911555028125 0.2319786421875 0.9190276671875001 0.2433829625 0.9276489890625002 0.2445791625 0.933171778125 0.2443086953125 0.9390594906249999 0.2337213640625
0 0.841472265625 0.2315854671875 0.8473234859375001 0.222029821875 0.846157390625 0.21046378125 0.842640025 0.198571503125 0.8308836781250001 0.1969403203125 0.8243216859375 0.204323846875 0.8253783046875001 0.21898494531249998 0.8344914421875 0.228543384375 0.841472265625 0.2315854671875
0 0.7697108484375 0.27864986406250003 0.7678704734374999 0.26388001562499996 0.760178878125 0.258665815625 0.74999004375 0.257252125 0.7442118093750001 0.2647443953125 0.7454143953125 0.27527875156250003 0.7536707921875 0.2867918140625 0.7662838828125 0.2864683703125 0.7697108484375 0.27864986406250003
0 0.7358077765625 0.3019380828125 0.7332931234375 0.28396443125 0.7236325984375 0.2898812890625 0.7189300578125 0.28922881562499997 0.709379009375 0.292050615625 0.709834334375 0.3014445390625 0.7142084421874999 0.31138218906250004 0.72838904375 0.311276234375 0.7358077765625 0.3019380828125
0 0.6610208109375 0.3454724359375 0.6713921078125 0.341727696875 0.6773892984375001 0.32804530781249996 0.6763691734374999 0.3123525203125 0.669242378125 0.3134371828125 0.6583427734375 0.3098513734375 0.650286253125 0.3149540359375 0.6452552812500001 0.3235867390625 0.6480253828125 0.3343385859375 0.6610208109375 0.3454724359375
0 0.5988208593750001 0.409375 0.5984455171875 0.40003189843750003 0.5931416828125 0.39411224843750003 0.5860148890625 0.3951969109375 0.5819501375 0.3987799296875 0.5802001625 0.40372086874999996 0.580000165625 0.409375 0.5988208593750001 0.409375
0 0.42744062656250004 0.380452115625 0.4234853515625 0.380940071875 0.411765496875 0.378277203125 0.403144175 0.377081003125 0.417415175 0.3966858359375 0.4285337359375 0.39408152812499997 0.44118331718750003 0.3927263984375 0.4446467765625 0.3838762015625 0.43781192343750003 0.376707375 0.4338566484375 0.3771953328125 0.42744062656250004 0.380452115625
0 0.20994695624999998 0.5146829953125 0.2086158125 0.5300495453125 0.2137006890625 0.5421593140625001 0.2280272625 0.537926615625 0.2313082578125 0.534234853125 0.22779089375 0.522342575 0.22316133906250002 0.519626728125 0.21767504375 0.5188655109375 0.20994695624999998 0.5146829953125
0 0.1690423171875 0.6023149828125 0.168531421875 0.616758590625 0.1727960515625 0.6297913015625 0.1813808796875 0.6320191890625 0.18801585781250002 0.6225722875 0.18468095625 0.60552158125 0.176059634375 0.604325378125 0.1690423171875 0.6023149828125
0 0.2583159109375 0.661355353125 0.2693979796875 0.65978273125 0.269799396875 0.6484341812500001 0.267959021875 0.6336643343749999 0.2563851375 0.6268747203125 0.23839523125 0.6233418859375 0.23403853749999998 0.6351783953125001 0.23400204375000003 0.63621008125 0.23915990781250002 0.6462564765625001 0.2482365546875 0.6568466015625 0.2583159109375 0.661355353125
0 0.270305296875 0.7677305859375 0.2812778875 0.7692530234375 0.284923809375 0.755244396875 0.2808781359375 0.7360215703125 0.27293109375 0.7380291734375 0.2674083046875 0.738299640625 0.262377334375 0.7469323453125 0.262759671875 0.758389640625 0.26414472187500004 0.7637655624999999 0.270305296875 0.7677305859375
0 0.3890625 0.409375 0.37127596875 0.409375 0.3711503453125 0.4105663671875 0.37645417812500004 0.41648601875 0.386533534375 0.4209947703125 0.3890625 0.41876552499999997 0.3890625 0.409375
0 0.8331542875 0.45913899062499997 0.8161670921875 0.44952478593749995 0.8086753718749999 0.46092631093750003 0.8091671890625001 0.4692885484375 0.8135777874999999 0.4781945109375 0.8252611515625 0.48188906875 0.8332446859375 0.478849778125 0.8343568749999999 0.4696733453125 0.8331542875 0.45913899062499997
0 0.8242725234375001 0.598904609375 0.8189861046875 0.6147591203125 0.8209359562500002 0.6264339046874999 0.834897603125 0.6325180703125 0.8428811390625001 0.62947878125 0.8440663140625 0.6182389765625 0.8404759625 0.6084100718750001 0.8344248656249998 0.6013499890625 0.8242725234375001 0.598904609375
0 0.6357056468750001 0.8308917859375 0.6269383562499999 0.8338223296875 0.631986740625 0.8469637859375 0.637964853125 0.8560872406249999 0.6513616984375 0.85587254375 0.653403615625 0.8426781109375 0.6443634609375 0.8310562984375001 0.6357056468750001 0.8308917859375
0 0.43085325625 0.8107626890624999 0.414905265625 0.7940354234375 0.395128890625 0.796475215625 0.40320282343749997 0.8131467125 0.426915396875 0.8330248062500001 0.4547657046875 0.8472565109375001 0.4551671234375 0.835907959375 0.4422081875 0.823742421875 0.43085325625 0.8107626890624999
0 0.6318913484375 0.9609930140625 0.641861228125 0.9685968234375 0.643793665625 0.9584974500000001 0.648642175 0.9550231796875 0.6569906359375001 0.9416670249999999 0.6558245390625 0.930100984375 0.6425006796874999 0.9282523109374999 0.6242918171875 0.93090959375 0.6159798484375 0.9432340609375001 0.617437884375 0.9465466109375 0.627371271875 0.9551821078125 0.6318913484375 0.9609930140625