0 0.47277374375000003 0.052910353125 0.459030565625 0.052793781250000005 0.4492863734375 0.0575670875 0.4486982359375 0.0727221609375 0.4582252515625 0.0790801828125 0.4713124984375 0.07534195625 0.4745017671875 0.0692694515625 0.4735834625 0.06387273437499999 0.47277374375000003 0.052910353125
0 0.4890625 0.3468290796875 0.478074628125 0.35082684531249997 0.46782828906249996 0.35885293749999997 0.45653245625 0.3607113515625 0.450895840625 0.364808871875 0.44976035937500003 0.3705434828125 0.45402171874999997 0.376975278125 0.46531754999999997 0.3751168640625 0.47879835625 0.37369151562499997 0.4890625 0.3720028359375 0.4890625 0.3468290796875
1 0 0.4796875 0.3942780015625 0.4796875 0.3944072953125 0.47951067031249994 0.39589114062499997 0.46341569062500004 0.3841339546875 0.4439513546875 0.40440945624999997 0.43903049843749997 0.41220844999999995 0.42902942343749995 0.4201160296875 0.4134626828125 0.4308193203125 0.3895105578125 0.44139142343750004 0.3647874734375 0.4285847453125 0.339155459375 0.4317514171875 0.32674633124999997 0.431683621875 0.307736459375 0.430086784375 0.29214832031250004 0.4286437328125 0.2836677640625 0.4369448734375 0.270413903125 0.4472772015625 0.25048552343749997 0.44340940156249997 0.2463666046875 0.41773705781250003 0.25059027500000003 0.40834122968750003 0.24500321249999998 0.418981128125 0.23929 0.41733909531249996 0.2110286125 0.4006238234375 0.2058532171875 0.38364617968750003 0.199135903125 0.3867042625 0.1922924390625 0.39576992187500004 0.1773277109375 0.3731782609375 0.1810445390625 0.373788996875 0.172226090625 0.39688280468750003 0.1652564765625 0.4040258671875 0.1514006015625 0.39626766875 0.1368261421875 0.3637780265625 0.13820869375 0.346081059375 0.14587549375 0.32641629375000003 0.1419779 0.3116236234375 0.1356936515625 0.3138719875 0.1178878046875 0.31998815468749997 0.10420087656250002 0.300061015625 0.0987613625 0.27646505625 0.1089837625 0.2411571109375 0.11241507343749998 0.24137428593750002 0.10128374375 0.2191309859375 0.09464020468749999 0.2006243 0.09134462343750001 0.191468246875 0.08096285625 0.1634797421875 0.0839825 0.157797928125 0.075406771875 0.1347901078125 0.070474096875 0.130659934375 0.06481326093749999 0.12408241406250001 0.0571774375 0.12425439375 0.0333728625 0.10011109062500001 0.0341748 0.050164259375 0.0384294453125 0.0087175484375 0.0492110625 0 0.0528592671875 0 0.4796875
0 0.31795256250000004 0.0736266109375 0.3188708671875 0.079023328125 0.316708490625 0.0849268859375 0.33021189375 0.0898381609375 0.342272246875 0.08626888125 0.347777678125 0.0814004015625 0.3486507859375 0.074123871875 0.3443894265625 0.06769207656250001 0.32935698125 0.0662025328125 0.31795256250000004 0.0736266109375
0 0.4890625 0.122059996875 0.485869796875 0.12366969218749999 0.47009542968750007 0.1302276375 0.4643502265625 0.139890821875 0.466449209375 0.15222617656249998 0.46762988906249997 0.1591648125 0.480454759375 0.1538846671875 0.485829003125 0.14824522812500002 0.4890625 0.14609160625 0.4890625 0.122059996875
0 0.465181959375 0.3370971203125 0.45770873281249996 0.3304012046875 0.44232792343750005 0.33927203125 0.440188146875 0.3515122109375 0.44726781562499995 0.3558952484375 0.45445607031249996 0.35471262187499997 0.4633045546875 0.350879221875 0.46533574375000003 0.3442047046875 0.465181959375 0.3370971203125
0 1 0.123750715625 0.9953338140625 0.1252575515625 0.9865079296874999 0.13542757656249998 0.9906607000000001 0.1474250375 0.9994005968749999 0.1491573015625 1 0.148956765625 1 0.123750715625
0 0.9661646296875 0.121338559375 0.9830970796875 0.1153826265625 0.974334584375 0.10731373749999999 0.973547465625 0.10268797968750001 0.9678656515625 0.0941122515625 0.9587547953125 0.09640373125 0.9502998703125 0.1025500109375 0.9547150156249999 0.11608939062500001 0.9661646296875 0.121338559375
0 0.9005658109375 0.058424546875000004 0.907405703125 0.0676022875 0.9227005203124999 0.07063375 0.9378415546875001 0.066557628125 0.9346070890625 0.0599568859375 0.9348242656250001 0.048825557812499996 0.9273510375 0.0421296421875 0.9173218750000001 0.0390244046875 0.9075776843749999 0.0437977109375 0.9005658109375 0.058424546875000004
0 0.8051173078125 0 0.8066301234375001 0.008890545312500001 0.817686178125 0.011826834375000001 0.8278239296875001 0.0093664078125 0.8320400921875001 0.00312495625 0.8305088156250001 0 0.8051173078125 0
1 0.4890625 0 0.4890625 0.4796875 0.9668904578124999 0.4796875 0.9782012218750001 0.47124724218749997 1 0.43711733906249994 1 0.1608363125 0.96728191875 0.1465161078125 0.9296082109375 0.0988213625 0.8967024140625 0.0915544125 0.8942958593749999 0.065003890625 0.87655369375 0.059997443750000004 0.8669814828125 0.040966173437499996 0.8443898203125 0.044683001562500005 0.8106065093750001 0.0074437984375 0.770838878125 0 0.4890625 0
0 0.241396271875 0.4796875 0.23017692968749998 0.5173415265625 0.23356517812500002 0.5310498531250001 0.24791909374999999 0.522347975 0.2554557125 0.510804978125 0.25114661875 0.4796875 0.241396271875 0.4796875
0 0.2582740203125 0.50875621875 0.239093209375 0.5325179984374999 0.25209446406249997 0.540682059375 0.26568385625 0.533691046875 0.26410961875 0.52443953125 0.2582740203125 0.50875621875
0 0.227186640625 0.5431948625 0.22620494375 0.5560370578125 0.2389438265625 0.5626591984375 0.25574508906250004 0.5559323046875 0.24645784843750002 0.544779578125 0.24027388749999998 0.5394566359375 0.227186640625 0.5431948625
1 0 1 0.4890625 1 0.4890625 0.7261645734375 0.464601903125 0.741105065625 0.46147602499999996 0.728938659375 0.46706744375 0.7121678906250001 0.4869719859375 0.71127078125 0.48821605625000003 0.69997050625 0.47698361718750004 0.683590009375 0.4539124046875 0.6968962484375 0.43992945156249996 0.70157438125 0.4388799578125 0.6954067046875 0.443335896875 0.6843705484375 0.422250678125 0.678329021875 0.4139721359375 0.6979195078125 0.3981299734375 0.6854675828125 0.37942430625 0.6623911687499999 0.39262013906250004 0.653087278125 0.38344148749999996 0.6363688875 0.3575519671875 0.6517238843750001 0.3053749640625 0.6428722171875 0.3122738453125 0.5965622640625 0.2785175375 0.6029084671875 0.254509825 0.6417301484375 0.23934619375000002 0.6394696453125001 0.2566496015625 0.629489965625 0.25107637656250004 0.6153485734374999 0.23025353124999998 0.6108489640625 0.2147823296875 0.5943732953125 0.20014344374999998 0.5951966296875 0.190575634375 0.61341414375 0.1791712140625 0.6208382234375 0.1713948234375 0.637175925 0.15107412343749999 0.62942353125 0.142881571875 0.6371117296875 0.1212082140625 0.646225275 0.11305645625 0.6293379375 0.0966261546875 0.6320410859375001 0.0875604953125 0.6470058140624999 0.0736409328125 0.6334450359374999 0.034510382812500004 0.645430678125 0.0246802 0.662106271875 0.0097789421875 0.6613876875 0 0.667753609375 0 1
1 1 0.5996449453125 0.9944643421875 0.60176293125 0.9874298687499999 0.6100531421875 0.9813137046874999 0.6237400703125 0.9763556187500001 0.6380290125 0.970108265625 0.65094498125 0.9539177406250001 0.6488534234375 0.9425993109374999 0.644375215625 0.9292270921875 0.6402348984375 0.91417205 0.6324087328125 0.8966922578125001 0.628944203125 0.87036398125 0.629313075 0.845324971875 0.63105491875 0.8422216921875 0.625225134375 0.8361237218750001 0.607999903125 0.8374763796875 0.5911339640625 0.8328440578125 0.5887259125 0.8220955703125 0.6000047890625 0.8068233515625 0.6033099515625 0.794523225 0.6116739359375 0.7921436734375 0.628708821875 0.7831188046875 0.6190980140625 0.7872037828125 0.6120856031249999 0.7911349734374999 0.597965609375 0.7866338390625 0.59632851875 0.76133245625 0.5965284421875 0.756111996875 0.6092754625 0.741735484375 0.61164071875 0.7313353609375 0.6125592265625001 0.7264858640625 0.6212825046875 0.7341128765625 0.635086003125 0.7243460875000001 0.6335226859375 0.7126566953125 0.6330682203125 0.6951995015625 0.635940315625 0.679773496875 0.6321378937500001 0.6751411765625 0.6297298421875 0.6648722375 0.6314193109375 0.645863403125 0.6313765140625 0.6253255281250001 0.63475545 0.6194491375 0.6436476734375 0.6090490140625 0.64456618125 0.592510125 0.65283499375 0.5822863843749999 0.6671977078125 0.5693077265625 0.665370271875 0.556243078125 0.6754451234375 0.5418665671875 0.677810378125 0.5244093734375 0.6806824734375001 0.5056403125 0.6758449703125 0.49788651875 0.698519296875 0.48967136718750004 0.6998708703125001 0.4890625 0.700870834375 0.4890625 1 1 1 1 0.6838047640625 0.993446253125 0.6764294453125 0.993269871875 0.6629852375 0.9974408374999999 0.6440705390625 0.999580615625 0.6318303578125001 1 0.6296039125 1 0.5996449453125
0 0.49398731093750003 0.6135661875 0.49248086874999997 0.62332454375 0.49624008281250004 0.633009125 0.5101370453125 0.6402332796875 0.524119996875 0.6355551453125 0.5301275750000001 0.62743388125 0.529186671875 0.615700540625 0.5193972828125 0.6078006 0.5027046109375 0.608961828125 0.49398731093750003 0.6135661875
0 0.6140026953125 0.59302845625 0.605525171875 0.5928381109374999 0.5888551 0.6003359640625 0.591718603125 0.6109604531249999 0.596744484375 0.6156813828125001 0.6111435953125 0.6196527515625 0.6196211171874999 0.6198430953124999 0.6291029375 0.6135278718749999 0.6272663265625 0.6027344359375 0.6263480203125 0.59733771875 0.6140026953125 0.59302845625
0 0.8045253859375 0.571193765625 0.8028199609375001 0.561171290625 0.7958488812500001 0.5512225890625 0.78992729375 0.547441565625 0.7791562078125001 0.55238381875 0.7743067109374999 0.5611070953125 0.771904559375 0.5718053578125 0.77848208125 0.5794411796875 0.7861950828125 0.5813423906249999 0.7981242484375001 0.57700215 0.8045253859375 0.571193765625
0 0.8286190890625 0.520469796875 0.824357728125 0.514038 0.8188297 0.5125698562500001 0.8082983890625 0.5127174046875 0.80329510625 0.5143330984375 0.8026617734375 0.5168149234375 0.7965230078125 0.524165228125 0.8034940875000001 0.534113928125 0.8114694640625 0.537557059375 0.8242943374999999 0.5322769125 0.8286416859375001 0.5268064203125 0.8286190890625 0.520469796875
0 0.8875499968749999 0.55040149375 0.896878028125 0.5369786828125 0.909965275 0.5332404578125 0.9121276515625001 0.5273368984375 0.9320729859375 0.501864253125 0.9196190734374999 0.5031206546875 0.8836369984375001 0.5336093281250001 0.8656776562499999 0.5397342078125 0.8606969734375 0.5476865265625 0.8600862375 0.556504975 0.870617546875 0.5563574265625 0.8875499968749999 0.55040149375
0 0.9527370609375 0.6419147875 0.9658243078125001 0.6381765609375 0.9651231796874999 0.621648515625 0.9592015906250001 0.617867490625 0.9453272265624999 0.6169799609375 0.9376594203125 0.627751996875 0.9425767125 0.638038590625 0.9527370609375 0.6419147875