0 0 0.041454765625 0.0023657375000000003 0.050416407812499994 0.013810521875 0.0696773515625 0.03043515625 0.066397321875 0.03091955 0.0501625078125 0.015482017187499999 0.0489045234375 0 0.0371704375 0 0.041454765625
0 0.1628974734375 0.0983638734375 0.16235882343750002 0.11138154375 0.16781124218750001 0.11998933125 0.1741807921875 0.123036421875 0.18260031875 0.1127676578125 0.17558231562499999 0.10124091093750001 0.1628974734375 0.0983638734375
0 0.10882419531250001 0.23384264843749997 0.11627233749999999 0.2259174390625 0.1187007984375 0.22005855625 0.1148139640625 0.21436972812500002 0.1056374734375 0.2097245453125 0.0988364859375 0.2110663765625 0.09743366406250001 0.21779884843750003 0.100349115625 0.22583123125000001 0.10882419531250001 0.23384264843749997
0 0.4390625 0.4145141578125 0.4338352453125 0.41395874375 0.43065112031249997 0.4199667171875 0.4323252125 0.42931996562499997 0.43632055625 0.4414430828125 0.4390625 0.44442799375 0.4390625 0.4145141578125
0 0.41753613749999996 0.43654164062499995 0.4173746734375 0.44195324375 0.4208300703125 0.45203099375000005 0.43529621562500004 0.4556325296875 0.43637481093749997 0.4446602265625 0.429896753125 0.4351788484375 0.427359784375 0.434603440625 0.41753613749999996 0.43654164062499995
1 0 0.6796875 0.41969007031250005 0.6796875 0.4276466359375 0.631445621875 0.414853284375 0.622134296875 0.40448969218749997 0.6220271265624999 0.41334065625000005 0.6073694421875 0.40999247031249997 0.58866294375 0.39460919375 0.5906221046875 0.3886710828125 0.58318609375 0.38748268124999996 0.57266106875 0.390774015625 0.5580243453125 0.3814347640625 0.5437277296875 0.375928090625 0.5319027968750001 0.3892600890625 0.528196453125 0.38769320625 0.5102144546875 0.39573555 0.5075517546875 0.40302092968750003 0.4899751125 0.39071327031249997 0.47949200937500003 0.3775969890625 0.4810038953125 0.3666921515625 0.46378831875 0.34936610625000003 0.47043458437499996 0.3408380703125 0.4742690578125 0.3323087359375 0.46304049531249997 0.36604369531250003 0.4553086609375 0.3679309109375 0.4323413734375 0.3640970328125 0.41480665156249996 0.398422296875 0.367148215625 0.3158959265625 0.41893695 0.3042354234375 0.40187046718749997 0.2886880859375 0.37911515625000003 0.27956325312499997 0.347561040625 0.26293861875 0.3508410703125 0.24901241718749997 0.3492849015625 0.242751378125 0.35267210000000004 0.2324949953125 0.34393618125000003 0.22326424843749998 0.3360738546875 0.235137875 0.32081980312499997 0.21894338124999999 0.304647871875 0.21235941249999998 0.3188582796875 0.206529809375 0.3178565578125 0.20782412187500002 0.30468979687500003 0.20107609218750003 0.29418573124999997 0.2050688375 0.27618277343750003 0.1920597671875 0.2690659078125 0.178997740625 0.2737949359375 0.18385725625 0.2922032484375 0.1777047265625 0.302024734375 0.168960971875 0.30805367031249997 0.1676640609375 0.29109435625 0.1485541171875 0.2668900453125 0.11978328906249999 0.25427536875 0.1128208375 0.2610288046875 0.1386245578125 0.2925200328125 0.1162775328125 0.286169590625 0.10612835937500001 0.2688049234375 0.0896109359375 0.263456203125 0.0904725125 0.23961532343749997 0.08421017343750001 0.2279394828125 0.0635372421875 0.2309422890625 0.06526688750000001 0.258575721875 0.055979292187499995 0.21737017343749998 0.0421616 0.22224829375000002 0.034390528125 0.2409967140625 0.007942246875 0.24621494375 0 0.23708593437499997 0 0.6796875
0 0.563639546875 0 0.566160528125 0.009549723437500001 0.5766326312500001 0.01609118125 0.58591633125 0.0121076140625 0.5839511515625 0 0.563639546875 0
0 0.8486489984375 0.32071375 0.85350591875 0.3089959875 0.8464879140625001 0.297469240625 0.8441666640625 0.294699371875 0.837149959375 0.2982356625 0.8334258890624999 0.3021982671875 0.8328872390625 0.3152159375 0.8373682734375001 0.326167278125 0.8427121859375 0.3283407765625 0.8486489984375 0.32071375
0 0.5510537171875 0.087846759375 0.5368032890625 0.0820507625 0.527843815625 0.0902741578125 0.5288164984375 0.10299364531249999 0.5332432796875001 0.110727840625 0.5405842125 0.111431378125 0.5488422749999999 0.10657421874999999 0.552997784375 0.0982226921875 0.5510537171875 0.087846759375
0 0.8372236890625 0.52739838125 0.84062613125 0.5493220234375 0.8563878890625001 0.554819834375 0.8693956625 0.5468736625 0.8676130593749999 0.5310861250000001 0.8628620515625001 0.5191121 0.8481801843749999 0.5177050234375 0.8372236890625 0.52739838125
0 0.8907777953124999 0.63088285 0.875717446875 0.6220188 0.8612513015625 0.6184172625000001 0.8508347515625001 0.6301559875 0.8542371937500001 0.6520796296875 0.86643634375 0.6561284421875 0.8873249953125001 0.6509311765625 0.8926676062500001 0.6380416375 0.8907777953124999 0.63088285
0 0.8020638359374999 0.2857910390625 0.807892140625 0.2717297234375 0.806865203125 0.2557930921875 0.7975815015625 0.259776659375 0.79186170625 0.2802722640625 0.781769384375 0.29625081875000003 0.7860347 0.30939661875 0.7961283203124999 0.308481103125 0.8020638359374999 0.2857910390625
1 0.4390625 0.6796875 0.8090537187500001 0.6796875 0.806253103125 0.66907850625 0.8355070281250001 0.65039533125 0.8079246 0.6483056781250001 0.7987997671875 0.6167515640625 0.7837936734375 0.611104659375 0.7948573796874999 0.592782553125 0.809969384375 0.574737671875 0.804569921875 0.554283990625 0.80003463125 0.540115503125 0.8154708656249999 0.5263104515625 0.8007334453125001 0.5066231921875 0.8013793046875 0.484976771875 0.7843761890625001 0.48079982968749996 0.7764940109375 0.46298788437500005 0.769853190625 0.443855071875 0.759758271875 0.42970754843750003 0.7817810703125 0.43181816250000005 0.7749787859375 0.41809695468749997 0.7799971703125 0.40096758593750004 0.791385103125 0.38688530781249997 0.7791303984375 0.3645563125 0.7670397578125 0.3669417875 0.762990159375 0.3516015265625 0.7579678796875 0.32354178125 0.729848103125 0.3495328359375 0.7238027812500001 0.350725575 0.726068478125 0.335215259375 0.7185105281249999 0.32164314374999997 0.7090085109375 0.2976950953125 0.6979951640625 0.2740452296875 0.678615246875 0.24881823593750002 0.6598295296875 0.22885375312499998 0.660799615625 0.21144716406250003 0.6679248281250001 0.2143451625 0.6754827796875 0.22791727812499998 0.6889775421875 0.23386236718750003 0.6913517468749999 0.2247863421875 0.680446909375 0.20757076562500001 0.6839539640625001 0.1907395828125 0.7174163531250001 0.1518589859375 0.67877021875 0.168091440625 0.6639268890625 0.17209597031249999 0.6571272015625 0.1885008375 0.6409353046875 0.202454984375 0.6305187546875001 0.214193709375 0.60909015625 0.21734560625000002 0.5889016171875 0.2041135984375 0.5778353140625 0.19230962812500002 0.5737857171874999 0.1769693671875 0.5778869734375001 0.16540069531249998 0.5712461515625 0.1462678828125 0.5576428796874999 0.1338885046875 0.5418824203125 0.1434537296875 0.52752478125 0.1462864828125 0.5231522562500001 0.1417694328125 0.5125729437500001 0.1438567234375 0.50776768125 0.12866555468750002 0.5079291453125 0.1232539484375 0.4957312921875 0.134268175 0.5091110546875 0.0584637828125 0.4829921953125 0.1281739921875 0.4764598828125 0.11547546875 0.45729828125000005 0.1181800921875 0.44051088437499997 0.1118086859375 0.4390625 0.11219944062500001 0.4390625 0.6796875
0 0.6205852984375 0.194634578125 0.6292218453125 0.19723439375000001 0.6326759421875 0.1922491046875 0.6413654421875 0.183003025 0.6386657109375 0.172776184375 0.6306763234374999 0.1635929875 0.617830015625 0.16612755625 0.614484425 0.1775471359375 0.6205852984375 0.194634578125
0 0.4390625 0.6848553171875 0.43431961875 0.6840403312500001 0.42649299375 0.68450856875 0.414672325 0.6879167296875 0.42082615468749995 0.6931582796875 0.429085515625 0.7033641578125 0.4388019515625 0.7100547109375 0.4390625 0.7098073031250001 0.4390625 0.6848553171875
1 0 0.6796875 0 1 0.4390625 1 0.4390625 0.7188408765625 0.429679715625 0.7086266734375 0.4176420296875 0.699166253125 0.4134309671875 0.6892375984375 0.42851735 0.6796875 0 0.6796875
0 0.866734671875 0.7139742671875 0.8797385156249999 0.7062709640625 0.8761093484375 0.6847408859375 0.8621613312499999 0.690273625 0.866734671875 0.7139742671875
0 0.8236043015625001 0.7854749734375 0.8335787953124999 0.7960204828124999 0.8421603421875 0.7813718421875 0.8346911484374999 0.7652126296875 0.821579075 0.762238053125 0.8236043015625001 0.7854749734375
0 0.8075585562500001 0.7441485453125 0.7963312453125 0.7560963515625 0.7859421531249999 0.7790018578125 0.7843405375 0.8001736031250001 0.7950057796875 0.7924128796875001 0.8040743625000001 0.769862859375 0.8075585562500001 0.7441485453125
0 0.703155625 0.7689183125 0.6944361359375 0.75534444375 0.683555525 0.7491489015624999 0.6787437781250001 0.754269446875 0.687882375 0.7733221578125 0.7006069421875 0.7849755921874999 0.703155625 0.7689183125
0 0.97356191875 0.8671191125 0.9679845140625 0.8849041375000001 0.9852807468750001 0.884272328125 0.992881215625 0.8702593437499999 0.9851380890625 0.8564928109375 0.97356191875 0.8671191125
0 0.9649194218750001 0.9160972656249999 0.9638048375 0.927440278125 0.97050134375 0.9372421171875001 0.9801949515625001 0.9311584374999999 0.9822156671875 0.9154655046875 0.9711731796875 0.9053404921875 0.9649194218750001 0.9160972656249999
0 0.966465225 0.8923695734375 0.9594055062500001 0.87964485625 0.9477590859374999 0.886113825 0.9388334593749998 0.8989979015625 0.9380677375000002 0.9116624453125001 0.9492972875 0.9191795015625001 0.9612925109375 0.9140321281249999 0.966465225 0.8923695734375
0 0.9335981562499999 0.859709690625 0.9223006125000002 0.8675002421875 0.913026121875 0.8790627843750001 0.9227962484375001 0.8922980609375 0.937576128125 0.8825613640625001 0.9335981562499999 0.859709690625
1 1 1 1 0.992186878125 0.9921267468749999 0.9802484359375001 0.9753855093750001 0.9557438062500001 0.9499270515625 0.9371302734375 0.9310948484375 0.924161246875 0.908008228125 0.91064125 0.8972680140625 0.9127602875 0.8938495546875 0.9037020546875001 0.8787846765625 0.9011127921875 0.8683208468749999 0.880931190625 0.8768273609375001 0.862568253125 0.8766847015625 0.8347887374999999 0.858690640625 0.8327773984375 0.8561126546875 0.8541417812500001 0.8351192609375 0.848551125 0.8146831828125001 0.8372889015625 0.814261825 0.8123451515625 0.8025474265625 0.8341217796875 0.7936195406250001 0.8275409125 0.7750659843750001 0.8117362140625 0.767325109375 0.81743459375 0.74661040625 0.8090081234375 0.7351044718749999 0.8237917046875 0.7177379828125 0.8202661609374999 0.706367959375 0.8044345406250001 0.6843981687499999 0.79903641875 0.666265965625 0.8081754453125001 0.6629200015625 0.8227394328125 0.6539195531249999 0.7925363890625 0.6430389359375 0.7863408234375 0.639135565625 0.8065763390624999 0.6294420453125 0.81266005625 0.618074321875 0.8162932375 0.6082401625 0.8140623437500001 0.600012275 0.8295895328125 0.5941539109375 0.830745384375 0.580831221875 0.8152990250000001 0.56339900625 0.8465460515625001 0.57916153125 0.851778365625 0.553916103125 0.86510155 0.5341798765625 0.875947409375 0.5217678109375 0.8950809109375001 0.5039143109374999 0.9013841718750001 0.48857306093749997 0.921095596875 0.47720760156250003 0.944193740625 0.46577183125 0.9631346187500001 0.45580184375000005 0.991518940625 0.4554255109375 1 1 1