0 0.41875 0.55 0.41875 0.51212475625 0.4091972359375 0.5008518625 0.40407795625 0.5114624046875 0.402114421875 0.5261234406249999 0.4054572046875 0.5425840828124999 0.4112349609375 0.55 0.41875 0.55
0 0.2693161546875 0.44766446093749995 0.2764457890625 0.44965668125 0.2799754921875 0.4302049421875 0.273406853125 0.4171206359375 0.2613916765625 0.4170903765625 0.25610876875 0.42892267031250003 0.2598489171875 0.43551298125000004 0.26616040937499996 0.4436139671875 0.2693161546875 0.44766446093749995
0 0.1486035234375 0.5067764890625 0.1478320859375 0.49182652656250003 0.1425958765625 0.4826000953125 0.13165598750000002 0.4814443921875 0.1281963921875 0.49346930625 0.1277990296875 0.5033396375 0.1326144609375 0.5088045 0.1486035234375 0.5067764890625
0 0.140982659375 0.3634819484375 0.15234332343749998 0.3683992203125 0.161530009375 0.36193547812500004 0.16332991562500002 0.348496196875 0.15900536406250002 0.3393660734375 0.1503796734375 0.33473773125 0.14152024375 0.33875796406249997 0.13425039375 0.3516193953125 0.140982659375 0.3634819484375
0 0.251550365625 0.38011860625 0.25250872343749997 0.3591561875 0.24163894375 0.3505736578125 0.23205489375 0.36690773125 0.230488725 0.37169843281250003 0.2366365890625 0.381021175 0.241031246875 0.38272446875 0.251550365625 0.38011860625
0 0.3172829921875 0.2966128421875 0.316301225 0.3039433625 0.31863883125000003 0.3141026203125 0.3294150953125 0.31648007499999997 0.33628758125 0.313488975 0.34107960625 0.3053219390625 0.3363342828125 0.29243025 0.327708590625 0.2878019046875 0.3172829921875 0.2966128421875
0 0.3641981828125 0.256963621875 0.35692833125 0.2698250515625 0.35395962187499996 0.27818470624999997 0.356624484375 0.28590045937499997 0.3591958296875 0.2874111359375 0.36160354687499996 0.29014356874999997 0.3727070640625 0.2900775203125 0.3800704328125 0.2834211609375 0.37913536875 0.2696929546875 0.3733147578125 0.2579267078125 0.3641981828125 0.256963621875
1 0.41875 0 0 0 0 0.164780625 0.0139813625 0.18651226406250002 0.042476599999999996 0.22917177500000002 0.086002421875 0.2424431640625 0.104188871875 0.26542806093750004 0.1170455953125 0.2729814546875 0.138855265625 0.2827196875 0.149538009375 0.27889206875 0.1643816765625 0.2854163265625 0.17980974375 0.294480396875 0.204751753125 0.2946372234375 0.21625263593750002 0.284700840625 0.226538015625 0.290743553125 0.24409324375 0.2839248359375 0.259030428125 0.29665416875 0.26608995156250004 0.306073215625 0.2814245015625 0.308932215625 0.2858658625 0.28957678593749997 0.295613540625 0.272020959375 0.29068129531250003 0.29504164843749997 0.30975599374999996 0.3044909546875 0.31520253125000003 0.2914369046875 0.30697420468750003 0.2769382296875 0.3207892875 0.26352920625 0.33792374375 0.2529489203125 0.348793525 0.26153145 0.3650163234375 0.25085485625000004 0.380000209375 0.2425254625 0.39360484375000004 0.2030743921875 0.40655508749999997 0.21683285625 0.41875 0.2198088515625 0.41875 0
0 0.7380888078125001 0.4297383625 0.74395031875 0.43878304375 0.74754669375 0.4412693359375 0.7537459656250001 0.44192423437499995 0.7642370328125001 0.43987297343750004 0.7663232875 0.4242956234375 0.7607399453125 0.4131739625 0.7491163109375 0.41194602812500003 0.742221621875 0.4164835796875 0.7380888078125001 0.4297383625
0 0.8062607937500001 0.3842809828125 0.8114665828125001 0.38061819531249996 0.8159570546874999 0.37056074375 0.8156589890625 0.361050609375 0.8124798640625001 0.3554488484375 0.800081321875 0.3541390515625 0.794597365625 0.3598788171875 0.7913785437499999 0.3721769734375 0.7949153265625 0.38097606875 0.7961869781249999 0.38321677187500003 0.8062607937500001 0.3842809828125
0 0.69364093125 0.4682233390625 0.692985209375 0.45551587343750005 0.6907995671875 0.454231796875 0.6793945078125001 0.457239684375 0.6742682109375 0.46617678281249997 0.6768910015625 0.47593250468750004 0.6846400906250001 0.476751128125 0.6913956953125 0.473252065625 0.69364093125 0.4682233390625
0 0.6638169375 0.4914022734375 0.662684371875 0.488123078125 0.6594441328125 0.4817448875 0.6459145421875 0.4842451296875 0.6425566375 0.4975817734375 0.6433514421875 0.5092507515625 0.6492725484375 0.5119826296875 0.6570216359375 0.5128012515625 0.6626446749999999 0.5060229953125 0.6638169375 0.4914022734375
0 0.546187065625 0.55 0.544659946875 0.54200536875 0.5387388421875 0.5392734906250001 0.52649928125 0.5485123187500001 0.5265459078125 0.55 0.546187065625 0.55
0 0.43378838281250004 0.5366118671875 0.4411997109375 0.5458202703125 0.4447960875 0.5483065640625 0.4509953578125 0.5489614609375 0.46049294218750003 0.542592515625 0.4583469953125 0.523408521875 0.4496640171875 0.5119594109375 0.44036511093749997 0.5109770640625 0.4327750015625 0.5207070671875 0.43378838281250004 0.5366118671875
0 0.9179468640625 0.3307822828125 0.92025169375 0.3194407546875 0.9161585750000001 0.314795621875 0.9110123796875002 0.3121456046875 0.9060052703124999 0.3084571 0.8951764421874999 0.3188981421875 0.8982959734375001 0.3308127078125 0.9039389109375 0.3356215640625 0.9140127265625001 0.3366857734375 0.9179468640625 0.3307822828125
0 0.9355708937500001 0.2578681140625 0.9376572484375 0.2833649109375 0.9527977671875 0.281804825 0.9603878765625 0.272074821875 0.954864125 0.254640359375 0.9443531625 0.2451045046875 0.9377366390624999 0.2475650765625 0.9355708937500001 0.2578681140625
0 0.93855085 0.0654504359375 0.9424849875 0.0595469453125 0.944233484375 0.052359376562500004 0.938014315625 0.0401173640625 0.9289140859374999 0.0317837234375 0.9182243406249999 0.0411862765625 0.917966071875 0.0548503734375 0.924602490625 0.0639769140625 0.9311594203125001 0.0678291453125 0.93855085 0.0654504359375
1 0.41875 0 0.41875 0.5204833546875001 0.43353001406249997 0.509201815625 0.44668356718749996 0.49900635781249997 0.4545717390625 0.49878649218750004 0.4609100953125 0.4984029 0.472533728125 0.4996308328125 0.489859890625 0.4993548234375 0.49760897968749995 0.500173446875 0.5039473343750001 0.4997898546875 0.5136634921875001 0.4976567328125 0.52620111875 0.49792803750000003 0.53353295625 0.50186213125 0.536374321875 0.515853675 0.5383016953124999 0.5308018453125001 0.549706753125 0.5277939578125 0.5645889046875 0.49882381875000004 0.569516525 0.4972380125 0.5907172328125 0.497371315625 0.6034535359375 0.4902913265625 0.621594303125 0.4721972640625 0.63113168125 0.4890025484375 0.638066065625 0.46656507812500003 0.6455369875000001 0.46946068125 0.6587104390625 0.4708523390625 0.6657839078125 0.44737638124999995 0.6774870328125 0.4538786265625 0.684381721875 0.4493410765625 0.69823069375 0.4339531703125 0.698210796875 0.4223660546875 0.6990254 0.40454800156250004 0.71684830625 0.4064308328125 0.7383271796875001 0.404487153125 0.7515006312500001 0.40587881093749995 0.772423171875 0.40808909375 0.78412629375 0.4145913390625 0.802604921875 0.42918163906249995 0.8238851203124999 0.43458925312499996 0.8220372375 0.42491539375 0.8086253156250001 0.4077007984375 0.79690229375 0.3896114390625 0.7860336718750001 0.37687824999999997 0.7957299328125 0.3631580125 0.8078105140625 0.3433705609375 0.8234675734374999 0.31448228437500003 0.82841499375 0.2834094453125 0.8300045062500001 0.2656732515625 0.8349321265625 0.26408744687499996 0.8399392375 0.2677759515625 0.84945671875 0.272994121875 0.8536094312500001 0.2713264546875 0.8691672015624998 0.2666508953125 0.886791428125 0.275885021875 0.888818090625 0.2666204734375 0.88083053125 0.2499789140625 0.8732006296874999 0.23653468593750002 0.8722667375000001 0.2259041984375 0.8563513109375 0.2273824234375 0.8651931703125001 0.20830601093749998 0.87000160625 0.21934580937499998 0.8858574406249999 0.2241803875 0.89003005 0.23409983437499998 0.8987726203124999 0.2392361421875 0.9192779109375 0.24456189374999998 0.9370213234375001 0.2411704125 0.9412932218750001 0.2268771390625 0.9083099000000001 0.2149672796875 0.890248525 0.1972615109375 0.8811482953125 0.1889278703125 0.880293896875 0.1835716953125 0.8837908859375 0.169196559375 0.8829960796874999 0.15752758125 0.873756765625 0.1502324328125 0.8718889859375001 0.128971459375 0.8729221656250001 0.11538922656249999 0.8791810296874999 0.10973132187500001 0.8874268609375001 0.1127087859375 0.8907847656250001 0.0993721421875 0.8932882718750002 0.080679321875 0.8943015546874999 0.055509973437500006 0.889850778125 0.047667507812499996 0.88983088125 0.03608039375 0.8851416328124999 0.0124149890625 0.8773925437500001 0.0115963671875 0.8808584046875 0 0.41875 0
0 0.3582294109375 0.9645940218749999 0.352228815625 0.9565878328124999 0.34475789375 0.9536922296875 0.3370088046875 0.9528736062500001 0.3303127921875 0.950059865625 0.3252063921875 0.9705840796875 0.33677043281249996 0.9781248156250001 0.34529443125000003 0.9790253 0.3562822375 0.979132884375 0.3582294109375 0.9645940218749999
0 0.30297230937499997 0.9018847171875001 0.294885459375 0.9094558765624999 0.2953226078125 0.917927521875 0.3113970171875 0.9269979218750001 0.31970244062500003 0.9236625859375 0.33174332500000003 0.9217750500000002 0.3371676875 0.922348084375 0.31755649375 0.904478590625 0.30297230937499997 0.9018847171875001
0 0.26164386875 0.9112101125000001 0.2669291453125 0.9128216375000001 0.2746782359375 0.9136402609375001 0.2816325171875 0.90278990625 0.2877324015625 0.886583378125 0.2756120265625 0.8831966015624999 0.2670880296875 0.8822961156249999 0.2583057609375 0.8950597265625 0.26164386875 0.9112101125000001
0 0.2288386359375 0.5928428203125 0.22844128281249998 0.607545403125 0.2297924234375 0.615060421875 0.2437407828125 0.616533940625 0.24972147968749997 0.612953015625 0.25363572031250003 0.5954624109375 0.240660946875 0.586719459375 0.23058713125 0.5856552500000001 0.2288386359375 0.5928428203125
0 0.21037990624999997 0.589839634375 0.20920764531249997 0.6044603546875 0.2131020859375 0.6164567828124999 0.2212088328125 0.6204727390625 0.228163115625 0.6096223828125 0.228639959375 0.6001941109375 0.225242259375 0.5903565265624999 0.218546246875 0.5875427859375 0.21037990624999997 0.589839634375
1 0 0.55 0 1 0.0630437375 1 0.0636648421875 0.9987732250000001 0.07570572656249999 0.9968856890625 0.0882433515625 0.9971569953125 0.0973037875 0.98231640625 0.11359667343749999 0.95454848125 0.125677253125 0.9347610281250001 0.1252202078125 0.9147022687499999 0.132969296875 0.9155208921875 0.1369431296875 0.8917174843750001 0.1477123640625 0.8875892421875001 0.1611043890625 0.8932167218749999 0.1846099265625 0.8820084984375001 0.1964719328125 0.857985221875 0.19277616718749999 0.8386375031250001 0.19065011874999999 0.8310406234375 0.1831593 0.8165579062500001 0.187709365625 0.800187653125 0.205452778125 0.7967961734375001 0.2036445921875 0.7692223953124999 0.1903320578125 0.7688692296875 0.19184208125 0.7458587234375 0.206426265625 0.748452596875 0.221586584375 0.717405478125 0.19291495625 0.7143765734375 0.18810652187500002 0.703336775 0.198955246875 0.704482846875 0.21171144531250002 0.7089899749999999 0.22037452656249998 0.7088519718749999 0.2218249578125 0.69215426875 0.22947465937499997 0.6761114640625 0.2381178421875 0.66438634375 0.24441640312500001 0.6408285234375 0.23503800625000001 0.6345718640625 0.22208312812500003 0.637416025 0.21169145 0.6563287140625 0.20779700937499998 0.6443322890625 0.20185600781250002 0.6300132953124999 0.20642597031249998 0.6252301578124999 0.20215397343750002 0.5984492828125 0.209187746875 0.5928732421875 0.2051343234375 0.570328190625 0.1938484515625 0.560710475 0.1928480703125 0.55 0 0.55
0 0.8291755015625 0.7707836296874999 0.8456671625000001 0.7767385578124999 0.8411368953124999 0.7636217796875 0.8194791437500001 0.7434297203125 0.7982784359374999 0.74329641875 0.7900326046874999 0.740318953125 0.7767200703125 0.739965784375 0.7737794156250001 0.7501869609374999 0.7796409265625 0.759231640625 0.7882444140625 0.7654064375 0.7882643109374999 0.776993553125 0.8025703296875001 0.78166440625 0.815227140625 0.7693101078125 0.8291755015625 0.7707836296874999
0 0.720529375 0.78984843125 0.71017739375 0.790861203125 0.7081507312499999 0.80012575 0.7789457046875 0.846572384375 0.720529375 0.78984843125
0 0.5019358687500001 1 0.503595175 0.9954719578125001 0.501965865625 0.9900339218750001 0.5005551328125 0.9888317078124998 0.49427637031250005 0.9829024953125 0.48555369531250003 0.9893533046874999 0.48352703281250003 0.9986178515624999 0.4841816984375 1 0.5019358687500001 1
1 0.41875 0.55 0.41875 0.9831516624999999 0.4279521671875 0.996959590625 0.438025984375 0.9980238 0.438403440625 0.9717341000000002 0.44327146875 0.9764610968749998 0.44364902187500005 0.9912455437500001 0.455676046875 1 0.466850275 1 0.47506262968749996 0.9914045640625 0.47377108124999995 0.97757674375 0.46401512812499995 0.9565356375 0.47669184062500003 0.955768453125 0.48569268125000004 0.9472406671875 0.49167337812500006 0.94365974375 0.498270003125 0.9296120562500001 0.51494044375 0.9166285796875 0.5178414015625 0.9243073203125001 0.493163603125 0.9501362703125 0.49473331875 0.961887109375 0.5141656328125 0.9576208640625001 0.5256302843749999 0.9483001734375 0.5355650171875 0.9504028734375 0.5411283640625 0.9088632703125 0.5470494671875 0.9115951499999999 0.5562291874999999 0.9252031031250001 0.5555536671875 0.9419826656250001 0.5742309703125 0.9492216750000001 0.5903450765625 0.9403921562499999 0.57713183125 0.9158262687500001 0.5789995125 0.8960130968750001 0.5840662156249999 0.8933888 0.5965442484375 0.899972909375 0.6013724828125 0.881525675 0.5889540421875 0.8686287640625 0.61096935625 0.8509440093749999 0.6144266484375 0.8544687906250001 0.628653175 0.8538653328125001 0.6345146875000001 0.8629100140624999 0.644151353125 0.8555025781250001 0.648681521875 0.8275452109374999 0.6576227703124999 0.8253302250000001 0.661755584375 0.812075440625 0.6769159046875 0.7810283218749999 0.67498853125 0.7660801515625 0.6819627109375 0.7668169109375 0.6845060109375 0.7712983203125 0.7010771625000001 0.7825275640625 0.7128994734375 0.7764042046874999 0.721185 0.7614817515625 0.7148068515625 0.738691115625 0.722178384375 0.7247252921875 0.7423856093750001 0.7205409078125 0.750094903125 0.6981853015625 0.7353517359375 0.685042803125 0.7311791265625001 0.6751233578125 0.7188997718750001 0.66118795625 0.729430534375 0.6412367765625 0.729112571875 0.620139528125 0.735073371875 0.6049714890625 0.7511874781250001 0.5961419718750001 0.74904153125 0.576957978125 0.7583205390625001 0.5663532124999999 0.75702899375 0.552525390625 0.7564479109375 0.55 0.41875 0.55