0 0.36377592187499996 0.11230334374999999 0.377012815625 0.106287396875 0.38109199843749997 0.10455643750000002 0.383803840625 0.09662265 0.3812327140625 0.0873396125 0.366669365625 0.0879333859375 0.35131110312499997 0.093253503125 0.351924415625 0.104963328125 0.36377592187499996 0.11230334374999999
0 0.2666428625 0.08888235 0.2741698609375 0.0932693953125 0.28379539062500003 0.078012825 0.27826709374999997 0.071979646875 0.27086275937500004 0.06993456718749999 0.26266350781250003 0.07261583125 0.26186859375 0.0773421734375 0.26227746875 0.08514872500000001 0.2666428625 0.08888235
0 0.1694604296875 0.1640359609375 0.1504499140625 0.1593347984375 0.1424959875 0.1666999921875 0.14294574843750002 0.1752872 0.14543510312500002 0.183008925 0.1558374921875 0.1825848015625 0.16399585625 0.1791228828125 0.1648316578125 0.1751771953125 0.1694604296875 0.1640359609375
1 0 0.51875 0.5 0.51875 0.5 0.2824616796875 0.484076746875 0.2795093421875 0.45923367031250006 0.2828692046875 0.43355479218750004 0.2901747546875 0.43249171875 0.26987772187500003 0.411891375 0.2746292453125 0.3796211265625 0.2556045828125 0.350921359375 0.2450398875 0.34157726093749996 0.225862809375 0.303556228125 0.21646048437499998 0.26478116875 0.21256515468749998 0.257885534375 0.200329146875 0.2379165546875 0.19723170625 0.2144817046875 0.20757505156249997 0.185232346875 0.20642063125000001 0.15953063437499998 0.1933867359375 0.134524009375 0.19362397656250002 0.1038483734375 0.2050448625 0.106192228125 0.1900851796875 0.0734541671875 0.1820321015625 0.053140034375 0.192248209375 0.031949212500000004 0.20562935000000002 0.028296957812500002 0.1956080703125 0.032353306250000005 0.173537665625 0.025294121875 0.1581790390625 0.001368621875 0.159154521875 0 0.15941781093750002 0 0.51875
0 0.9390566812500001 0.44184288125000004 0.94383095 0.45338305781250005 0.950276821875 0.45703185937499996 0.9574358328125001 0.4543930078125 0.9675928984375 0.449284953125 0.9681016015624999 0.43909402656249996 0.960492828125 0.433145671875 0.9542105062499999 0.43261949062499994 0.9479690703125 0.4328739640625 0.940769171875 0.4347321609375 0.9390566812500001 0.44184288125000004
0 0.8690096484375001 0.2389480953125 0.8609739484375 0.2447519796875 0.8592614578125 0.2518627 0.8615872609374999 0.2564618046875 0.8700318359375 0.2584644734375 0.8780675359375 0.2526605875 0.8775359984375001 0.242512071875 0.8690096484375001 0.2389480953125
0 0.8012209921875 0.1587858078125 0.800834953125 0.171318703125 0.801325603125 0.18068656249999998 0.8015709281250001 0.18537049375 0.815970725 0.1816541015625 0.8207630453125001 0.1736354875 0.824433353125 0.164097978125 0.824024478125 0.1562914265625 0.8186188453125001 0.1526002125 0.8071353265625 0.15228609375 0.8012209921875 0.1587858078125
0 0.7704274765625 0.2077629640625 0.7640814328125 0.1861166828125 0.761042490625 0.1878052296875 0.7552917062500001 0.197427565625 0.7460341625 0.21971003125 0.75089020625 0.23281151875 0.7715314390625 0.22884065156250002 0.778608675 0.224640490625 0.7704274765625 0.2077629640625
0 0.7547697328125 0.2670755171875 0.7670890531250001 0.26344395 0.770800246875 0.25468709375 0.7660668656249999 0.24392757187499997 0.755173825 0.2349838359375 0.738448225 0.23410112187499998 0.7340238906250001 0.24914563125 0.7375534828125 0.2568249453125 0.743245328125 0.26598074375 0.7547697328125 0.2670755171875
1 0.5 0.51875 1 0.51875 1 0.48556063906249997 0.9960701765625 0.4755051609375 0.9869942375 0.481351459375 0.977468534375 0.47861054843749995 0.9583353562500001 0.47156742031250004 0.95664091875 0.45911935000000004 0.9439945 0.456505678125 0.9351001609375 0.44591580468750003 0.9236575328125 0.44638234062500004 0.90713636875 0.4494029046875 0.9098482109375 0.441469115625 0.90523749375 0.43305155937500006 0.883678684375 0.4394068046875 0.8705416156249999 0.4274252703125 0.8604843765625001 0.4145358453125 0.8433499015624999 0.40584658124999995 0.8270921156250001 0.3939922859375 0.8050017703125001 0.3901990140625 0.7892346328125 0.3877125796875 0.788948421875 0.38224799374999996 0.7635738078125 0.3754593390625 0.7631240453125001 0.366872134375 0.755065509375 0.352336571875 0.7463756109374999 0.34564997656249996 0.7343605562500001 0.335187340625 0.7158406906250001 0.3398540375 0.7079276515625 0.3479998875 0.6944045437499999 0.348551246875 0.6833707875 0.356824334375 0.6686030031250001 0.35351483125 0.6651551859375 0.347396828125 0.6627067203125 0.34045575625 0.6438597546875 0.3388772140625 0.634947365625 0.34784613124999997 0.636437365625 0.3563909234375 0.628156340625 0.357510878125 0.6186715265625 0.355550625 0.614733059375 0.340064759375 0.593682953125 0.336229075 0.582690084375 0.3452828171875 0.5779158171875001 0.33374264062500003 0.55519410625 0.3377983328125 0.5301874796875 0.3380355734375 0.53002393125 0.334912953125 0.51384791875 0.32461996718749997 0.5018557 0.3344967765625 0.5 0.3463407984375 0.5 0.34954541093749997 0.5100368984375 0.3513743015625 0.5226424296875 0.35320731875 0.5186450234375 0.3564995890625 0.506734578125 0.3679377078125 0.5 0.36800160000000004 0.5 0.51875
1 0.028167545312499997 0.51875 0.0250072953125 0.5256775140625 0.035555184375 0.5479348015625 0.0301723859375 0.56458303125 0.0257252171875 0.5592880953125 0.013487671875000001 0.5644809734375 0.0088997890625 0.5764028625 0 0.5760252703125001 0 1 0.5 1 0.5 0.6307004625 0.4850526484375 0.6313098921875 0.4620038390625 0.62912034375 0.45490376875000005 0.6129810609375 0.43760574218750004 0.6011691765625 0.40553993281249995 0.586047790625 0.38620231718750003 0.5751013859375 0.36521593281250003 0.5923858015625 0.35860651093749996 0.5856143796875 0.3659062359375 0.5657587046875 0.342857428125 0.5635691546875 0.350688690625 0.55386199375 0.33738807187500003 0.5387578421875 0.3232516515625 0.5275993765625 0.29691857499999996 0.5224144421875 0.2804382984375 0.5262156625000001 0.2787666953125 0.5341070375 0.2673240640625 0.5345735734375 0.25180225312500004 0.53677106875 0.24239921406249998 0.536372125 0.23646204375000002 0.5225323937499999 0.215943475 0.5288452265625 0.21451719531250002 0.5414205328125 0.2022387625 0.54583275625 0.19375330156249998 0.5430494343750001 0.1932217640625 0.53290091875 0.1887337078125 0.5268253281249999 0.1719263328125 0.5243813046875 0.157771859375 0.5327816265624999 0.15867138281249998 0.5499560390625 0.15147148593749998 0.5518142359375 0.1487368078125 0.5394085796875 0.1477963953125 0.5214535125 0.10302522812499999 0.5224965874999999 0.0955231296875 0.51875 0.0739738078125 0.51875 0.0717771671875 0.5229883046875 0.0714729015625 0.5370825078125 0.0926047828125 0.5424795 0.09076962968749999 0.54724825625 0.07586113125 0.5611555781249999 0.061724709375 0.5499971125 0.05778624375 0.534511246875 0.05284382343750001 0.51875 0.028167545312499997 0.51875
0 1 0.91334344375 0.988788384375 0.9186506859375001 0.9891251046875 0.9250796109374999 1 0.926843084375 1 0.91334344375
0 0.9096354968749999 0.812352784375 0.90915446875 0.8031686078125 0.903922503125 0.7969392703125 0.8878205546875 0.793914259375 0.8843896359375 0.798656040625 0.87512828125 0.809157809375 0.89142264375 0.8158564921875 0.9096354968749999 0.812352784375
0 0.840829090625 0.7396870640625 0.8340153578124999 0.7500890421874999 0.8370402140625 0.761010259375 0.8445273890625 0.7634661312500001 0.8614683265625 0.7590939046875 0.8635311234374999 0.75164676875 0.8582510578125 0.7444990140625001 0.850619575 0.7392878875 0.840829090625 0.7396870640625
0 0.6491705703124999 0.5459383125 0.6385410984375 0.553734725 0.637990728125 0.566642471875 0.6504212453125 0.5698171750000001 0.659826909375 0.56207065625 0.6593939843750001 0.5538048984375 0.650250075 0.5431331625 0.6491705703124999 0.5459383125
0 0.638554884375 0.51875 0.6278366578125001 0.5366839640625 0.6177363171875 0.5545829734375001 0.6230644859375 0.562649146875 0.63383826875 0.5576079843749999 0.6417796046875 0.5453192765625 0.648302471875 0.51875 0.638554884375 0.51875
0 0.629595225 0.5936757625 0.6300974937499999 0.5798496 0.6168279875 0.5840721359375001 0.6076897046875 0.6203395 0.6201683250000001 0.6244326203125 0.629595225 0.5936757625
1 0.5 1 0.9378544234374999 1 0.9429626421874999 0.980343715625 0.9371534453125001 0.963093365625 0.927239890625 0.937726946875 0.92565249375 0.9074191593750001 0.9424491234375001 0.9002916796875 0.9393280624999999 0.887533625 0.9186194859375 0.89021870625 0.9082517640625 0.8795968703125 0.9227931843749999 0.8762428546875001 0.91708019375 0.8608293390625 0.8948591875 0.8580538125 0.8719647437500001 0.8424204359375 0.8686993734375001 0.826907128125 0.8602501421875001 0.8060829015625 0.824086190625 0.7946720609375 0.8237494703125 0.7882431375 0.8358645062499999 0.7619785734375 0.8071877296875 0.75302360625 0.820120515625 0.742372146875 0.7999623078125 0.7321494828125 0.7847743125 0.7465744093750001 0.7793499374999999 0.7366714015625 0.7737331515625 0.7230947234375 0.7450776125 0.6911294156250001 0.6644235484375 0.673249103125 0.7056426640625 0.6172661671874999 0.690812628125 0.6151096765624999 0.642656709375 0.6557289953125001 0.62734564375 0.6443883265625 0.6099236765625 0.6395763750000001 0.5983802484374999 0.6299228515624999 0.5823745015624999 0.6287346765625 0.5696341281249999 0.6430598078124999 0.5469589609375001 0.6550288609375 0.521162728125 0.6542398609375 0.5 0.658670675 0.5 1
0 0.76304995 0.68303361875 0.74978044375 0.6872561546875 0.75314201875 0.7046063 0.7727229906249999 0.7038079500000001 0.7782648109375 0.6925374515625 0.76304995 0.68303361875
0 0.9275865953124999 0.8272673312500001 0.9130451749999999 0.8306213453125 0.9160219296874998 0.84062415 0.9252620453125001 0.8531327187500001 0.935891515625 0.8453363046875 0.9352661781249999 0.833396875 0.9275865953124999 0.8272673312500001