0 0.025670074999999997 0.3808631609375 0.019499439062500002 0.374723478125 0.0100949640625 0.37415943125 0.0037686546875 0.3798079328125 0.00310471875 0.38846555625 0.010687371875 0.3969288703125 0.027448981249999997 0.391820128125 0.025670074999999997 0.3808631609375
0 0.167726790625 0.35080445625 0.16436588593749998 0.3555974515625 0.16073654531249998 0.36511058125 0.174235703125 0.37814829843750003 0.1786131265625 0.3796164265625 0.1911243765625 0.373822196875 0.19256500468749999 0.36357500468750004 0.189105646875 0.355014534375 0.17790795937499998 0.3497789328125 0.167726790625 0.35080445625
0 0.27747203125 0.42128264687500006 0.270270571875 0.4151672515625 0.2633089375 0.41690255 0.2555706109375 0.42022741718749995 0.2565871296875 0.42648854218750004 0.26185400468750003 0.43343515468750005 0.26699381718750004 0.439599125 0.2794907609375 0.4400903078125 0.283628359375 0.43370774218749997 0.27747203125 0.42128264687500006
0 0.07207480000000001 0.25878207343750004 0.072710121875 0.262695275 0.0779769984375 0.2696418859375 0.0919002671875 0.2661712890625 0.0971957546875 0.2605470765625 0.096433365625 0.255851234375 0.0933552015625 0.24963868437499998 0.08188908125 0.249123215625 0.0762123984375 0.2523995078125 0.07207480000000001 0.25878207343750004
0 0 0.1968703953125 0.0098458875 0.20054008906249998 0.0233879625 0.19472157031249998 0.024433090625 0.1884118703125 0.0203241015625 0.18222360937499998 0.009126415625 0.1769880078125 0 0.178293828125 0 0.1968703953125
0 0 0.10963848437499998 0.0012913187499999999 0.1096080578125 0.0112183578125 0.10701725312499999 0.010597340625 0.0968186390625 0.003522946875 0.091485884375 0 0.0898062390625 0 0.10963848437499998
1 0.45 0 0.085937921875 0 0.0860620265625 0.0007644109375 0.08176875312500001 0.0189351609375 0.0735078609375 0.025414878125000002 0.06382064531250001 0.0358563765625 0.061066453124999996 0.0571334 0.052282996875 0.06676796874999999 0.04375366875 0.07796781875 0.052084403125 0.0974123921875 0.066614384375 0.11042582187500001 0.05832488125 0.129476365625 0.0716540578125 0.1605876828125 0.0803659875 0.182380175 0.0827802171875 0.19725034531250002 0.084050865625 0.20507675 0.07771024843749999 0.21701066406249997 0.0861680484375 0.23723787812500002 0.1008394 0.24474853749999997 0.1103852453125 0.23980981093749998 0.11424010468750001 0.2444327890625 0.12323477499999999 0.2552197390625 0.129786603125 0.2637073453125 0.1403346609375 0.27131515624999997 0.1350391734375 0.27693936875 0.118800128125 0.2788932609375 0.1236572 0.2960627765625 0.1334428703125 0.2989747453125 0.161910425 0.302232165625 0.1710321578125 0.31380175625 0.1850824921875 0.3111138 0.194599725 0.3187459 0.194712484375 0.325813953125 0.1951921328125 0.341515340625 0.20044470312499998 0.35474736406249996 0.21641531249999998 0.357513603125 0.2104558921875 0.3717954390625 0.2184340421875 0.3763212640625 0.23645199374999998 0.38532433906249997 0.2356037734375 0.418340971875 0.25589626718749997 0.3903656359375 0.25883306250000004 0.40208095468750005 0.2675736015625 0.411302625 0.28146825937500003 0.420402853125 0.304767390625 0.43006712656249996 0.32137332500000004 0.43674656875 0.33734393281249997 0.4395128078125 0.3540912375 0.4406894765625 0.3690453296875 0.43719459218749995 0.379861821875 0.440082271875 0.3687339765625 0.46077096093750003 0.357591828125 0.4877450625 0.3647932859375 0.4938604578125 0.3976113375 0.45380547812499994 0.41166167031249995 0.451117521875 0.4325322671875 0.45219703906250003 0.43405704375000004 0.46158872500000003 0.43042770468749997 0.47110185156249995 0.43233367500000003 0.48284146093749997 0.44121558437499997 0.48656035781250007 0.45 0.4849805390625 0.45 0
0 0.508758053125 0.2215747328125 0.505303 0.2077920046875 0.5065493921875001 0.19297422343749998 0.47500149531249997 0.20111175937499998 0.48226106562500004 0.20833491718750002 0.49692969375 0.22370198437500002 0.508758053125 0.2215747328125
0 0.45 0.1106809140625 0.4520120328125 0.111998684375 0.45807570000000003 0.11185581093750001 0.4617139 0.11177008749999999 0.47447284375 0.10037815312500001 0.47282847656250004 0.0902498625 0.463442415625 0.0849253625 0.45 0.088803434375 0.45 0.1106809140625
0 0.5423057265625 0.0008066421875 0.5300120749999999 0.007566234375 0.529812096875 0.028829290624999997 0.5386002078125001 0.030470776562500003 0.5533024953125001 0.0310486390625 0.5649813671875 0.028000634375 0.5686363953125 0.0205203078125 0.5597324578125 0.0031688609375000003 0.5423057265625 0.0008066421875
0 1 0.25667898125 0.991807075 0.2425428046875 0.98027769375 0.24651156406250002 0.977386934375 0.2512010546875 0.9753931031249999 0.2614150671875 0.9825031843750001 0.2677174703125 0.9938662484375002 0.2702225625 1 0.26641651718750003 1 0.25667898125
0 0.874022453125 0.2443937671875 0.88264424375 0.2525091015625 0.8965990906249999 0.248483196875 0.8979949734375001 0.23458616718749997 0.8949715546875 0.230960303125 0.8828442234375 0.231246046875 0.8770795312499999 0.23323042656249998 0.8744877453125 0.2397614234375 0.873573990625 0.2416315046875 0.874022453125 0.2443937671875
0 0.590613103125 0.088398903125 0.5960788171875 0.084573015625 0.6010960671875 0.0779848703125 0.6047510984375 0.07050454375000001 0.6044521234375 0.0686630359375 0.5891518828125 0.0644021625 0.5745990843750001 0.0647450546875 0.5727547390625001 0.07587981875000001 0.575163375 0.08321727500000001 0.583486190625 0.089491103125 0.590613103125 0.088398903125
0 0.8119245640624999 0.2218257421875 0.8176724249999999 0.2272359671875 0.8267763406249999 0.2233243578125 0.8292354671875 0.2084780015625 0.8207631640624999 0.20128342031250002 0.8036185796875 0.20815731093749998 0.8119245640624999 0.2218257421875
0 0.10475313125 0.8965361375 0.07251318125 0.96564596875 0.1129711046875 0.9089126546875 0.1226726265625 0.8921857453125 0.12229143281249999 0.8898378234375001 0.11740575 0.8852391328125 0.1119975046875 0.8837952937499999 0.1064478890625 0.8878542265625 0.10475313125 0.8965361375
0 0.21185862187499999 0.93800805 0.2086533921875 0.9310128625 0.2009293703125 0.9280523171875 0.189321878125 0.93303961875 0.18312263125 0.9394707609375 0.1856639265625 0.955123571875 0.1880924640625 0.9637083296875 0.2052495703125 0.9546620953125 0.21185862187499999 0.93800805
0 0.1826572890625 0.9174839609374998 0.173634009375 0.919267834375 0.171049796875 0.9224712625 0.17476328593749998 0.9325970125000002 0.1778414515625 0.9388095609375 0.190860959375 0.93614589375 0.1974414 0.9320626718749999 0.19745570625 0.9257772593750001 0.1917933296875 0.9227681390625001 0.1826572890625 0.9174839609374998
0 0.186526453125 0.9158215265624999 0.1997857875 0.9210085515624999 0.210235390625 0.9152628968750001 0.20523695000000003 0.9035961546875001 0.20009713750000002 0.8974321828124999 0.1909467921875 0.8984334171875 0.18306709375000002 0.90726105625 0.186526453125 0.9158215265624999
1 0.45 0.5 0 0.5 0 0.7217109265625 0.00078639375 0.7214324125 0.0056577703125 0.7323165171875 0 0.7358946671875 0 0.7408327546875 0.019792251562499998 0.7492674375 0.030270465625 0.7309509593750001 0.05290566249999999 0.74927285625 0.05508007031249999 0.7562923328125001 0.049770278125 0.768201959375 0.053088265625 0.7822652 0.0725468453125 0.7810210828124999 0.08298214375 0.7815608421875 0.0865685671875 0.7909039531250001 0.13524278437499998 0.8038985125 0.147358534375 0.802041771875 0.15905017500000002 0.8166933484375001 0.1444772765625 0.82253615625 0.15231405781250001 0.832564753125 0.14908022031249998 0.8381403890625 0.165290653125 0.8487573234375001 0.1908214125 0.8402994234375001 0.2091077984375 0.8445823671875001 0.22002274531250002 0.8608235125 0.2327738203125 0.862879975 0.240667825 0.8477669234375 0.253037703125 0.8474754640625001 0.26142566093749997 0.8417783875 0.264800871875 0.8306999796875001 0.28732330781250004 0.841953821875 0.31042553281249996 0.8249111656250001 0.3240660625 0.8324461124999999 0.3254494671875 0.8473405703125 0.3317614734375 0.8479774828125001 0.35586591093750003 0.8434813625 0.361782415625 0.8480557640624999 0.39438756875 0.84493061875 0.411925871875 0.8382323078125001 0.42070932812499995 0.8285977390625 0.43333333906249993 0.8298715624999999 0.45 0.8236638953125001 0.45 0.5
1 1 0.5 0.45 0.5 0.45 0.606031853125 0.45879628281249996 0.6176334859375 0.45823080000000005 0.6396445734375 0.4782817875 0.6611698968749999 0.48018775937499997 0.67290950625 0.4805260359375 0.694113665625 0.47883127812500004 0.702795575 0.4815139421875 0.7129456140625 0.49103117812499997 0.7205777140625 0.5002942828125 0.7266445328125 0.49228751875 0.7346895328125 0.4842664515625 0.7490199437499999 0.475991253125 0.761785075 0.484463359375 0.7757268749999999 0.5159106234374999 0.771843378125 0.527630875 0.7739241296875 0.54192103125 0.7790868671875 0.5562111890625 0.7842496046875 0.5715321687499999 0.7893880515625 0.5862035203125 0.7968987109375 0.5908064609375 0.8125029453125 0.5750613703124999 0.8238728109375 0.5798056828125 0.8339742749999999 0.5971883109375 0.8390641468750001 0.6204175984375 0.8228041312500001 0.630852896875 0.8233438890624999 0.6385626140625 0.8325898453124999 0.6582753234375 0.8329110109375 0.6728196093750001 0.8396390281249999 0.6674955109375 0.8578340671875001 0.6900322546875 0.8628024984374999 0.7249102687500001 0.8800502953125001 0.759534153125 0.8957328125 0.7927746296875 0.8965208703125 0.8020091234375 0.9151585156250001 0.810100034375 0.92675239375 0.8230909328125 0.9366595499999999 0.8448795953125 0.9306467265624999 0.8689983359374999 0.91986519375 0.90209744375 0.9261560234375 0.9175741000000001 0.9195062890625 0.91476436875 0.9085736093750001 0.9326695609375001 0.9105086312499999 0.9318785625 0.9183836124999999 0.938303325 0.9260885765625 0.9633115218749999 0.9207855281249999 0.9666438156249999 0.92856335625 0.9841535078125 0.9344358703125 0.9991076 0.9309409843750001 1 0.9307894156250001 1 0.5