0 0.21041984062500002 0 0.2073238625 0.0160451234375 0.216865359375 0.0215298578125 0.2251688359375 0.01214370625 0.22731597187500002 0 0.21041984062500002 0
0 0.1970628640625 0.1018406390625 0.191881778125 0.1053449390625 0.1937846078125 0.11505369843749999 0.20498591249999998 0.1260132578125 0.21098767187499998 0.110015621875 0.2070261484375 0.0979293140625 0.1970628640625 0.1018406390625
0 0.2610566890625 0.19867497812499998 0.254504621875 0.18834081875 0.2473978046875 0.18843514374999998 0.2397362375 0.198957953125 0.239823396875 0.21052309687499998 0.2447156578125 0.2153824296875 0.25428005468750003 0.214568378125 0.257645471875 0.21292046406249998 0.2610566890625 0.19867497812499998
0 0.38851625156249997 0.182210475 0.39781472500000004 0.183461275 0.40523326875 0.1687045328125 0.400496871875 0.156513990625 0.3896715546875 0.148755940625 0.37899765625000004 0.1704269578125 0.38851625156249997 0.182210475
0 0.185637675 0.2946112453125 0.1807912171875 0.27715434375000003 0.1722676171875 0.27600777656250003 0.16243729375 0.2788866765625 0.159535025 0.2953012453125 0.16079594531250002 0.3038733453125 0.1762934015625 0.3059580125 0.185637675 0.2946112453125
0 0.009682425 0.3938286796875 0.013643948437500001 0.4059149890625 0.010764579687500001 0.41603077187500004 0.021346875 0.4195548890625 0.0297833140625 0.4091363140625 0.0216815015625 0.39859368906250003 0.0144003640625 0.375557728125 0.009682425 0.3938286796875
1 0.4796875 0.46875 0.4796875 0.20071343281249998 0.46772759375 0.215972559375 0.4581402953125 0.22308539375 0.434119240625 0.2198541609375 0.4090573875 0.21858354375000003 0.379612221875 0.21462267812500002 0.356210175 0.21882688749999998 0.3369484171875 0.2214874125 0.313436309375 0.2204252625 0.3027210546875 0.217933571875 0.2900387078125 0.18786919375 0.29508238750000004 0.22215759687499997 0.2942388125 0.24094971406250001 0.28212967187500004 0.230918346875 0.283344790625 0.252088015625 0.2678702359375 0.24370456406250002 0.262932175 0.2514428 0.25181803125 0.2520483828125 0.2460408375 0.24181845625 0.227022103125 0.248712915625 0.21880578437499998 0.269664209375 0.222900271875 0.28071809375 0.23434459843750002 0.2959115859375 0.2204840484375 0.305600528125 0.198608846875 0.3163119875 0.172483296875 0.323300771875 0.15355616562500002 0.305000096875 0.13883358437499999 0.3030196625 0.1344960734375 0.2877318453125 0.117847759375 0.2823414375 0.0791270234375 0.2708309875 0.1122448859375 0.2952417953125 0.12091990625 0.3258174296875 0.11456505937499999 0.3323147734375 0.11606900312499999 0.3451208078125 0.14168560624999998 0.335962940625 0.138650375 0.3534099328125 0.125518896875 0.3758006765625 0.10667448125000001 0.4058254203125 0.10100290468749999 0.43762213125000005 0.0970827390625 0.44969853281249994 0.097678846875 0.46343275781250004 0.0832221890625 0.4593874734375 0.06363024843750001 0.446248921875 0.0536440625 0.456459034375 0.0586041890625 0.46875 0.4796875 0.46875
1 1 0 0.4796875 0 0.4796875 0.46875 0.99445926875 0.46875 0.9943919140624999 0.466601340625 1 0.45731119531250003 1 0
0 0.275590040625 0.58056531875 0.269679884375 0.57136781875 0.26607144531250004 0.5687818 0.2598724625 0.567947934375 0.24940022968750003 0.5696901750000001 0.2474057953125 0.5851765531249999 0.253050028125 0.596438903125 0.26467311875 0.598002403125 0.2715369125 0.5936741453125001 0.275590040625 0.58056531875
0 0.2077269765625 0.6239521375 0.202545890625 0.6274564390624999 0.19811677656249999 0.63736375625 0.19846986093750002 0.64686405 0.2016794140625 0.6525473421875 0.214077378125 0.654215075 0.2195243890625 0.6486459234375 0.22266968281250002 0.6364652890625 0.21908414375000002 0.627580490625 0.21780032187499998 0.6253071718750001 0.2077269765625 0.6239521375
0 0.3197851328125 0.5434475578125 0.320514203125 0.5561493578125 0.32270586093750003 0.5574944828125 0.33408592656249997 0.5548240484375 0.33915695156250003 0.546053390625 0.33647925 0.5362403984374999 0.32873052187499996 0.535198065625 0.3219996890625 0.5384938984375001 0.3197851328125 0.5434475578125
0 0.34945486406250004 0.5211808640625 0.3506057234375 0.5244866046875 0.35388085625 0.5309465921875 0.3673869984375 0.5288445890625 0.3706652546875 0.5156315296875 0.3698032203125 0.503962153125 0.3638701640625 0.5010634375 0.3561214359375 0.500021103125 0.35054146249999996 0.5066226781250001 0.34945486406250004 0.5211808640625
0 0.09642523750000001 0.6740994625 0.0941877796875 0.685351903125 0.098305165625 0.6901070031250001 0.1034633515625 0.6929014875 0.1084885734375 0.696728396875 0.11924963125000002 0.6866225203124999 0.11606297968749998 0.67464044375 0.11039584843750001 0.6696768765625001 0.1003225015625 0.6683218453124999 0.09642523750000001 0.6740994625
0 0.07923618593750001 0.7463593078125 0.077003171875 0.720851471875 0.061881703125 0.721968315625 0.05435309687499999 0.7314586999999999 0.059974428125 0.7490198328125001 0.0705338203125 0.758842734375 0.077131690625 0.756579325 0.07923618593750001 0.7463593078125
0 0.0773753953125 0.9383158625 0.07347813125 0.9440934796875 0.071772521875 0.9512162234375001 0.0780586640625 0.96361523125 0.087201275 0.972197240625 0.0978293703125 0.963123790625 0.098008134375 0.9494937968750001 0.0913231046875 0.9401920624999999 0.0847481375 0.9361566875000001 0.0773753953125 0.9383158625
1 0.4796875 1 0.4796875 0.51458306875 0.4795921296875 0.514529353125 0.4766714046875 0.5004824265625001 0.4746585109375 0.485507309375 0.46327844375 0.48817774218750004 0.44857431875 0.5166588046875 0.44365915781250004 0.518098253125 0.4224716671875 0.517348803125 0.409784878125 0.5240447046875 0.3917611390625 0.5415761140625001 0.3821324828125 0.5245262375 0.3753329484375 0.5467184234375 0.3678501453125 0.5436112390625001 0.354677309375 0.5418392734374999 0.3477448109375 0.5650638828125001 0.336011659375 0.558234025 0.32914786406249996 0.5625622828125 0.3153973765625 0.577517584375 0.3154845375 0.5890827265625 0.3147739234375 0.6068424203125 0.29695185 0.604445053125 0.27549843749999997 0.605760453125 0.26232559843750003 0.6039884875 0.241404034375 0.6011741875000001 0.22967088125 0.5943443296875 0.21111973750000002 0.5792451609375 0.1898221875 0.573229353125 0.19172501718749999 0.5829381125 0.2052280390625 0.6005091546875 0.2170483515625 0.6189041546875 0.22798372968749997 0.6319285640625 0.2183735296875 0.64534018125 0.2064158109375 0.664737884375 0.1909368125 0.6931147125 0.186173071875 0.7239832296875 0.184687584375 0.7416386890625001 0.1797724234375 0.7430781390625001 0.1747472015625 0.7392512296875 0.165205703125 0.7337664984375 0.1610654171875 0.73531018125 0.1455450609375 0.7395242984375 0.12787885000000002 0.729795721875 0.12590731718749998 0.7389833140625 0.133986228125 0.755824725 0.141689153125 0.769464625 0.1426841484375 0.7801015765624999 0.158580490625 0.77908896875 0.14985522499999998 0.7978711781250001 0.144985865625 0.7867130609374999 0.129112425 0.781426884375 0.1248849765625 0.7714054265625 0.116118353125 0.766024925 0.0955956734375 0.7601133499999999 0.0778836609375 0.7629823421874999 0.073697571875 0.7771235937500001 0.106728275 0.7899692609375 0.12488053125000001 0.808165703125 0.134023140625 0.8167477125 0.13490807656249998 0.822118303125 0.1314968578125 0.8363637890625 0.132358890625 0.848033165625 0.1416344625 0.8555827484374999 0.143624453125 0.87685665 0.142670815625 0.890382409375 0.136448934375 0.8958473265624999 0.12819125781250001 0.8926359093750001 0.1249130015625 0.90584896875 0.12251968124999998 0.9244326203125001 0.1216532046875 0.949523521875 0.12614657812500002 0.95748013125 0.1262337375 0.9690452734375 0.13105729531250002 0.992800959375 0.13880602343749998 0.993843290625 0.1369835140625 1 0.4796875 1
0 0.5867762796875 0.46875 0.595355134375 0.4766752890625 0.60518545625 0.4737963890625 0.6058353625 0.46875 0.5867762796875 0.46875
0 0.9110400750000001 0.5044358390625 0.9029153624999999 0.500191996875 0.8954325593749999 0.4970848140625 0.8877480906249999 0.5139064062500001 0.8946761421874999 0.5274420734375 0.90306678125 0.529621065625 0.9120121703125001 0.5213715734375001 0.914116665625 0.51115155625 0.9110400750000001 0.5044358390625
0 0.8643874031250001 0.5422733234375 0.8581426171875 0.5540370265625001 0.8622371046874999 0.5650909109375 0.868303125 0.5669572015625001 0.8787982578125 0.558916175 0.876895428125 0.5492074171875 0.8713612562499999 0.5432114234375 0.8643874031250001 0.5422733234375
1 0.4796875 1 1 1 1 0.66705281875 0.9856989109375001 0.6531197140625 0.9590001515625 0.6400754890625 0.927299071875 0.6169055703125 0.9206369421874999 0.601305053125 0.8954650296875 0.594768078125 0.8761390109375 0.579564678125 0.8447681156249999 0.5721938359375 0.8273449296875001 0.56669919375 0.822672790625 0.572372578125 0.8015082031249999 0.5653243437500001 0.7781748609375001 0.5506322015625 0.7559465734374999 0.55184336875 0.7414670156250001 0.5540968687500001 0.725813696875 0.5593434109375 0.707281009375 0.5747057375 0.6918064546875 0.5663222859375 0.6804263875000001 0.5689927203125 0.6706876687500001 0.5466764859375 0.6522007828125 0.54944124375 0.6403715828125 0.6045668 0.62633226875 0.627885734375 0.616923734375 0.621368575 0.6181203953125001 0.6120767484374999 0.6086017984375001 0.6002932328125 0.593590390625 0.6066764328125 0.592590953125 0.6327997609375 0.5908395421875 0.65252006875 0.60666718125 0.6704038125 0.5881802953124999 0.673168571875 0.5866719078125 0.6971228140625 0.57385215625 0.704851140625 0.564021834375 0.707730040625 0.5532378734375001 0.7241347 0.537735975 0.7588103109375 0.52115191875 0.7712838296875001 0.5039030546875 0.788919471875 0.4935637828125 0.789629290625 0.4796875 0.787762696875 0.4796875 1
0 0.5605183312500001 0.5696680546875 0.5595417921875 0.5894925984375 0.568042490625 0.59693795 0.5831868625000001 0.5895223234375 0.5858003046875 0.5814713890625 0.5804219984375 0.5681441890625 0.5676480484375 0.563274946875 0.5605183312500001 0.5696680546875