0 0.1960233421875 0 0.193853903125 0.0057574953125 0.19169612187500001 0.0209677609375 0.19504527968750002 0.0296417984375 0.21054556249999998 0.020117770312499998 0.2095487953125 0.0044982046875 0.2105932125 0 0.1960233421875 0
0 0.2043361546875 0.13038032500000002 0.20703884218750002 0.13831133906249998 0.21285715781249998 0.1449987515625 0.22085271093749997 0.13730233281249998 0.2231272109375 0.127050959375 0.219797515625 0.119203375 0.21468410312500003 0.11573845 0.2043361546875 0.13038032500000002
0 0.1596926609375 0.18440622499999998 0.151813871875 0.19706147031250001 0.148402075 0.212438571875 0.158590028125 0.2177154640625 0.1641942703125 0.21531163125 0.17028929375 0.2070390828125 0.170036303125 0.19629493125 0.16611852031250002 0.1901837015625 0.1596926609375 0.18440622499999998
0 0.2041316359375 0.098651584375 0.1976810671875 0.0881545625 0.192392459375 0.077251384375 0.1863363578125 0.08717690312500001 0.1816315765625 0.10106793124999999 0.1849807328125 0.109741975 0.19313197499999998 0.1086573734375 0.2041316359375 0.098651584375
0 0.12267491718750001 0.21503277031249998 0.12994611250000002 0.20328741875 0.1353168234375 0.19096592968749998 0.140765378125 0.18195031718750002 0.1467694203125 0.16637380625 0.1360453921875 0.168484278125 0.12753964375 0.181222946875 0.122679175 0.18850217656249998 0.11352690781250001 0.20049778906250001 0.11078104062500001 0.21744441406249998 0.113386425 0.22124305781250003 0.12267491718750001 0.21503277031249998
0 0.032509754687499996 0.17894443124999998 0.0241444421875 0.1709378359375 0.0141899734375 0.1755786546875 0.014404043750000001 0.1846698359375 0.0209466671875 0.1954061734375 0.02549145625 0.2014339421875 0.0341529890625 0.1953070453125 0.03523185625 0.187701940625 0.032509754687499996 0.17894443124999998
0 0.2269999390625 0.291519171875 0.217672525 0.296076540625 0.2174736578125 0.3143423953125 0.2277005328125 0.32127224062500004 0.2387922515625 0.31150574999999997 0.23922465 0.3031575828125 0.23901057812499998 0.29406635625 0.23325065 0.289858403125 0.2269999390625 0.291519171875
0 0.3167801859375 0.28454744062500004 0.316596825 0.30125288437500003 0.324086046875 0.3009856359375 0.3333161546875 0.2922959015625 0.32930106875 0.282052334375 0.3395711234375 0.26410454375 0.33126424062500004 0.2585773546875 0.32146550625 0.2698299328125 0.3167801859375 0.28454744062500004
0 0.26855395625 0.3199816125 0.287364475 0.317478690625 0.2947914046875 0.3123451515625 0.294421646875 0.296642140625 0.2905038640625 0.29053094062499996 0.2779245984375 0.2905466015625 0.275061965625 0.302534396875 0.26894748125 0.30998048749999996 0.26855395625 0.3199816125
0 0.25528504218750003 0.34413185 0.2625756984375 0.333213025 0.2689864046875 0.3116334421875 0.2626773078125 0.31081479375 0.2546233703125 0.3160317640625 0.24711864375 0.317859390625 0.2342626203125 0.3328350390625 0.2326540484375 0.3446559390625 0.2403339234375 0.3502665546875 0.25528504218750003 0.34413185
0 0.27342963125 0.34005943437499997 0.2694273078125 0.3344659734375 0.26092820625 0.343380971875 0.2580266515625 0.35371581406249997 0.25824072343750004 0.36280704375 0.2639228078125 0.36370908750000003 0.26893891718749996 0.3630416453125 0.27752255937500003 0.3536088765625 0.27664255937500004 0.3429481578125 0.27342963125 0.34005943437499997
0 0.4038083859375 0.4545322921875 0.41342771562499997 0.4623720265625 0.42338218593750004 0.4577312875 0.42881123125 0.44788915625000003 0.42971499843750005 0.43284580312500004 0.4190167546875 0.43261114375 0.4078417265625 0.4372638734375 0.4038083859375 0.4545322921875
0 0.34708288125000003 0.4608888453125 0.33879324375 0.4714738140625 0.335323015625 0.484371509375 0.3436104859375 0.489072259375 0.3542308375 0.48600095468750004 0.35719077499999996 0.47814552812500005 0.359465321875 0.46789414375 0.35493999375 0.46269286718749997 0.34708288125000003 0.4608888453125
0 0.316847640625 0.4743938890625 0.32215566406249996 0.486123553125 0.33085606875 0.48164961406250006 0.338773784375 0.47064735312500006 0.3373056484375 0.461723021875 0.32913499218750003 0.4619811578125 0.3203567421875 0.4631491890625 0.316847640625 0.4743938890625
0 0.3433121984375 0.6890625 0.3438026703125 0.6842157953125 0.3378286703125 0.6709166453125001 0.3245056296875 0.666056875 0.31402145625 0.6749134765625 0.31544243125000004 0.6890625 0.3433121984375 0.6890625
1 0 0.6890625 0.3046804328125 0.6890625 0.30560179062500004 0.664596571875 0.31798645 0.6563161765625 0.3187344796875 0.634660984375 0.3130913125 0.6354118609375 0.313956159375 0.6187155234375 0.30321899375 0.6168279734375 0.30159522031249997 0.6012918218750001 0.3101204796875 0.5893796390625 0.317352753125 0.5759813703125001 0.321333175 0.5580413937500001 0.3130110875 0.5251571546875 0.32228011875 0.518120371875 0.33356644687500003 0.5166186171875 0.33445070625 0.5007487937499999 0.32000982968749997 0.5018411953124999 0.31248564375 0.5028423609375 0.308451096875 0.4917723453125 0.30943265625 0.4800348296875 0.294384234375 0.4820371671875 0.2864276484375 0.49138649843750004 0.2761618515625 0.4828037 0.2760061640625 0.47619191718750004 0.27710449062500003 0.4694132765625 0.2851195078125 0.46254335312499995 0.281595203125 0.44643103437500004 0.27332719375000003 0.44255678906249996 0.272174740625 0.420325425 0.2698186421875 0.4004021015625 0.25635937656249996 0.389757040625 0.254128009375 0.375130815625 0.242394128125 0.357623678125 0.2263294765625 0.3431799734375 0.21175237343750003 0.3384870671875 0.1949007703125 0.344045603125 0.1920229359375 0.328676315625 0.1788361234375 0.3296018984375 0.1733139796875 0.30878104375 0.1897764109375 0.2866930328125 0.19250281875 0.26891996093750004 0.1753397921875 0.2612548734375 0.160271909375 0.26243075 0.16510865937500002 0.28085565 0.153725028125 0.2782250375 0.144261384375 0.2769970515625 0.1427154546875 0.26476680625000004 0.132663728125 0.2652752171875 0.132843134375 0.2461828875 0.12038063437499999 0.25115740937500003 0.11493207812499999 0.2601730203125 0.109113765625 0.253485625 0.098653359375 0.2366381046875 0.0867205609375 0.23739684374999998 0.0649544125 0.22122456562499998 0.052511373437499995 0.22702554687499998 0.037307215625 0.22241609218749997 0.0276295015625 0.212096925 0.005644978125 0.213364046875 0 0.21482813437499998 0 0.6890625
0 0.6176610296875 0 0.618316240625 0.0039825 0.6254905640625 0.008208028124999999 0.6325432890625 0.00726959375 0.6330551343749999 0 0.6176610296875 0
0 0.6367748171875001 0.1869754203125 0.6435843515624999 0.175709065625 0.643219565625 0.16021718437500002 0.6329593359375 0.158474321875 0.626690246875 0.1593084859375 0.6228207015625 0.16189542343750002 0.6159625281250001 0.17109619375000001 0.6186295859375 0.1842096796875 0.625020271875 0.1885394765625 0.6367748171875001 0.1869754203125
0 0.6688984812500001 0.21585395312500003 0.6673798468750001 0.21812807812499999 0.6628725828124999 0.22701603750000002 0.664731684375 0.2392010015625 0.6695794171875 0.24477213281250002 0.6821175984375 0.24310380625 0.6859141828124999 0.23741849531249998 0.6872625828125 0.227914825 0.6838848468750001 0.218003984375 0.679085753125 0.2144984375 0.6688984812500001 0.21585395312500003
0 0.560329775 0.1453457734375 0.571397959375 0.14801715625 0.57372455 0.146671553125 0.5757836281250001 0.1339652359375 0.5740947609375 0.129009815625 0.5677283937500001 0.1257128109375 0.55989203125 0.12675551406250002 0.556192721875 0.1365719953125 0.560329775 0.1453457734375
0 0.5296875 0.1182423390625 0.529846340625 0.11935707499999999 0.543094265625 0.121459828125 0.5470377015625 0.11499754375 0.5485320171875 0.11169062656249999 0.5489751859374999 0.0971272671875 0.544103134375 0.09052334375 0.5362667703125 0.0915660484375 0.53004631875 0.09446579375 0.5296875 0.0964762953125 0.5296875 0.1182423390625
0 0.7651776218749999 0.26520476249999997 0.7607433140625 0.2771910984375 0.7704144609375 0.2873005671875 0.7758269562500001 0.283472296875 0.7812637734375001 0.280676821875 0.7858683140625 0.27592003125 0.78481716875 0.2646635890625 0.7815367078125 0.25888391718750003 0.7713494359374999 0.26023943125 0.7651776218749999 0.26520476249999997
0 0.7943801890625 0.33694912499999996 0.7954070156249999 0.347172775 0.8017490640625 0.3494369890625 0.8133090562499999 0.33961059531250004 0.8207563125 0.3220432171875 0.81424403125 0.312549459375 0.7992819828125001 0.3114322203125 0.7943801890625 0.33694912499999996
0 0.9601274046875 0.2651655109375 0.968650128125 0.259887365625 0.9724223953125 0.2531692625 0.9746030703125002 0.24562690625 0.9705389734375001 0.23995150625 0.9509237468750001 0.2415254734375 0.9377964828125 0.25156040625 0.9173733000000001 0.252205853125 0.9309139890625 0.25972838593750003 0.9202105921874999 0.2725488828125 0.9428630859375 0.266426665625 0.95150740625 0.266312484375 0.9601274046875 0.2651655109375
0 0.7543578703125 0.540155828125 0.7531067453125 0.5537906671874999 0.7627535734374999 0.5628673453124999 0.7727706109375 0.5542822843749999 0.7803394640625 0.5418788671875 0.77938559375 0.5347535921875 0.7761051343750001 0.528973921875 0.76897945 0.5268139796875 0.7619996796875 0.5308507890625 0.7543578703125 0.540155828125
0 0.7587947984375 0.6618167578125 0.7689820703125 0.66046124375 0.7743702484374999 0.6556001796875 0.78191478125 0.642163971875 0.7784884078125 0.6301875484374999 0.7690361328125 0.629373209375 0.7650936328125 0.62886176875 0.7580409046875 0.6298002015625 0.7542686375000001 0.6365183062499999 0.7490506953125 0.6486089140625 0.75242843125 0.6585197515625001 0.7587947984375 0.6618167578125
1 0.5296875 0.6890625 0.69152723125 0.6890625 0.6940691328125 0.6838974984374999 0.729775934375 0.66464196875 0.7312216125 0.65926946875 0.7187077515625 0.6619705875 0.7140059328125 0.662596209375 0.7045536578125 0.66178186875 0.7049238703125 0.6441201328124999 0.7022324937500001 0.62997385625 0.7004463484375 0.6208872671875 0.7117145109375 0.5986673687499999 0.709023134375 0.584521090625 0.7168594984375 0.5834783859375 0.724160840625 0.5597142546875 0.7254606031249999 0.5481450031249999 0.7307758234375 0.5401855640625 0.7325430734375 0.5150857421875 0.7321053296875 0.496495484375 0.7302219078125 0.48327772812500003 0.7216505468750001 0.4864902875 0.716019178125 0.48102342656249997 0.716486665625 0.4674928578125 0.7207021015625 0.44621139374999996 0.7307434578125 0.43865912656250006 0.7328268578125 0.426985603125 0.7309191171875 0.4127350515625 0.7323647953125001 0.4073625515625 0.74238183125 0.39877749218749997 0.7623915890624999 0.3805745796875 0.7966770343749999 0.367724346875 0.7939856578125 0.35357806875 0.7766240625 0.3507080546875 0.7555388390625 0.35662173125 0.7462324812500001 0.36200414687500004 0.7409658984374999 0.37202916875 0.7245824937500001 0.377317221875 0.7185565953124999 0.38847930625 0.711825440625 0.3696904203125 0.7275711250000001 0.3707033875 0.7296788421875 0.3600626546875 0.7387906484375 0.3464179046875 0.748613134375 0.3295705078125 0.747610625 0.32037965 0.7289735875 0.330111684375 0.7139385828125 0.32589606875 0.7099717640625001 0.32435183749999996 0.6998817671875 0.3298385203125 0.6944692703124999 0.33366678906249997 0.6897188140624999 0.332226828125 0.690089025 0.3145650921875 0.688575815625 0.2836855984375 0.6761160171875 0.25529868125 0.6662259984375 0.2358940859375 0.6580491687500001 0.2224777 0.6703198390624999 0.209448659375 0.6840361875000001 0.19104712031249999 0.6993441265625 0.1734698296875 0.7022598 0.16375762031250002 0.6803909390625 0.169775565625 0.660308225 0.1848801015625 0.6478916390625 0.19171238906250002 0.626733459375 0.1945276890625 0.6134116421875 0.19630028593749999 0.5921561843750001 0.19498441718749998 0.5741325500000001 0.1973826359375 0.5752863984375 0.1796166296875 0.5765861609375 0.1680473765625 0.564442509375 0.15308675624999998 0.5580518234375 0.1487569609375 0.5456352375 0.155589246875 0.5411577171874999 0.13235638125 0.5296875 0.1338826046875 0.5296875 0.6890625
0 0.3870233265625 0.6890625 0.3834175390625 0.69651940625 0.3867466375 0.7043646625 0.39539095625 0.7042504796875 0.4055782265625 0.7028949640625 0.4095775234375 0.6890625 0.3870233265625 0.6890625
0 0.42435575468750003 0.7325133 0.42920348906249994 0.7380844328125 0.43495645156249996 0.7487152515625 0.44298736875 0.755934884375 0.44994281875000003 0.750865284375 0.45207485625 0.7412573421875 0.45026439218750003 0.7311379625 0.44473029999999997 0.7298022703125 0.43686961875 0.7298121828124999 0.42435575468750003 0.7325133
1 0 0.6890625 0 1 0.479451734375 1 0.48070985468750005 0.9892019859375001 0.48561164999999995 0.9636850812500001 0.5072616375 0.9483720046874999 0.5012168421875 0.9253476796874999 0.5080263781250001 0.9140813250000001 0.5212509203125 0.9081775593750001 0.5296875 0.899462025 0.5296875 0.8705800671875 0.5141792984375 0.8749295828125 0.50524315 0.8626502609375001 0.5196458578125001 0.8400132796875 0.5239585703125 0.8228629859375 0.500716990625 0.8373518093750001 0.467142225 0.8469993953125 0.46008949687499995 0.8479378296875 0.4575683546875 0.841021096875 0.455811953125 0.7998136828125 0.44653533906250004 0.77307526875 0.4342944125 0.7539834828125 0.424623265625 0.7438740140625 0.4228128015625 0.733754634375 0.4453437015625 0.72246845625 0.45041573125 0.704181096875 0.4725030859375 0.6890625 0.4469708375 0.6890625 0.4345727703125 0.699036959375 0.42037004062500005 0.696782659375 0.3987930109375 0.7151941109375 0.3846875578125 0.717070978125 0.3696282328125 0.7118225703125 0.3568955 0.7052285609375 0.3459245921875 0.706688346875 0.3545401359375 0.6890625 0 0.6890625
0 0.5861608609375 0.748252953125 0.5767572249999999 0.749504196875 0.5731065531249999 0.7613862625000001 0.576508609375 0.77232989375 0.5899520218750001 0.775721259375 0.5937486078124999 0.7700359453125001 0.5949997328125 0.7564011078124999 0.5861608609375 0.748252953125
0 0.8742968187500001 1 0.8902656296875 0.9771561546875001 0.87520630625 0.9719077468750001 0.8650190343749999 0.9732632609374999 0.8604874500000002 0.9811184296875 0.87089359375 0.9890580421875 0.8742951281250001 1 0.8742968187500001 1
0 0.9006307671875 1 0.9255779015625001 0.974529571875 0.8949674468750001 0.9765305328125 0.8826724578124999 0.98852678125 0.8790916124999999 1 0.9006307671875 1
1 0.5296875 1 0.7732677046875001 1 0.77516836875 0.9966150703124999 0.799217903125 0.9830547671875 0.8099213015625001 0.97023426875 0.79946651875 0.9602290703125 0.7946187859375 0.954657940625 0.7846017484375001 0.963243 0.752934721875 0.9871411359375 0.7517376625 0.969687940625 0.75051628125 0.9512019515624999 0.7420962578125 0.9274576453125001 0.7301228421875 0.919726571875 0.741342365625 0.8954410906250001 0.7254750859375 0.8892641609374999 0.7186655515625 0.900530515625 0.7060057750000001 0.89703488125 0.695010546875 0.8974618734375 0.6860744000000001 0.8851825515625 0.682034621875 0.8805399421875 0.6919543828125 0.867823715625 0.683753234375 0.8533745359375 0.67307415625 0.867227828125 0.6681534640625 0.8585583218749999 0.672612090625 0.8476047765624999 0.667764359375 0.8420336468749999 0.6829750234375 0.8203251890625 0.6717852421874999 0.8124898453125 0.6561125156250001 0.814575253125 0.6509675296874999 0.8297642359375 0.6574798109375 0.8392579921875001 0.6427366359375 0.8474358828125 0.6293661796875 0.8471428953125001 0.6272638859375 0.824630009375 0.6166875093749999 0.8094608515624999 0.6160552109374999 0.78260825625 0.59957453125 0.7837651421875 0.5928622703124999 0.799162665625 0.592443421875 0.81475881875 0.5903357031249999 0.8253995515625 0.575816825 0.80971895 0.556717725 0.799827934375 0.5595361203125 0.7859845562500001 0.5710231546875 0.7730597875 0.56365428125 0.7605719234375 0.5447983703125 0.7610088265625 0.532897909375 0.7563761296875 0.5296875 0.7577322718749999 0.5296875 1
0 0.9673995 0.8477352296875 0.9601522203125 0.8404113265625 0.9436958578125001 0.8426010046875 0.9371781515625 0.866260865625 0.9444011124999999 0.8725519765625 0.9653890593749999 0.8625071312499999 0.9673995 0.8477352296875