0 0.22340922343749997 0.334993078125 0.22179272968750002 0.333533203125 0.21415847812500002 0.3461582359375 0.21438258437500002 0.3561204328125 0.2184364140625 0.3653585203125 0.2285080015625 0.3605117078125 0.236738990625 0.344242821875 0.22340922343749997 0.334993078125
0 0.218209671875 0.26476718906249996 0.22998460937499998 0.25518453281250003 0.2287407484375 0.24011861093750003 0.2261045 0.23355501250000002 0.21631868281250002 0.230991490625 0.20967899375000001 0.23754343437499997 0.206471203125 0.24580050312499999 0.2101272078125 0.257467828125 0.218209671875 0.26476718906249996
0 0.31642390468750003 0.135264228125 0.3125073234375 0.1421840515625 0.312532515625 0.15336086875 0.32121171875 0.1570163765625 0.32705575468750003 0.15532290625 0.3318800421875 0.1485257109375 0.33134496874999997 0.1347970328125 0.3237723828125 0.1300495328125 0.31642390468750003 0.135264228125
0 0.704989953125 0.50282835625 0.69951529375 0.5073650796875 0.6983317640625 0.5145920562499999 0.7003296703125 0.5264698984375 0.7099263859375 0.5256558484375 0.7141222734375 0.524112165625 0.7169441421875 0.521327590625 0.7212138593749999 0.5145175484375 0.7157916140625 0.504287621875 0.712705425 0.5038706890625 0.704989953125 0.50282835625
0 0.7818065187500001 0.5153165375000001 0.7771986500000001 0.5241914296875 0.7703928 0.54648785 0.779651365625 0.54773865 0.79214378125 0.5388736640625 0.8004403109375 0.5315523640625 0.801095196875 0.517922371875 0.795599121875 0.51295880625 0.7886551984375 0.51202070625 0.7818065187500001 0.5153165375000001
0 0.8304021609374999 0.4786157109375 0.8278231984375001 0.4751015015625 0.8238178031250001 0.48511305312499997 0.815859425 0.490369503125 0.8032717640625 0.49500055468750004 0.799795009375 0.5114151203125 0.8010737828125001 0.5084220796875 0.8123088390625 0.5120504296874999 0.8190836874999998 0.5140209546875 0.8223389515624999 0.5134054640625 0.824801253125 0.5031854453125 0.8253823109375 0.4948218125 0.8304021609374999 0.4786157109375
0 0.5599109515625 0.24262790625 0.56695011875 0.2477999390625 0.571579403125 0.24842533906250003 0.5772231390625 0.2428561890625 0.5801188375 0.234805253125 0.578385253125 0.2261289203125 0.5700673109375 0.223949928125 0.5599109515625 0.24262790625
0 0.4353204640625 0.17514336875 0.4535732765625 0.174443459375 0.47363350156250006 0.1771535265625 0.48588301093749997 0.1745873265625 0.48996223906249997 0.1593094171875 0.48241584218749994 0.157234659375 0.46544180468749996 0.154941525 0.450539503125 0.1592598765625 0.4353204640625 0.17514336875
0 0.5314662953125 0.13220320624999998 0.5355883515625 0.1359258828125 0.5471401453125 0.127989090625 0.5506169015625 0.1115745203125 0.5495810328124999 0.10826877812499999 0.540322465625 0.107017978125 0.534076259375 0.1114504703125 0.52604405 0.12197328125 0.5250295984375 0.12816783125 0.5314662953125 0.13220320624999998
0 0.5906206921875 0.103260428125 0.5818169375 0.1136790046875 0.5779282 0.13742478125 0.5797356140625001 0.14083475625 0.5913088234374999 0.1423982546875 0.5956737859375 0.139822146875 0.607394653125 0.1308529296875 0.608123371875 0.111956578125 0.5998792578125001 0.104511228125 0.5906206921875 0.103260428125
1 1 0 0.693975478125 0 0.69563228125 0.001367803125 0.7098582812500001 0.001179153125 0.7050289203125001 0.025853121875000003 0.6973562796875 0.0438113734375 0.6886905984375 0.0774644671875 0.6816418421874999 0.10605966874999999 0.6785984828125 0.1246433203125 0.682572878125 0.13889871250000002 0.6880165375 0.1586289296875 0.6965249703125 0.169275790625 0.705033403125 0.17992265000000002 0.719640384375 0.1966697328125 0.7267747984375 0.20607570156250002 0.7337401390625 0.21651409375 0.731658815625 0.2436698453125 0.7420484937499999 0.2524603203125 0.7493734 0.270334153125 0.7567935484375 0.29244192343750003 0.7592676796875001 0.325489434375 0.758929528125 0.327554284375 0.7449154328125001 0.3457110921875 0.7494184687500001 0.3663695046875 0.7544811499999999 0.3691639859375 0.7619323 0.36700481093750004 0.768685734375 0.35947504375 0.7722791484375 0.356794703125 0.7813686390625 0.35907792656250004 0.7858502609375 0.3702360453125 0.787510015625 0.3841787375 0.7999714296875 0.3995806984375 0.7894555046875 0.41082323125000003 0.7843618234374999 0.432295690625 0.7934727296874999 0.4440792078125 0.8041053140625 0.44657090000000005 0.8107420874999999 0.42530690625 0.814166428125 0.423658990625 0.8238798046875001 0.436579165625 0.8343218984374999 0.4306029890625 0.8419421265625001 0.427411390625 0.84864314375 0.434648275 0.857246821875 0.449529065625 0.863778765625 0.457798375 0.8770855578125001 0.46803820781249994 0.8887325953125 0.4643353515625 0.8959408390625001 0.46847495937500006 0.8932784609375 0.5039943453125 0.9110978765625 0.5011253515625 0.90811651875 0.4711751171875 0.9239594421875001 0.46592857499999996 0.9358708015625 0.465427225 0.9420431781249998 0.46626109062500004 0.9505301968750001 0.46740765937499995 0.9577384421874999 0.4715472671875 0.9725669140625002 0.472495275 0.97618174375 0.47931522656250003 0.9770485359375 0.4836533921875 1 0.47346386875 1 0
0 0.6554328953125 0.1890507921875 0.6514585 0.1747953984375 0.6501583109375 0.1682881484375 0.63988529375 0.1732319 0.6306481421875001 0.181481390625 0.6318744984375 0.1932550015625 0.635320253125 0.201107375 0.6484365546874999 0.2028793421875 0.6554328953125 0.1890507921875
0 1 0.50937918125 0.985261646875 0.5153656875 0.9872071375000001 0.5420101796875 1 0.5371694203125 1 0.50937918125
0 0.9735289500000001 0.481067375 0.9724406671875 0.49252828437499996 0.9769222890624999 0.5036864015625 0.9799132328125001 0.49986940156250004 0.9794060078125 0.5029666765624999 0.9842043640625 0.502559653125 0.988812234375 0.49368475937499995 0.9901648375000001 0.48542535937500003 0.983897215625 0.4803575578125 0.9735289500000001 0.481067375
0 1 0.482858696875 0.9962419703125001 0.4820252921875 0.9886217421874999 0.4852168921875 0.9884002515624999 0.5010159703125 0.9932938546875001 0.5048428781250001 1 0.5028995890625 1 0.482858696875
1 0.3796875 1 0.3796875 0.6296875 0 0.6296875 0 0.8541850234374999 0.0084269609375 0.8542482234375001 0 0.8685072578125 0 0.8961627171875 0.0062932234375 0.8961706250000001 0.0054692593749999996 0.9108330453125 0.0114725625 0.912699334375 0.0077529 0.9354126875000001 0.019833334375 0.9338789109375 0.0304135046875 0.951137253125 0.03950299375 0.9534204796875001 0.027634464062500003 0.9729224140625 0.032792389062499996 0.97995083125 0.0407721796875 0.9841946734375 0.0368620296875 0.99844015625 0.0378379296875 1 0.3796875 1
0 0.599421628125 0.957080290625 0.5929539281249999 0.9773118593750001 0.6030792859374999 0.9829008265624999 0.6078776453125 0.9824938015625 0.6154978703125 0.9793022015625 0.6182983249999999 0.9670173328124999 0.61613134375 0.9561719140625 0.61046619375 0.9522407734375001 0.599421628125 0.957080290625
0 0.666246425 0.833144496875 0.6606551046875 0.8239469968750001 0.654482728125 0.8231131312500001 0.643173840625 0.8247511390625 0.6448335937499999 0.8386938328125 0.6558995765625 0.8433546062499999 0.666246425 0.833144496875
0 0.8280808374999999 0.8465656296875 0.82588285625 0.8599871562500001 0.8269187234375 0.8632928984374999 0.8377203828125002 0.8647521656249999 0.8452453656250001 0.8573266296875 0.8507938546875 0.847523546875 0.8480244031249999 0.8355414703124999 0.84305696875 0.836980921875 0.8345699515625 0.83583435625 0.8280594234375 0.8370653375 0.8280808374999999 0.8465656296875
0 0.947289665625 0.8457860609375001 0.9387074015625 0.8404055625 0.9317634765625 0.8394674625 0.925781590625 0.8471014625000001 0.9191234015624999 0.8588651625000001 0.9222310046875 0.8687823890624999 0.931753890625 0.8732346968750001 0.9356116265625001 0.8737558640625 0.9398075140625 0.8722121812499999 0.9435700046874999 0.8684994140625001 0.9468990984375001 0.8626175625 0.948082628125 0.8553905875 0.947289665625 0.8457860609375001
0 0.691786415625 0.643481075 0.6946511125 0.6596970843750001 0.702557075 0.6692072875 0.709405753125 0.6659114515625 0.715968696875 0.6499138171875 0.709172434375 0.638443 0.7025666609375 0.6354400484375 0.695115509375 0.637599225 0.691786415625 0.643481075