0 0.359375 0.1568271078125 0.3566589390625 0.15541008125 0.3410170921875 0.1560851140625 0.33886224062500003 0.16416095625 0.340757653125 0.171070671875 0.349430840625 0.1734095 0.359375 0.170195775 0.359375 0.1568271078125
0 0.06324094531249999 0 0.0577081953125 0.008550165625 0.058853509375 0.017892325 0.067335809375 0.018674128125 0.07562722656250001 0.017898903125 0.08965998750000001 0.0126496921875 0.083523425 0.005349075 0.0798414875 0.0009687046875000001 0.07850991874999999 0 0.06324094531249999 0
1 0 0.509375 0.29953795 0.509375 0.3038617578125 0.5028815437499999 0.296675321875 0.48701727968749997 0.3088126703125 0.474858353125 0.3126317140625 0.446153553125 0.3222189953125 0.4302958671875 0.3120187203125 0.415500828125 0.29872261093749997 0.40965704374999995 0.29360902968749997 0.393598975 0.2877319046875 0.3713127984375 0.2761134328125 0.3535006078125 0.274859228125 0.3347193859375 0.272118275 0.3294636 0.270877515625 0.31934292656249996 0.2736735796875 0.29939557968749997 0.258659496875 0.27953855625 0.26741468125 0.27399534999999997 0.272678815625 0.2656287984375 0.280493015625 0.26096100624999996 0.278965928125 0.24850479375 0.2731156921875 0.24353971562500001 0.257092075 0.24110069687500002 0.24079557187499998 0.2449866859375 0.22976320156250002 0.24050612343750002 0.21759896250000002 0.2353439515625 0.2070438078125 0.23475595624999998 0.18394264062500001 0.22589173749999997 0.166391934375 0.21099650468750003 0.1839977484375 0.2006886015625 0.1804932515625 0.189204709375 0.1601330390625 0.185596275 0.1512824109375 0.19036096875 0.1326401734375 0.20076577499999998 0.119903275 0.1909325234375 0.104929528125 0.1970571484375 0.087474265625 0.18294043124999998 0.0868881640625 0.1696088015625 0.06869625 0.166585075 0.0399357328125 0.154312803125 0.0297489046875 0.1481783125 0.0030612421875 0.135712234375 0 0.136497778125 0 0.509375
0 0.9881976640625 0.32562460937500004 0.9743557890625001 0.3324308453125 0.968150671875 0.3416728140625 0.9703324140625 0.35091806875 0.9820194375 0.3521876765625 0.9937884609375001 0.3455752453125 0.994429671875 0.3337037390625 0.9881976640625 0.32562460937500004
0 0.827236946875 0.3808332859375 0.8351600343750001 0.38560455625 0.8443924328125 0.383953915625 0.847215384375 0.381327665625 0.8526704031250001 0.374518140625 0.8452110843749999 0.3649788875 0.83926540625 0.359235296875 0.8270191687499999 0.361955159375 0.8236370031250001 0.3685708796875 0.827236946875 0.3808332859375
0 0.545141915625 0.2260979109375 0.550051165625 0.23193840468750002 0.565502128125 0.22970634531249998 0.5714209171875 0.21812883749999998 0.5676300875 0.20430940468749997 0.5593386734375 0.20508462968750002 0.55142903125 0.2089739078125 0.54286473125 0.2160741421875 0.545141915625 0.2260979109375
0 0.43931748125 0.22654296562499998 0.4396172546875 0.23753905625 0.4486722140625 0.24299193749999998 0.45846382500000005 0.2373518265625 0.464859828125 0.2296668859375 0.46730100781249995 0.22392658281250002 0.4675738921875 0.217601571875 0.4669057921875 0.2121519796875 0.4599236875 0.2065052921875 0.44428183906249996 0.2071803265625 0.44005413281249994 0.2154499734375 0.43931748125 0.22654296562499998
0 0.5036337125 0.075641175 0.49865590781249997 0.08634326718749999 0.5028688421874999 0.12925840156249999 0.516533278125 0.1295556875 0.510806703125 0.082844890625 0.5157710609375 0.06348224999999999 0.5202582046875 0.0402270421875 0.5231631546875001 0.029718757812500003 0.51072603125 0.030881593750000002 0.5004840953125 0.0499502375 0.502106625 0.0631849640625 0.5036337125 0.075641175
0 0.13237980625 0.52707836875 0.1226093828125 0.517801515625 0.11319163437499999 0.5214612375 0.10621253593749999 0.524892953125 0.1060037828125 0.533250040625 0.1122285171875 0.543784803125 0.12243226562500001 0.5465363640625001 0.13383952187499998 0.538985040625 0.13449741875000001 0.534291546875 0.13237980625 0.52707836875
1 0 1 0.359375 1 0.359375 0.6137338828125001 0.353685096875 0.6119961093749999 0.3318337015625 0.60477519375 0.2997785546875 0.5948027125 0.26993748906250004 0.5827704296875 0.26093724687500003 0.56971598125 0.2390858515625 0.5624950640625 0.2155976203125 0.5721023234375 0.2032762609375 0.5621375796875 0.175344053125 0.5656755609374999 0.1521768609375 0.56784163125 0.1324430796875 0.5678338937499999 0.11935153437499998 0.5616467453125 0.09883175 0.5552277234374999 0.081873475 0.5577396734375 0.0629256890625 0.564143221875 0.0538289796875 0.5603617562500001 0.04283923125 0.5511989093749999 0.019463287500000002 0.5617220625 0.0181474921875 0.57110905 0.0017506453125000002 0.578200490625 0 0.5758095812499999 0 1
0 0.9695991625 0.8558004796875001 0.9573260359375 0.8411992453125 0.9385063531250001 0.8587075734375 0.922782509375 0.8672646421875001 0.95331610625 0.86834701875 0.9695991625 0.8558004796875001
0 0.8284945515625001 0.893403925 0.840359015625 0.8875700078125 0.836759075 0.8753076015625 0.830908840625 0.8703425250000001 0.8248811640625 0.87248096875 0.816316865625 0.879581203125 0.8197259203125 0.8902865828125 0.8284945515625001 0.893403925
0 0.5664209484375 0.645453915625 0.56789425625 0.62326793125 0.5546935890625 0.6182026625 0.547261159375 0.6259845078125 0.5432243390625 0.63581118125 0.5456924109375001 0.647391978125 0.55973861875 0.6508033171875 0.5664209484375 0.645453915625
0 0.4368124765625 0.6827699390624999 0.42358359375 0.7202289046875 0.4263379921875 0.734145240625 0.441120853125 0.7264635875 0.44920793750000004 0.7154707859375 0.44614031875000004 0.6818978125 0.4368124765625 0.6827699390624999
0 0.45838522968749995 0.7390232796875 0.45723991406250003 0.7296811203125 0.45212633125 0.71362305 0.43180645625 0.7359962640625 0.444447909375 0.7450510031249999 0.45838522968749995 0.7390232796875
0 0.4386111203125 0.748746475 0.43266544375000004 0.743002884375 0.419382778125 0.7458196515625 0.41780058281250004 0.7585665734375 0.43025115156249993 0.766064284375 0.4473931953125 0.760524365625 0.4386111203125 0.748746475
0 0.7316686406249999 0.9843503265625 0.7343275984375 0.99748815 0.7499694437500001 0.9968131171875001 0.7574018734375001 0.989031271875 0.7575793140625 0.9819277484375 0.7502154375 0.9731670093750001 0.7377783140625 0.974329846875 0.7316686406249999 0.9843503265625