0 0.031521896875 0.11511667343750001 0.044782259375 0.1145311953125 0.0466852921875 0.0984293328125 0.043745309375 0.0861008203125 0.034966196875 0.0808423046875 0.027091503125 0.0807603953125 0.02188671875 0.0824631015625 0.020979796875 0.09526831875 0.026951457812500003 0.11145209375000001 0.031521896875 0.11511667343750001
1 0.46875 0.51875 0.46875 0.1853575328125 0.468151040625 0.18476505625 0.4581949328125 0.181767865625 0.448152140625 0.151280278125 0.4596495140625 0.1361049640625 0.44562227656250003 0.11880395937499999 0.4333580265625 0.11609279218749999 0.42598013593750006 0.12335347031249999 0.4184213625 0.1295788265625 0.39502901874999996 0.0901681453125 0.3900993171875 0.0664511015625 0.3866166828125 0.051016625 0.375756159375 0.0428428296875 0.36340021562499997 0.0486049109375 0.36511735624999997 0.067431375 0.36402955000000004 0.0792012703125 0.3533932515625 0.0858079921875 0.35199453593749996 0.0553069734375 0.3424001953125 0.054380424999999996 0.33651522031250003 0.065687046875 0.321807790625 0.057989956249999995 0.30981611875000004 0.0478408578125 0.301217890625 0.0436176625 0.2876849515625 0.0516410703125 0.27560158437500004 0.0499652234375 0.269540734375 0.0242728765625 0.2541989609375 0.0219430734375 0.24776882968749997 0.0481255546875 0.2415220875 0.057361534375 0.23305889687499998 0.058410287500000005 0.2230569421875 0.05964972187499999 0.20920808281249997 0.0613658609375 0.19612860625 0.06298666093750001 0.1907429375 0.06365404687500001 0.1873061515625 0.0439829453125 0.17974988125 0.0322264796875 0.1637737625 0.035263965625 0.1668996390625 0.012664149999999999 0.14562954687500002 0.007895771875 0.1383866921875 0.0204283953125 0.1390185328125 0.033042931250000004 0.1458946109375 0.054403309375 0.150235815625 0.07925101875 0.1314522453125 0.09321375937500001 0.12602073125 0.09811777187500001 0.11828107343750001 0.1033078078125 0.11411574375 0.11545906875 0.10823076875 0.1267656921875 0.101395528125 0.137132334375 0.0842882609375 0.13819451562500001 0.061476903125 0.15159864218750002 0.0457250109375 0.1694166453125 0.027619128124999996 0.191757296875 0.0173879390625 0.214179859375 0.009194820312500001 0.22577250468750001 0 0.2283541421875 0 0.4160923328125 0.017935575000000002 0.51875 0.46875 0.51875
0 0.8714787749999999 0.1683554734375 0.8636015765625 0.1862553859375 0.8650486453124999 0.1945379546875 0.87328510625 0.1966905078125 0.881205646875 0.19253579062499998 0.8859136281249999 0.1834904953125 0.8861403578125 0.1802891890625 0.8827927609374999 0.1701266609375 0.8714787749999999 0.1683554734375
0 1 0.20129043906250002 0.985339659375 0.2081904609375 0.9800431812500001 0.21836642187500002 0.9823054765624999 0.222317025 0.9980548656250001 0.2224808453125 1 0.22223980625 1 0.20129043906250002
0 0.90028760625 0.31075308125 0.9095660265625 0.3053723609375 0.9215602031250001 0.2975396375 0.9302959718749999 0.28905295625 0.9434671437500001 0.2789589046875 0.9221512046874999 0.27842715 0.9088908437499998 0.2790126296875 0.897984471875 0.2750754578125 0.8887518984374999 0.27621955 0.8880717078125 0.28582346406250003 0.8822784265625 0.288656834375 0.8842222984374999 0.30428199375 0.8885660062500002 0.31114787499999996 0.90028760625 0.31075308125
1 0.46875 0.51875 0.8529006406249999 0.51875 0.8526042796875 0.510227659375 0.8529685499999999 0.4943164765625 0.8439193656249999 0.4785140671875 0.8358637874999999 0.4773968375 0.8359579859374999 0.4509417625 0.8273597578124999 0.44671856875 0.8200277140625 0.4497426203125 0.8146445515625 0.43242818437499997 0.8255967703125 0.43212873125 0.8288576828125 0.4148008640625 0.8163258640625 0.3835639796875 0.8218057296874999 0.35644151874999996 0.8232119593749999 0.332997065625 0.8112202875 0.32284796875 0.7985942703125 0.3180661578125 0.7790438234374999 0.31414241718749997 0.7717167890625 0.2812028234375 0.7499523984375001 0.2511100328125 0.7266492437500001 0.221207921875 0.7174650234375 0.20013356718750003 0.7012163265625 0.2106089796875 0.6919404124999999 0.19800787656250002 0.6877342437499999 0.178432115625 0.6774163703125 0.1733642828125 0.6748381531250001 0.1631064125 0.6857036875 0.1353165625 0.6774238828125 0.1194188125 0.6668792781249999 0.1175522828125 0.6591829640625 0.136487515625 0.643433575 0.1363236953125 0.6333882796875 0.12381793125 0.6254702421875 0.10999082499999999 0.6177330890625 0.0971990375 0.6099959359375 0.0844072515625 0.6056980750000001 0.07330474218750001 0.6031682093749999 0.040828425 0.58823405 0.0363326359375 0.5777327875 0.0482113046875 0.5656927640625 0.060280654687500004 0.5596269046875 0.07055195625 0.5520247890625 0.063032115625 0.542883909375 0.055702957812499995 0.5327010734375 0.055907071875000006 0.52478053125 0.0600617859375 0.5045498937499999 0.065741959375 0.493009178125 0.0671720765625 0.46875 0.0533774921875 0.46875 0.51875
0 0.1459947453125 0.51875 0.14330830781249998 0.5248545796874999 0.1432166140625 0.5333278296875 0.1457948296875 0.5435857000000001 0.15484651875 0.5414062875 0.166840696875 0.5335735609375 0.1652585921875 0.5200190453125 0.162674875 0.51875 0.1459947453125 0.51875
0 0.1946659375 0.5893586984375 0.2036717796875 0.591415909375 0.20874152656249997 0.5844412546875 0.21168401406249998 0.57878794375 0.206616771875 0.5677807765625 0.200145803125 0.5622362375 0.192813759375 0.5652602890625 0.19321886875 0.5810761296875 0.1946659375 0.5893586984375
0 0.1687362171875 0.57141716875 0.1765650640625 0.575735703125 0.1879248953125 0.5732702671875 0.1898279296875 0.557168403125 0.20381683437499998 0.5247605625 0.1807328984375 0.5456026203125 0.16991571562500002 0.55117401875 0.161949328125 0.5595653609375 0.1687362171875 0.57141716875
0 0.2181779609375 0.51875 0.20847896718749998 0.519951890625 0.20200549375 0.5323891749999999 0.1967090171875 0.5425651359375 0.20299910156249998 0.5470743515625001 0.2109196421875 0.5429196375 0.218977725 0.5260550453125 0.2207122359375 0.51875 0.2181779609375 0.51875
0 0.3519664140625 0.6798707 0.362781090625 0.6922811203125 0.3697513671875 0.6871864265625 0.3721053578125 0.682663778125 0.3779903328125 0.6713571546875 0.3723345921875 0.6614806484375 0.36332875 0.6594234390625 0.3551814796875 0.6667794578125 0.3519664140625 0.6798707
0 0.3093044828125 0.8945890703125 0.2954097765625 0.900541834375 0.3009738234375 0.9188915906249999 0.31495771875 0.9224474 0.3297568421875 0.9216712390625 0.33039118749999996 0.9163039515625 0.32342341406249997 0.9034168234375001 0.3093044828125 0.8945890703125
0 0.3064812375 0.6939690734375 0.297702125 0.6887105578125 0.2915470765625 0.6894732859375 0.2887854734375 0.69616191875 0.2943495203125 0.7145116765624999 0.3059360828125 0.7088449328124999 0.3064812375 0.6939690734375
0 0.26927836875 0.7059833765625 0.2797312796875 0.71632315625 0.2868365921875 0.7165004078124999 0.290956075 0.7085857718749999 0.2852111453125 0.6892006937499999 0.279917171875 0.68139483125 0.27625115 0.6829068578124999 0.26728865 0.69459484375 0.26927836875 0.7059833765625
0 0.376843525 1 0.3727863171875 0.99249605625 0.36744649687500003 0.9889268203124999 0.35355429531250004 0.9768977609375 0.34993412031250004 0.9741731625 0.34952400156249996 0.99432096875 0.354794 1 0.376843525 1
0 0.35709681875 1 0.3581680765625 0.9943075374999999 0.35305498750000003 0.9875369968750001 0.34504525625000004 0.9821831375000001 0.33191993124999997 0.9880405609375 0.33736248281250003 1 0.35709681875 1
1 0 0.51875 0 1 0.2910056734375 1 0.2900115875 0.9911183375 0.28440169375 0.9770052078125001 0.2741755140625 0.963464121875 0.284179971875 0.9442428656249999 0.2795203421875 0.9310697140624999 0.28725999999999996 0.925879678125 0.2888929609375 0.8992339203124999 0.2901641546875 0.8705175234375 0.29116277031250004 0.8492390546875 0.2812983578125 0.8377686109375 0.27432808125 0.8428633062499999 0.2687181875 0.828750175 0.286143878125 0.8160134375 0.28755010937500003 0.7925689859375 0.27465401875 0.77724328125 0.2817618359375 0.759438709375 0.2928515953125 0.746429378125 0.2945278984375 0.7335288203125 0.28235534218749997 0.7223444000000001 0.270587896875 0.726975821875 0.2665626125 0.7084353828125 0.24990880624999998 0.70309495625 0.2434353328125 0.715532240625 0.23845727968750002 0.71403364375 0.2320780046875 0.7000158546875 0.237147753125 0.6930412 0.23004494375 0.6748821234375 0.222216096875 0.6705635890625 0.2143464109375 0.6345180312500001 0.204935459375 0.61664498125 0.1850715984375 0.5884321484375 0.173576728125 0.5856256390625 0.1619926703125 0.5733105593750001 0.14950169062500002 0.5738006953125 0.14189957343749998 0.5662808546875 0.129770359375 0.5688416328125 0.1226675515625 0.550682559375 0.11153445 0.549946690625 0.1062863234375 0.5379042015625 0.109909003125 0.5226469781249999 0.110225315625 0.51875 0 0.51875
0 0.7880247234375 0.526448684375 0.7863025734375 0.5435858687499999 0.7963937171875 0.5518550062500001 0.8078885859374999 0.5546615140625 0.8109227671875001 0.5405349546875 0.8102450796875 0.5321570421875 0.8060364078125 0.53056310625 0.7995195921875 0.52925519375 0.7880247234375 0.526448684375
0 0.8184998390625001 0.7278730250000001 0.8272789515625 0.7331315421875 0.841354540625 0.7282140968749999 0.839318975 0.7210621921875 0.8366949124999999 0.7150409484375 0.830993325 0.7094010671875 0.82506500625 0.706962490625 0.8183214609375 0.7088558812500001 0.815740740625 0.716579834375 0.8184998390625001 0.7278730250000001
0 0.880132 0.78369978125 0.8881875781249999 0.7848170140625 0.8980544953125001 0.77830563125 0.8935757500000001 0.7661678015625 0.8916752203125 0.7642878421875 0.88361964375 0.7631706109375 0.87606086875 0.7693959671874999 0.880132 0.78369978125
0 1 0.777571284375 0.9934552421875 0.7844651625 0.9862582343749999 0.792761159375 0.9815044078125 0.8060430828125 0.9825897093750001 0.8122550093750001 0.9923190859375 0.81845350625 0.9981582140625 0.8113835093749999 1 0.80930014375 1 0.777571284375
0 0.744600925 0.6873169265625 0.7509801984375001 0.701334715625 0.75577736875 0.701797990625 0.7677256984375 0.6982018921875 0.7672747421875 0.6866226765625 0.7623883828125 0.67665083125 0.753609271875 0.671392315625 0.744600925 0.6873169265625
0 0.7219296109375 0.6700293515625 0.73469316875 0.6621012859375 0.7402597203125 0.6624692203125 0.7346498265625 0.6483560890625 0.7264592125 0.641966909375 0.71758840625 0.6451816453125 0.714057421875 0.65196561875 0.71740501875 0.6621281484375 0.7219296109375 0.6700293515625
0 0.6320137390625 0.600783715625 0.6247733890625 0.5953345171875 0.619522759375 0.6012738515625 0.6172579578125 0.615305071875 0.6142696234375 0.625195009375 0.627756715625 0.6214082265625 0.6297947859375 0.6105783109375 0.6320137390625 0.600783715625
0 0.622330209375 0.59034859375 0.6180781953125 0.575009459375 0.6122415718750001 0.5640976328125 0.60196954375 0.5547931734375 0.6001582046875 0.5624217859375 0.6000206640625001 0.5751316625 0.6010601171875 0.5855802156250001 0.606534975 0.5944214 0.61517905 0.59440796875 0.622330209375 0.59034859375
0 0.525655765625 0.6308872859375001 0.5362462171875 0.628517190625 0.5369264078125 0.6189132796875001 0.5291434078125 0.6103581171875 0.5208177578125001 0.5986969921874999 0.5143009421875 0.5973890765625 0.5098655390625 0.598996446875 0.506561284375 0.602579115625 0.5043423312499999 0.6123737109375 0.5088210765625 0.624511540625 0.5164231921875 0.6320313796875 0.525655765625 0.6308872859375001
0 0.5100414140625 0.6359954140624999 0.5022125671875 0.6316768765624999 0.49800389375 0.630082940625 0.4933876078125 0.6306549890625 0.48501360625 0.6412123109375 0.48474102812500003 0.6486502406250001 0.48885800625 0.6587174296875 0.503384553125 0.6653792000000001 0.5101280984375001 0.663485809375 0.520991128125 0.6536777828125 0.515381234375 0.6395646515625 0.5100414140625 0.6359954140624999
0 0.9409389156250001 0.9157857968750001 0.9449208578124999 0.9205810390625 0.9490836828125001 0.9264116 0.9562348437499999 0.9223522265625 0.961077859375 0.918578875 0.9594499078125001 0.9092609843750001 0.95334070625 0.9057870874999999 0.9414382234375 0.9051465625 0.9409389156250001 0.9157857968750001
1 0.46875 1 0.9639465796875001 1 0.9629225250000001 0.996622753125 0.9613404203125 0.9830682375 0.9644204484374999 0.9647050499999998 0.9732479109375 0.9477451171875 0.9744274109374998 0.92750196875 0.9615746640625 0.9259214640625 0.9505307515624999 0.9346941687499999 0.9393976500000001 0.9339583015624999 0.9349647515624999 0.9175838453124999 0.9306210421875001 0.9107179625 0.9208024765625 0.8950108953125 0.9137455140625 0.87261519375 0.908138125 0.8405202390625 0.8911709046875 0.8108907234375 0.874292871875 0.790769778125 0.8641125390625 0.7729920671875 0.8698624781250001 0.7564134984375 0.8815407343749999 0.7422735046875 0.8981970453125001 0.729632109375 0.9137222078124999 0.7150154109375 0.9238617015624999 0.7010661 0.9176174640625 0.69232025625 0.8936291109375001 0.70798570625 0.8752531546875 0.719782465625 0.8642092421875001 0.72855516875 0.8427557625000001 0.7407332921875 0.828815209375 0.750922684375 0.81999025 0.7499007921875 0.8031122187499999 0.729779846875 0.7882214015625 0.739029259375 0.7780385640625 0.7392333703125 0.768897684375 0.7319042140625001 0.7646915171875 0.712328453125 0.757135246875 0.7005719875 0.748626209375 0.705857365625 0.7360918859375 0.6926023046875 0.725819859375 0.6832978453124999 0.7169032062499999 0.69074920625 0.7051841109375 0.673162178125 0.6811549203125 0.65710060625 0.6657672984375 0.659007428125 0.647393846875 0.6528223640624999 0.6245391453125 0.6524812921875001 0.6054855031249999 0.6559001390625 0.59163664375 0.657616278125 0.577245134375 0.6562264546875001 0.52805059375 0.658091659375 0.5189555625 0.6465258765625 0.500307028125 0.6657605640625001 0.49329090468750003 0.6750918859375 0.4773581296875 0.6918745671875 0.46875 0.6979454515625 0.46875 1