0 0.0832972140625 0.08546496875000001 0.0672679109375 0.0829540015625 0.0533202 0.08442415625000001 0.044154690625 0.0864403796875 0.033017645312499996 0.07921321406250001 0.016855378125 0.075666128125 0.010945221875 0.08469015156250001 0.033861221875 0.098026690625 0.045617275 0.09783767812500001 0.061004668750000005 0.1014664390625 0.08232512187499999 0.1023695609375 0.0832972140625 0.08546496875000001
0 0.2501105375 0.0206260609375 0.24225174843750003 0.0267050796875 0.2441132203125 0.0412107328125 0.25525026562500003 0.0484379 0.26153640624999996 0.0362238484375 0.2585240765625 0.024989898437499998 0.2501105375 0.0206260609375
0 0.3901652859375 0.022665746875 0.39556649374999997 0.0157956359375 0.3930860125 0.008706159375 0.3889228234375 0.0007439171875 0.3827238421875 0.0013973187499999999 0.37628183593750003 0.00627686875 0.3706147015625 0.011074743750000001 0.371435378125 0.0235898375 0.378299171875 0.0281170234375 0.3901652859375 0.022665746875
0 0.2584731484375 0.1531114890625 0.26467213125 0.1524580875 0.2727968453125 0.1484513046875 0.277799165625 0.138472840625 0.271045434375 0.1286833859375 0.2634067671875 0.12423787187499999 0.2552820546875 0.12824465625 0.250013809375 0.136150884375 0.249151775 0.147793209375 0.2584731484375 0.1531114890625
0 0.24372766562499998 0.1483649375 0.2230491234375 0.146344021875 0.22059154374999998 0.145552928125 0.2429985953125 0.1610433796875 0.258697715625 0.17934114375000001 0.27795947499999996 0.18256152812499998 0.28592832343749996 0.1712202421875 0.2714258625 0.162247540625 0.26440620625 0.15038585 0.24372766562499998 0.1483649375
0 0.38173516093750004 0.35 0.3787794109375 0.33785563281250003 0.361709309375 0.33335410625 0.3599394421875 0.3440419890625 0.3601450203125 0.35 0.38173516093750004 0.35
1 0.6890625 0.35 0.6890625 0 0.41514768125 0 0.4190328 0.0028208453125 0.4075426703125 0.005082093750000001 0.3991749328125 0.013315021875 0.39147200781249997 0.0267285453125 0.3841908703125 0.049548803125 0.37921145156249997 0.06582565312500001 0.37810639375 0.08169412499999999 0.37868404375 0.0984353671875 0.3837779703125 0.11365043749999999 0.382008103125 0.1243383203125 0.3599999390625 0.1119562234375 0.3316598296875 0.0991914109375 0.3262586203125 0.106061521875 0.3700548265625 0.141350246875 0.37424091718749997 0.1556108734375 0.37535041874999997 0.1764965859375 0.3660519453125 0.177476690625 0.35608866093749997 0.173276203125 0.34446556875 0.1745013328125 0.341654903125 0.18319865468750002 0.347413640625 0.2035943171875 0.3558729828125 0.22055492031249999 0.37002235625 0.23901603593749998 0.371993890625 0.24825942343750002 0.37617998125 0.2625200515625 0.37908225 0.27901626562500004 0.3665513234375 0.2792869515625 0.36478145624999997 0.2899748359375 0.377381084375 0.3085993 0.37098488125 0.3260756171875 0.3827867375 0.338483375 0.3862390765625 0.35 0.6890625 0.35
1 0.6890625 0.35 1 0.35 1 0.119442278125 0.9880480296874999 0.1068767 0.9767419125 0.0907721125 0.9556669984375 0.063342696875 0.9230808843750001 0.04701021875 0.8819017828125 0.0501152453125 0.87041229375 0.025381829687500003 0.855227690625 0.029453259375000002 0.8310294812500001 0.0208848125 0.804150309375 0.0274243578125 0.7889387625000001 0.0240859234375 0.7629442640625 0.0231195171875 0.743072103125 0.03386229375 0.727860559375 0.030523859375 0.6890625 0.02626275 0.6890625 0.35
0 0.335963865625 0.35 0.337035125 0.3583478765625 0.340395675 0.362935459375 0.3440421359375 0.36255110468749996 0.3543558109375 0.35652219375 0.3570196203125 0.35 0.335963865625 0.35
0 0.2983319015625 0.3735464375 0.2896311453125 0.3633444828125 0.280698365625 0.37293419375000003 0.28025602968749996 0.3766871703125 0.28486798593749996 0.3910264546875 0.29005176875 0.39542186093750004 0.30054881093749997 0.398021775 0.3032567140625 0.39032364531249997 0.2983319015625 0.3735464375
0 0.146776209375 0.6613202546875 0.14510940781249998 0.6627313953125 0.1459184828125 0.676236071875 0.15644246875 0.6862458499999999 0.169960265625 0.68358555625 0.17068851406250002 0.674860640625 0.1622736640625 0.6596867484375 0.146776209375 0.6613202546875
0 0.16082763125 0.7636170156250001 0.145616084375 0.7602785828124999 0.1362140234375 0.7662114078125 0.138247565625 0.7820579203125 0.1394720328125 0.7843997578125 0.14877155312499998 0.792067696875 0.1613777359375 0.7895034937500001 0.16254831875 0.7770256015625 0.16082763125 0.7636170156250001
0 0.23801773593750003 0.882732215625 0.2416911390625 0.8897577265625 0.2500521015625 0.8901118921875 0.260365778125 0.8840829765624999 0.2627608265625 0.8739469234375001 0.2548152609375 0.8624299203125 0.25010075781249996 0.8616914000000001 0.242964265625 0.8636790718749999 0.234031484375 0.8732687828125 0.23801773593750003 0.882732215625
0 0.6041974390625 0.38825386562499997 0.6135725578125 0.3749111765625 0.6059129000000001 0.358422234375 0.5998175046875 0.354122915625 0.5875241734375 0.35912504218749997 0.5837751703125 0.3731101625 0.5897410828125 0.3836003796875 0.5981289859375 0.39136441093749996 0.6041974390625 0.38825386562499997
1 0.6890625 1 0.6890625 0.47640861093750003 0.6827901546875 0.475099509375 0.6669529046875 0.46688522812500005 0.64895263125 0.44901533281250006 0.6267340734375 0.44147366874999994 0.6110532515625 0.43447835 0.5865960718750001 0.4382917046875 0.5615131890625 0.43722921093749995 0.5347635000000001 0.4375778546875 0.5204905109375 0.441553196875 0.49923745625000004 0.448735171875 0.495564053125 0.4417096640625 0.47727786875 0.42881170625 0.4635011015625 0.44385380156250004 0.447976703125 0.43807744531250004 0.4396965703125 0.45995286875 0.4335255765625 0.47666417968749997 0.42836873906250006 0.479678634375 0.408728603125 0.4706297453125 0.3997958203125 0.48021945781250003 0.389687228125 0.459046840625 0.37174083750000003 0.4559966734375 0.36729053437500003 0.4861165703125 0.35854111875 0.5043351078125 0.33819968125 0.511420996875 0.3291912984375 0.5420213374999999 0.326850134375 0.56697711875 0.3301889703125 0.6073950546875 0.320139490625 0.6442823859375 0.313682584375 0.665965634375 0.30483063125 0.6977849359375 0.2938425953125 0.727358490625 0.2811069265625 0.736113596875 0.274650021875 0.75779684375 0.28507146875 0.7814073859375 0.2755399234375 0.793531109375 0.28004934062500003 0.8214711578125 0.283021440625 0.844631446875 0.28370103125 0.8643270218750001 0.277972371875 0.87728535625 0.2722706578125 0.8976535546874999 0.2753722390625 0.914622940625 0.282433134375 0.933645896875 0.2789700421875 0.9426590765625 0.2701936875 0.9534677500000001 0.2815267453125 0.9769822046875 0.29095575 0.9784592437499999 0.29861540625 0.9949481875 0.2917170578125 1 0.6890625 1
0 0.696731734375 0.35 0.696883896875 0.354409921875 0.70191125 0.35758636718750003 0.711939015625 0.3565293921875 0.712551553125 0.35 0.696731734375 0.35
0 0.780315246875 0.35 0.7848951578125 0.3562521703125 0.8027120640625001 0.3654932375 0.8081548125 0.3575068421875 0.8078957921875001 0.35 0.780315246875 0.35
1 0.6890625 1 1 1 1 0.5052344546875001 0.9932066296875 0.50355186875 0.97043796875 0.47012372812500003 0.9405597578125 0.44609312343749996 0.9166743984375 0.43996260156249994 0.8800264296875 0.43517731875 0.862053096875 0.42471728750000004 0.8491071171875 0.41743370156250004 0.8358482859375 0.40771219218750004 0.8276706921875 0.4159868515625 0.8027172921875 0.40873345624999996 0.783573378125 0.4107513171875 0.7680489796875001 0.40497495937499994 0.7488025234375 0.420593584375 0.7301009453125 0.41885847031249995 0.7277058953125 0.4289945234375 0.7017113953125 0.428028115625 0.6946774421875 0.41641502187499996 0.6890625 0.4170068640625 0.6890625 1