0 0.0415504640625 0.1775026015625 0.023230375 0.17957635156250001 0.0180734125 0.1884090203125 0.021392846875 0.19690308437499998 0.039849271874999995 0.1988496640625 0.050220509375 0.1947929984375 0.050260025 0.189998828125 0.047116437500000004 0.1807309234375 0.0415504640625 0.1775026015625
0 0.0387269046875 0.0882814859375 0.036832065625 0.0919995484375 0.032866540625 0.10020951250000001 0.0446623765625 0.10836497187500001 0.0588806015625 0.110480853125 0.0679240640625 0.1030265625 0.069858415625 0.0945143296875 0.0604454546875 0.085113459375 0.045875531250000004 0.0845452578125 0.0387269046875 0.0882814859375
1 0.4296875 0 0.20288204531249998 0 0.19375013125 0.0113501796875 0.187986590625 0.0320927046875 0.169587475 0.0437547953125 0.1594889109375 0.0558521234375 0.1434331578125 0.071062975 0.13364678125 0.0864067921875 0.12473965312499999 0.097881415625 0.107571490625 0.10412663124999999 0.12358380937499999 0.13530979999999998 0.1186995203125 0.1521831296875 0.11709515156250001 0.18234469375 0.09510000625000001 0.21907190937499998 0.1238703609375 0.203353153125 0.12539178125 0.2243797796875 0.11753975624999999 0.23121136718750002 0.10929651562500001 0.244384803125 0.105115625 0.2581627734375 0.1089230984375 0.269129490625 0.100464496875 0.287870934375 0.09362805625000001 0.29485365625000004 0.0830019421875 0.3092725015625 0.087161115625 0.3186915390625 0.115109528125 0.3204506484375 0.1344234875 0.3417250421875 0.1428208609375 0.350974778125 0.176198909375 0.3519418796875 0.1774081453125 0.3697220140625 0.16381429375 0.3740991171875 0.157426378125 0.38834865937499996 0.176683028125 0.3960143828125 0.192347565625 0.3871453796875 0.2082452671875 0.3911112078125 0.206623103125 0.40286993125 0.22830213906250002 0.40449607500000007 0.241522575 0.42486366093749994 0.2331825109375 0.42922259531250007 0.2254668203125 0.4400745125 0.25081699375 0.44864704062499994 0.275560590625 0.469129428125 0.29856740312499996 0.47415319531250005 0.2996403015625 0.487913 0.3247573140625 0.4836506984375 0.3409672015625 0.49086301875 0.3358675484375 0.51330435625 0.343952734375 0.5193076 0.34145131875 0.5349355203124999 0.34519799687499997 0.5390625 0.3647489609375 0.5390625 0.37279819375 0.5356003546875 0.3814504453125 0.5344879109375 0.4037360578125 0.524204196875 0.41668381875 0.5365311234375 0.4296875 0.5380593453125 0.4296875 0
0 0.4296875 0.5390625 0.451284046875 0.5390625 0.45207212031250005 0.53413890625 0.4422679453125 0.531079884375 0.4296875 0.533767921875 0.4296875 0.5390625
0 0.43681055312500006 0.4118665078125 0.4321021140625 0.4279659984375 0.44508938750000004 0.4354987546875 0.45153461093749997 0.43485788124999997 0.4624334 0.4284796984375 0.4676298765625 0.414852859375 0.465462365625 0.4105302609375 0.44921296718750003 0.4081121109375 0.43681055312500006 0.4118665078125
0 0.4296875 0.2560737921875 0.4365318421875 0.260623453125 0.4445202046875 0.257812196875 0.44914961875000003 0.251301046875 0.44534214531250005 0.24033433125 0.432354871875 0.232801575 0.4296875 0.23281079999999998 0.4296875 0.2560737921875
0 0.5866373031250001 0.3485620375 0.5827508031249999 0.34718366093749997 0.560056178125 0.34540638437500004 0.5427121640625 0.3524254390625 0.5374188625 0.3572377765625 0.5391951609375 0.367902225 0.5544289734375 0.370169240625 0.5620656375 0.3689056625 0.5795855015625 0.36111276875 0.5866373031250001 0.3485620375
0 0.5746182640625 0.4291742875 0.582391265625 0.43193104218749995 0.590027925 0.4306674640625 0.6021181531249999 0.42366657500000005 0.6021971796875001 0.4140782359375 0.5803422921875 0.41322593281250003 0.5682520656250001 0.42022682031249997 0.5746182640625 0.4291742875
0 0.668338546875 0.0999176625 0.65784876875 0.11835683749999999 0.6604648046875 0.1299462609375 0.6632962015625 0.135967671875 0.674291815625 0.1384039890625 0.6847025671875 0.1295531546875 0.6888834562499999 0.11577518125 0.6865796078124999 0.1074322515625 0.668338546875 0.0999176625
1 1 0.5390625 1 0 0.8687018328124999 0 0.8569147328125 0.008779328125 0.8298223468749999 0.0301596125 0.8093246531249999 0.049697725 0.80213025 0.07592149687500001 0.7803238359375 0.0849118015625 0.7508418328124999 0.105936475 0.7415576703125 0.11961383750000001 0.7246444000000001 0.139685365625 0.7329150906249999 0.1522104 0.7345910874999999 0.1665776078125 0.712324421875 0.1830289109375 0.716871225 0.21194113125 0.707080325 0.23871969218750003 0.6856876765625 0.2458892 0.69329123125 0.2667856328125 0.68552266875 0.2901004 0.7117154890625 0.3052925109375 0.7125639578125 0.32330131562500003 0.706543428125 0.3280524921875 0.7175710125 0.3447525375 0.6860457312499999 0.347590603125 0.6842512140625 0.37179439531249997 0.71428183125 0.380969325 0.7263438265625 0.3931173765625 0.7194027953125 0.412790546875 0.74646963125 0.4187008625 0.7503748515625001 0.4286938796875 0.7966051171874999 0.431808878125 0.8088275093749999 0.44868673125 0.8409478890625 0.47040806875 0.867761359375 0.48286898437500003 0.8682890328124999 0.49141818437499996 0.9033731921874999 0.5164041359375 0.9146076609375001 0.532193784375 0.9430425343749999 0.5390625 1 0.5390625
0 0.7525994859375 0 0.74928896875 0.004057268750000001 0.7463926125 0.0168028546875 0.7561114796874999 0.022955096875 0.765876834375 0.0234671390625 0.776516203125 0.014697384375 0.7789987937499999 0.00377259375 0.7770049921875 0 0.7525994859375 0
0 0.31193075625 0.8244444859375001 0.31607213125 0.8154606812499999 0.314119984375 0.8055700734375 0.2957998953125 0.8076438249999999 0.29179485625 0.8206479578125 0.290524390625 0.830859003125 0.298257878125 0.8384099265625 0.31048444218750004 0.8354293687500001 0.31193075625 0.8244444859375001
0 0.3134562765625 1 0.319024190625 0.9919018296874998 0.3123062890625 0.9845020390624999 0.3035572171875 0.9767999812500001 0.280471378125 0.9813645531249999 0.275666115625 0.9886495421875001 0.277451115625 1 0.3134562765625 1
0 0.47635820625 0.5424681578125 0.46294020468749997 0.5460714203125 0.4598539296875 0.5504121875 0.4599507515625 0.5592266875 0.4728016890625 0.5627391140625 0.47973495312500003 0.56457089375 0.4895213296875 0.549227075 0.47635820625 0.5424681578125
0 0.64492793125 0.5491536203125 0.6320374796875 0.5504353640625 0.6289116921875 0.5595703015625 0.628832665625 0.5691586421875 0.6379334390625 0.5753130203125 0.6536948031250001 0.5752585171875 0.6615863421875 0.5636327609375 0.6564115796875 0.5540625890624999 0.64492793125 0.5491536203125
0 0.70734116875 0.6256423296875 0.6988252546875 0.6307751015624999 0.6933165906250001 0.6411554500000001 0.698843053125 0.6491779421875 0.7060885015625 0.6542562140625 0.7190579796875 0.643386128125 0.71507465625 0.6331932515625 0.70734116875 0.6256423296875
0 0.7985347171875 0.7880148218749999 0.7999415187500001 0.78182410625 0.79013734375 0.778765084375 0.77556741875 0.778196884375 0.769882903125 0.78935106875 0.768964140625 0.7980144359375 0.7733386765625 0.8018654640625 0.7855257265625 0.803679075 0.795057228125 0.7986974375 0.7985347171875 0.7880148218749999
0 0.6695264156249999 1 0.67859676875 0.9877685609375 0.6897504359375001 0.9710281999999999 0.6973693015625 0.9513617812499999 0.6919791765625 0.94735961875 0.6787370265625 0.9501890421875 0.674498825 0.95035834375 0.6685989484375 0.9670805390625 0.6647302453125 0.9841050015625001 0.653070253125 1 0.6695264156249999 1
0 0.670276303125 0.7841282421875 0.6834789406249999 0.7860929890625 0.6882842046875 0.778808 0.6973276687500001 0.7713537078125 0.6951996703125 0.7622369390625 0.6855713453125001 0.758404078125 0.6747120703125 0.7599880921875 0.67123458125 0.77067070625 0.6693002296875 0.7791829375 0.670276303125 0.7841282421875
0 0.7940416406249999 0.798546303125 0.7880449390625 0.8064539968750001 0.7747415578125001 0.8372746 0.8008958749999999 0.809966421875 0.818552078125 0.80619385625 0.8291781921875 0.7917750124999999 0.8265621578125 0.780185590625 0.8223634703125 0.7755607234375 0.8086905921875001 0.7895261640625 0.7940416406249999 0.798546303125