0 0.2638855953125 0.3726154890625 0.255643521875 0.3581846734375 0.24011997031250001 0.36117015625 0.23843598125 0.362726015625 0.23908823125 0.3761525125 0.2495005171875 0.3852379765625 0.26305545937499997 0.3813991 0.2638855953125 0.3726154890625
1 0.7059105531250001 0 0.7102485375 0.013210549999999998 0.6991401265625 0.013252521875000001 0.688102275 0.020611293750000002 0.672165434375 0.026817843749999997 0.6646959828125001 0.024065584374999997 0.6548476 0.028054009375 0.6380136171874999 0.0333859046875 0.627540259375 0.0186450140625 0.6319957234375 0.0429208234375 0.624475871875 0.046461428124999996 0.609365609375 0.046225840625 0.6092244843750001 0.03159225 0.596321790625 0.029884909375 0.5781068171875 0.030246418749999997 0.570778490625 0.042127750000000005 0.5785100296875 0.060537532812499996 0.5740444890624999 0.06977390312500001 0.566816965625 0.0690695078125 0.5506885968749999 0.06693533125 0.5376246171875 0.0369847421875 0.5209115984375 0.0433405671875 0.5247622484375001 0.062496717187499995 0.5304575781249999 0.0771093203125 0.5406890125 0.0898023484375 0.5411224640625 0.10019093750000001 0.5296007625 0.10345398125000001 0.517544809375 0.1089141625 0.521808746875 0.1248492453125 0.5093596671875 0.1471401515625 0.4981806921875 0.13986533125 0.47734485937500004 0.1449196640625 0.47253659218749994 0.1646939 0.4874250921875 0.17649128125 0.4902072390625 0.200041709375 0.48976371093750004 0.22316529843750002 0.4741897578125 0.23244364375 0.46370632343749996 0.251214934375 0.451035478125 0.2850676390625 0.441570146875 0.30573751875 0.460410096875 0.3241053265625 0.45415027500000005 0.3315923828125 0.43377812968749996 0.3271327828125 0.43333460468750007 0.3502563734375 0.42305277031250005 0.34385621093749996 0.40898077187500004 0.3591288703125 0.3989106234375 0.37467909375 0.395725275 0.40147157499999997 0.40076539218749996 0.41725738437500004 0.40876909218749996 0.41781250625000005 0.410099684375 0.4290757546875 0.41233224843750005 0.4390625 0.9883751453125 0.4390625 0.9937559296875002 0.20788208125000002 0.9837050062500001 0.12398196875 0.9753888156249999 0.11406218906250001 0.9670020625 0.0968256125 0.9533231921875001 0.095267546875 0.9362976859375 0.0922587140625 0.9123873796874999 0.0780076203125 0.9032244500000001 0.06092031875 0.8793645437500001 0.0403763609375 0.8508677359375 0.0343377078125 0.826392940625 0.0421862734375 0.8128148703125 0.0280424796875 0.7959607265625 0.0197647140625 0.7808504625 0.0195291265625 0.7728971625 0.0126811421875 0.7636334312499999 0.0081795671875 0.7484022046875001 0.0069200484375 0.738896546875 0.0003706109375 0.738721421875 0 0.7059105531250001 0
0 0.8620841375000001 0 0.8619849671875001 0.000772903125 0.865402165625 0.0095404640625 0.8751497484375002 0.0181377671875 0.8902600125 0.018373353125 0.8917418046875 0.010758007812500001 0.8904709000000001 0 0.8620841375000001 0
1 0.3390625 0.4390625 0 0.4390625 0 0.9822026859375 0.332933434375 0.9181730890625002 0.3390625 0.6548434421875 0.3390625 0.4390625
0 0.7346354093749999 0.48463027031249994 0.7349277359374999 0.48038526875 0.7302505078125 0.4676712546875 0.7280933390625 0.46285014531249996 0.7163297109375 0.464065325 0.7101908515625001 0.47257631250000004 0.7103319765625 0.487209903125 0.7151805687499999 0.49465498593749996 0.724736625 0.49491155937500003 0.7346354093749999 0.48463027031249994
0 0.76833363125 0.6153320015625 0.7605012921875 0.609507946875 0.7552595734375 0.61889359375 0.7553301375 0.6262103875 0.7594025515625 0.6338047453125 0.7690795703125 0.63508525 0.7717004296875001 0.6303924265624999 0.76833363125 0.6153320015625
0 0.6127957328125 0.9248460656249999 0.62366221875 0.922756228125 0.6240049453125 0.9122183625 0.6192571546875 0.8921875546875 0.6162734078125001 0.8938085828125001 0.60482226875 0.904388421875 0.6044089796875 0.9076094890625 0.6067576750000001 0.9207713265624999 0.6127957328125 0.9248460656249999
0 0.49242772500000004 0.9877885953125001 0.55395744375 0.9979463265625 0.5550259468750001 0.9935520546875001 0.55357439375 0.9812648734374999 0.54639726875 0.9742676140625001 0.5350469312499999 0.9722617265625001 0.5239385171875 0.9723037 0.50208458125 0.9754594437499999 0.4223398875 0.9656632218750001 0.41865052656249996 0.9747503187500002 0.49242772500000004 0.9877885953125001
0 0.5060360125 0.8207618265625 0.5140901171875 0.8150240859375 0.512033746875 0.7976172484375 0.5016309484375 0.7901931531249999 0.49243778124999993 0.7930083734375 0.48904074375000006 0.797850471875 0.49163136406249996 0.8130601703125 0.501378946875 0.8216574718749999 0.5060360125 0.8207618265625
0 0.9617329078125 0.626308521875 0.9513805109375 0.6125915640625 0.9458263046875001 0.6126125499999999 0.9384274156250001 0.6171770859375 0.9400200968749999 0.6440978546875 0.955079959375 0.6506263046875 0.9580637062499999 0.649005278125 0.9617329078125 0.626308521875
0 0.8773210718750001 0.6509201250000001 0.8852945359375 0.67137776875 0.89104026875 0.679697509375 0.904164725 0.669843053125 0.9064932578124999 0.66939523125 0.9034187859374999 0.65008980625 0.895828371875 0.646313615625 0.8881169968750001 0.6415134921875 0.8773210718750001 0.6509201250000001
0 0.8543583078125 0.6312508250000001 0.86464014375 0.6376509890625 0.8685915921875 0.6442214140625 0.8802342578125 0.641982303125 0.8851836500000001 0.6368416578125 0.8836111328125 0.6235305453125 0.8738131484375 0.6212261109374999 0.8597209875 0.6228891125 0.8346514546874999 0.5921058390625 0.8543583078125 0.6312508250000001
0 0.68343798125 0.9583839624999999 0.6818654656250001 0.9450728515625 0.6754645187499999 0.9379263171875 0.663579928125 0.9381175671875 0.6532678546875 0.9516199249999999 0.6738315234375 0.964420253125 0.68343798125 0.9583839624999999