0 0.24280167812500003 0.143202328125 0.24409758906249998 0.1322200875 0.2369168484375 0.1277838390625 0.2254432453125 0.1289661234375 0.2191221140625 0.1323119265625 0.21258283437499997 0.1450398765625 0.2259756296875 0.1508213953125 0.24280167812500003 0.143202328125
0 0.4 0.1263968875 0.39517363125 0.12381419375 0.384650534375 0.128869303125 0.3689386046875 0.13332458281249998 0.3553821953125 0.134579675 0.3501751859375 0.1347616921875 0.340693490625 0.1397803984375 0.33952483437500003 0.1452897203125 0.3475833625 0.156726175 0.36333165156249997 0.15070720312500002 0.3948645859375 0.1371055671875 0.4 0.13438736874999999 0.4 0.1263968875
0 0.159263546875 0.24533619375 0.16456145312499998 0.24124494687500003 0.1941933765625 0.21989766406250003 0.21852739062499998 0.202641625 0.23126054687500003 0.19204079062499999 0.20294271406250003 0.20162398750000002 0.17661679218749998 0.2150436046875 0.1597180265625 0.22579005468750002 0.149085853125 0.235536234375 0.14888588281249998 0.24413653750000003 0.159263546875 0.24533619375
0 0.2143773484375 0.33637362187500003 0.249857740625 0.3320085203125 0.2124945140625 0.32784612812499997 0.1928714859375 0.3215011859375 0.18216659531249998 0.33437475 0.19559575 0.3385925765625 0.2143773484375 0.33637362187500003
0 0.1675350390625 0.2028617078125 0.1730329171875 0.1901701609375 0.16791680312499999 0.18644295 0.1534098859375 0.1838252171875 0.1480756203125 0.18948015468749999 0.1489534109375 0.19648036093750001 0.1560432546875 0.2048258375 0.1675350390625 0.2028617078125
0 0.041901940625 0.1463189828125 0.0554038109375 0.147409428125 0.066968309375 0.142317915625 0.0682460421875 0.1321175203125 0.058031990624999995 0.1238812546875 0.04761796875 0.12424528906250001 0.038063556250000005 0.1323913765625 0.037936303125 0.1378642953125 0.041901940625 0.1463189828125
0 0.024592853125 0.0852084453125 0.0307140140625 0.09046294375 0.040050275 0.091699003125 0.05168749375 0.083480109375 0.054920775 0.07867982500000001 0.054024804687500004 0.07246146406250001 0.042587559375 0.0720800578125 0.0351523109375 0.078589646875 0.024592853125 0.0852084453125
0 0 0.1306658578125 0.01308808125 0.132483215625 0.02454350625 0.1320827765625 0.030937353125 0.1256095921875 0.0440159140625 0.10015369062499999 0.0493865375 0.0929350625 0.049404715625 0.0921532171875 0.0390088734375 0.09173540625 0.026366614062499998 0.0984270140625 0.014783932812500001 0.104300371875 0.004224478125 0.110919171875 0 0.115196071875 0 0.1306658578125
0 0.0798365234375 0.036404728125 0.08834953125 0.02829504375 0.082337446875 0.0183494734375 0.06761238281250001 0.025113885937500004 0.05500648125 0.030241803125 0.0526691671875 0.041260446875 0.0640700546875 0.043205545312499996 0.0798365234375 0.036404728125
0 0 0.10813637031250001 0.008517340625 0.1053006375 0.012792025000000002 0.10046395156250001 0.0057385390625 0.090554784375 0 0.0902161078125 0 0.10813637031250001
1 0 0.5296875 0.106784215625 0.5296875 0.1080659984375 0.5228930328125 0.1155376078125 0.5148197531250001 0.11699713125 0.49680090000000005 0.12342733749999998 0.4887640234375 0.1319767046875 0.47909064843750004 0.1528592875 0.47601704062500005 0.1810680421875 0.47112491875 0.1730276921875 0.45890661718750003 0.15559654218750002 0.44779779375000006 0.15881164375 0.44377935468749996 0.1728043515625 0.4237599703125 0.163631703125 0.4154873 0.1522126375 0.41432404843750004 0.1523944296875 0.40650559218750004 0.1566691140625 0.40166890468750005 0.1692750171875 0.3965409890625 0.1769102359375 0.3814310984375 0.155168040625 0.376722653125 0.153285209375 0.368195159375 0.160793175 0.3585581875 0.1652132921875 0.34746673437500003 0.16042440156249999 0.3296663046875 0.1534254515625 0.3174116 0.1506648296875 0.30188389843749996 0.1531839359375 0.28304679843749997 0.1514828921875 0.2667008484375 0.1370123375 0.262519425 0.125720525 0.25588325312500004 0.106242928125 0.24328354531250002 0.1285123171875 0.22531846875 0.11175898437500001 0.229810153125 0.1014176796875 0.2270468046875 0.0995893828125 0.21617377499999998 0.089302615625 0.21106489062499997 0.0863238421875 0.20491933750000002 0.0916581078125 0.1992644 0.10521451562499999 0.198009309375 0.10766090312500001 0.182299590625 0.0921853046875 0.17659087812500002 0.081971253125 0.1683546125 0.06629568125 0.171246203125 0.0579281046875 0.17310112187499999 0.0482646171875 0.1859382828125 0.03160218125 0.1865207390625 0.037009165625 0.1777384203125 0.02149720625 0.1735934 0.014516435937499999 0.16055685 0.020177925 0.14082869375 0.002564984375 0.13753832500000002 0 0.136165746875 0 0.5296875
0 0.9144131968749999 0.038738240624999996 0.9120577031250001 0.05053873125 0.9244636343749999 0.0540111171875 0.942240190625 0.050264875 0.942567415625 0.036191654687500005 0.927037278125 0.032828478125 0.9144131968749999 0.038738240624999996
0 0.8374039671875 0.039086565625 0.8288000609375 0.051105476562499995 0.8411514546875001 0.056923398437499995 0.856881565625 0.051686271875 0.8519472406249999 0.0401406078125 0.84990079375 0.038649721875 0.8374039671875 0.039086565625
0 0.768972665625 0.1180372578125 0.7816149250000001 0.11134565156250001 0.77556648125 0.10296377187500001 0.7735927531250001 0.0983455046875 0.7632878046875 0.094018465625 0.752801065625 0.0975098828125 0.748326409375 0.11094687343750001 0.7564758375 0.1184741 0.768972665625 0.1180372578125
0 0.812545334375 0.2579131484375 0.8222088203125001 0.2450759875 0.8181522874999999 0.240530528125 0.8131270671875 0.23289409062500002 0.8058917890625 0.23080337812499999 0.7954595875 0.23194925937500002 0.7835678625 0.251113990625 0.7896708421875 0.257150334375 0.812545334375 0.2579131484375
0 0.6757321109375 0.0556749515625 0.6739765312499999 0.0416745390625 0.6615887796875001 0.03742030625 0.6511383984375 0.0393480328125 0.646809175 0.04653025625 0.6465910265625 0.05591240468749999 0.6506475593750001 0.0604578625 0.6631080296875 0.061584712500000006 0.6757321109375 0.0556749515625
0 0.6088772078125 0.022076284374999998 0.61317006875 0.0164577515625 0.6102458328125 0.007966659375 0.6051115390625 0.0050212953125 0.599904528125 0.0052033140625000005 0.5904410125 0.009440171875 0.5891451015625 0.020422414062499998 0.5953207984375 0.023331374999999998 0.6088772078125 0.022076284374999998
1 0.4 0 0.4 0.5296875 0.6333919109374999 0.5296875 0.65371458125 0.5103276703125 0.6717092875 0.4971992796875 0.6845696968749999 0.48112552500000005 0.6994220171875 0.46888819374999996 0.7164480359375001 0.45266882500000005 0.717743946875 0.4416865828125 0.7232781828125 0.4274313453125 0.726838690625 0.408557840625 0.7343102984375001 0.40048456093749996 0.7492898718750001 0.3827743078125 0.76491090625 0.38222825625 0.80346096875 0.380099478125 0.8151527218750001 0.3695350484375 0.7893358156250001 0.3610629890625 0.77165015625 0.360900003125 0.7559200484374999 0.3661371296875 0.75601094375 0.3622279015625 0.7687622796875 0.350845221875 0.7742238 0.339717365625 0.762108734375 0.3237354515625 0.7612854828125 0.31438970781250003 0.7659419296875 0.2931342640625 0.7746549125 0.27642427812500003 0.76981148125 0.260969384375 0.765864025 0.2517328515625 0.75813271875 0.22622317656250002 0.7522478890625 0.21080468593749999 0.7556629625 0.1981859453125 0.74325703125 0.1947135609375 0.7385408578125 0.17378574687499998 0.7648122453124999 0.16271166718750002 0.7713333453125 0.1507655625 0.8264861171875001 0.105871071875 0.762160696875 0.1424928921875 0.7220602140625 0.16654974843749998 0.7148249359375 0.1644590359375 0.7327832828125 0.1528943375 0.7361801781249999 0.14105744375 0.7108592984375 0.15600434999999999 0.7123551796875001 0.1364218046875 0.7064885296875 0.1202214703125 0.7175388234375 0.09249284062499999 0.6989208359375001 0.087675184375 0.674968584375 0.08851246406249999 0.656992059375 0.100859009375 0.64986585625 0.0940772234375 0.638719478125 0.0811862875 0.621706446875 0.052095015625 0.6396647953125 0.0405303171875 0.6485777468749999 0.015220029687500001 0.66752295625 0.005964465625 0.6664625531249999 0 0.6284951515625 0 0.6107055031249999 0.0329493140625 0.5952480812500001 0.0264587578125 0.5354284828125 0.0035511046875 0.5094661453125 0.001333809375 0.506190053125 0 0.4927129984375 0 0.4864825796875 0.0052620703125000005 0.4738403171875 0.011953678125 0.4752508578125 0 0.4 0
0 0.24720224375000002 0.7867106625 0.2539051359375 0.766946103125 0.24895263281250002 0.75618228125 0.244914278125 0.750854978125 0.23347703281249998 0.75047356875 0.224909484375 0.760928790625 0.22354085625 0.7750384140625 0.227524675 0.78271125625 0.24720224375000002 0.7867106625
1 0 0.5296875 0 0.9892047421874999 0.01434800625 0.9884527953125 0.0301516578125 0.9658424890624999 0.0566503640625 0.9318296453125001 0.077991703125 0.9090259359375 0.1006223828125 0.8834199421875001 0.11706300624999999 0.8607875437500001 0.11890841562500001 0.8340699828125 0.13878931875 0.821427103125 0.16387035625 0.7957354546875 0.1703384453125 0.7808042234375 0.1831035328125 0.75830030625 0.17233356718749998 0.747647934375 0.167753659375 0.7340219703124999 0.18658048124999999 0.714063371875 0.1761954859375 0.6868542703125 0.18051264218750002 0.6591312375 0.2003507671875 0.6483279937499999 0.188548109375 0.6294400859375 0.191554534375 0.6054391531250001 0.162406884375 0.5954291984375 0.15791252656250002 0.5781239609375 0.1629415671875 0.5724337390625001 0.14858161406249998 0.5582305796875 0.179382190625 0.5498013390625001 0.1767444015625 0.5296875 0 0.5296875
0 0.16250767500000002 0.90699064375 0.18350681875 0.8989040265625 0.1860641125 0.8942192796875 0.1863635328125 0.881341821875 0.175443859375 0.87712818125 0.16562103749999998 0.8783906203124999 0.156809521875 0.888808415625 0.15655287499999998 0.8998462359375001 0.16250767500000002 0.90699064375
0 0.8009316015625 0.6565935609375 0.80084070625 0.6605027890625 0.809008309375 0.6672481718750001 0.8236788390625 0.6628292953125 0.82888585 0.6626472765625 0.8281716718750001 0.648610459375 0.8095355062500001 0.64457465 0.8009316015625 0.6565935609375
1 0.4 0.5296875 0.4 1 0.4576648875 1 0.5474526984375 0.9966873187499999 0.5589808390625001 0.9931594968749999 0.5832421375 0.979030840625 0.6064620328125001 0.964938590625 0.6256981125 0.9431734953124999 0.6384858046874999 0.9302271234374999 0.6502139171875 0.9180990015624999 0.6640248359375001 0.9058980703125 0.6767216328125001 0.896860928125 0.6926698921875 0.8822416546875 0.7012374375 0.8717864343749999 0.7162351921875001 0.8532943359375 0.7229380843750001 0.8335297765625 0.7254208312499999 0.816256365625 0.7423923140625 0.8023825359375 0.7706374296874999 0.7959267203125 0.8083642390625 0.7844522015625 0.7845210609375 0.7805984078125 0.75662135 0.7721991562499999 0.771346415625 0.76543474375 0.7760392203124999 0.74261560625 0.7542788484375 0.7386890078125 0.7639605140625 0.72507 0.7725280640625 0.71461478125 0.758257478125 0.7018330546875 0.7576887343750001 0.6815414734375 0.7715178296875 0.6685586984375 0.7634593000000001 0.65712224375 0.7481473125 0.6443769203125 0.7486199703125 0.6240489359375 0.7572784125 0.6096844875 0.7515935546875 0.5856656953125 0.7519571390625 0.5700287859375 0.7708114531250001 0.564682446875 0.787692040625 0.55471784375 0.7991474640625 0.5543174046875 0.818399259375 0.5296875 0.811350215625 0.5296875 0.7911071140624999 0.542099103125 0.7628438203125001 0.5493367640625 0.743662278125 0.5687563203125 0.720842325 0.5656479703125 0.7347077796875 0.5511015046875001 0.7054212625 0.5575937234375 0.7057484875 0.543520503125 0.698695003125 0.533611334375 0.6973761375 0.5296875 0.4 0.5296875