0 0.0358157078125 0.3925958203125 0.03956589375 0.3939529671875 0.043696921875 0.3921928859375 0.0466579375 0.38718835625 0.05233981875 0.38555550625 0.049083678125 0.3737439953125 0.044417374999999995 0.36706424531250004 0.0391163359375 0.36557987187499996 0.032545823437499996 0.3744862484375 0.030106339062499998 0.38163254375 0.0358157078125 0.3925958203125
0 0.16340052656249998 0.2970641546875 0.15059911406249998 0.2928654890625 0.14167483593750002 0.2889848921875 0.140024521875 0.302492865625 0.1432806625 0.3143043765625 0.148849340625 0.3200086640625 0.161890903125 0.31583111875 0.163301065625 0.31069935625 0.16340052656249998 0.2970641546875
0 0.4308467875 0.1657793734375 0.44507210468749997 0.17114434375 0.44737089843750005 0.1587390578125 0.44412850156249994 0.1532256125 0.4398430390625 0.14342863749999998 0.42988944062499995 0.141562578125 0.423572821875 0.148390803125 0.4254050578125 0.159036009375 0.4308467875 0.1657793734375
0 0.6796875 0.162708528125 0.6759535921875 0.1596501328125 0.6696094890625 0.15388222812500002 0.64156718125 0.15263119375 0.6386199078125 0.1639337890625 0.6646173171875 0.175511959375 0.673160753125 0.18250978125 0.6769384265625 0.1964630546875 0.6796875 0.1958733046875 0.6796875 0.162708528125
0 0.4592901953125 0.054767948437500005 0.456215975 0.06710962031249999 0.45532734374999995 0.0743831453125 0.46670485 0.07741550781249999 0.4745860640625 0.077012575 0.47740638906250005 0.066749053125 0.47751959375 0.0594119140625 0.47182396875 0.054746703125 0.4625188484375 0.05398333281249999 0.4592901953125 0.054767948437500005
0 0.4389884109375 0.047854990624999996 0.4377051953125 0.0519476765625 0.435927934375 0.066494725 0.4369847421875 0.07707631875 0.44306120781249997 0.07862430625 0.4502939421875 0.077118684375 0.456215975 0.06710962031249999 0.4592901953125 0.054767948437500005 0.458501025 0.0484062703125 0.44957674687500004 0.044525675 0.4389884109375 0.047854990624999996
1 0 0 0 0.30169794687499996 0.0007291 0.3015602859375 0.026431384375 0.296322415625 0.043236878125 0.2998000796875 0.04476024375 0.28733118125 0.07797664374999999 0.291105665625 0.0774688546875 0.295261965625 0.08626618593749999 0.30018163593749997 0.09620604375 0.29574963125 0.09293615937500001 0.277640059375 0.102889759375 0.27950611875 0.10665368906249999 0.287161328125 0.1199766328125 0.293501759375 0.1331314 0.28198707343749996 0.12095097968749999 0.2662949671875 0.12728134062500002 0.26576480625 0.1364732578125 0.2738653140625 0.14758312499999998 0.2726777640625 0.15418112343749998 0.2763675171875 0.169027434375 0.270239046875 0.1695214796875 0.259784684375 0.183084575 0.25774890156249997 0.1928699984375 0.2417598453125 0.1896276 0.2362463984375 0.18779536562500002 0.2256011921875 0.1962975734375 0.2137048203125 0.21181985 0.22127516875 0.2113258046875 0.23172953281250003 0.2147088921875 0.2425019671875 0.23137369375 0.2407206390625 0.23340485000000002 0.22409544218750002 0.22834396093749998 0.2142348546875 0.2291056453125 0.208000403125 0.226484240625 0.19099351874999998 0.23009373593750002 0.1870916765625 0.23670547812499998 0.1970794921875 0.24778785937499997 0.1832958140625 0.2354942359375 0.1749408484375 0.2393438828125 0.162662790625 0.25935054375 0.15275970781249998 0.271376528125 0.156894759375 0.275915884375 0.164613584375 0.284572525 0.164274265625 0.286730628125 0.14660999218749998 0.2880001 0.13621924218749998 0.29664299843749997 0.129581859375 0.30552604687499996 0.1145682625 0.3208251734375 0.0790912390625 0.3254777328125 0.079472925 0.32832554531249997 0.08180553125 0.33526315625 0.0634838671875 0.345343703125 0.06431085156250001 0.356988846875 0.071563128125 0.365618 0.058627682812500005 0.3563985984375 0.037931046875 0.3690318328125 0.0242745953125 0.38156560625 0.024253346875 0.390575603125 0.0082006765625 0.3876182828125 0 0 0
0 0.21507996093749998 0.412549690625 0.2225803328125 0.415263984375 0.22981306875000002 0.41375836093749996 0.23302797812499998 0.40667567968749996 0.22640249375 0.3903898 0.22213077499999997 0.3868908890625 0.21245855625 0.3955428078125 0.21507996093749998 0.412549690625
0 0.5770183296875 0.23864133281250002 0.57672320625 0.221825290625 0.5728323296875 0.2152091546875 0.5593824374999999 0.2099078015625 0.5491886874999999 0.21641795468749997 0.548708384375 0.23317038281250002 0.5422785640625001 0.247335746875 0.5499058828125001 0.24901096250000002 0.5568847234375001 0.249583490625 0.57212561875 0.24663586093749998 0.5770183296875 0.23864133281250002
0 0.8908935984374999 0.371988575 0.89568685 0.3776292484375 0.9048512796875 0.37313362968749997 0.9081931375 0.36501187343749997 0.909462609375 0.35462112343749996 0.9102242921875 0.348386675 0.9033724 0.346775071875 0.889033878125 0.348747240625 0.8897098437500001 0.3624460578125 0.8908935984374999 0.371988575
0 0.8014106625 0.341558834375 0.80853019375 0.347390353125 0.8166653015625001 0.34490927031249996 0.820909534375 0.3358120515625 0.8220795453124999 0.33905650625 0.8193311937500001 0.3230886953125 0.814397253125 0.3121890328125 0.8065022953125001 0.3062939015625 0.7996778890625 0.3172784265625 0.7985491078125 0.332928165625 0.8014106625 0.341558834375
1 1 0 0.6796875 0 0.6796875 0.20033526875000002 0.68145245 0.2015810578125 0.6958459453125 0.22480114218749997 0.6993422375 0.22823643906250002 0.7124250296875 0.2429530828125 0.727566465625 0.25364065468749997 0.74048108125 0.250502184375 0.7527747046875 0.2588571484375 0.7604020234375 0.260532365625 0.7702561625 0.276033628125 0.778645165625 0.271474396875 0.7897687765625 0.276584909375 0.786173025 0.2867848140625 0.776614009375 0.28809959531249996 0.7714674046875001 0.298172271875 0.7625980984375 0.3194839328125 0.7827729359375 0.3274359671875 0.7977187078125001 0.3076722953125 0.8015820984375001 0.30169230156250004 0.8201785953125 0.2969209796875 0.8390289859375001 0.29007150625 0.841355265625 0.29026235 0.8594577171875001 0.2959453890625 0.87675725625 0.28896868750000004 0.8873455921875 0.2856393734375 0.8988637875000001 0.293930725 0.9035575781249999 0.313206603125 0.9096615312499999 0.3273507203125 0.9155835625 0.3173416546875 0.9157962281250001 0.2963693140625 0.9276677796874999 0.2889473125 0.9341388296875 0.293676140625 0.948998884375 0.293845734375 0.9635775578124999 0.2834973515625 0.9745467359375001 0.2770508109375 0.9904223671875 0.2689078078125 1 0.268105690625 1 0
0 0.27499650937500003 0.9138876296875 0.2689063 0.9060415781250001 0.26463458125 0.9025426687500001 0.2553432046875 0.9080773609375001 0.2540737328125 0.9184681109374999 0.25952920625 0.9315095390625 0.2683265375 0.9364292093749998 0.277871809375 0.9288163640625001 0.27966281249999997 0.9205673812499999 0.27499650937500003 0.9138876296875
0 0.31582974375 0.8553176203125 0.3058898875 0.8597496249999999 0.3026749765625 0.8668323062500001 0.302053984375 0.8783257453125 0.30490179687499996 0.88065835 0.3169140375 0.8784953390624999 0.3220743875 0.8747207249999999 0.321666059375 0.8652418234375 0.31582974375 0.8553176203125
0 0.392222659375 0.7492893515625 0.3838611421875 0.7664447125 0.393306953125 0.7724670703125 0.4026258171875 0.7795285062499999 0.4170193109375 0.80274859375 0.42437899375 0.8002038953125 0.4112687140625 0.7728911234375 0.40424864375 0.753424403125 0.392222659375 0.7492893515625
0 0.40461574218749996 0.744009115625 0.41248321250000003 0.73730811875 0.412963515625 0.7205556921875 0.4045470265625 0.7125187953125 0.393944946875 0.709550046875 0.387515125 0.7237154109375 0.39091195624999997 0.740785909375 0.40461574218749996 0.744009115625
0 0.46664987656249995 0.7490982515625 0.45905004375 0.7600191625 0.4603744890625 0.77482066875 0.4705957265625 0.7809066421875 0.47589676562500005 0.7823910171875 0.48594982656249996 0.7706218734375 0.47907044687499994 0.7564141421875 0.471683278125 0.7463627125000001 0.46664987656249995 0.7490982515625
0 0.395745725 0.5281361125 0.4005664609375 0.5463729140625 0.4127056515625 0.5431708265624999 0.4302590828125 0.534115978125 0.41587933125000004 0.5171939546875001 0.40244318437500004 0.5181906625 0.395745725 0.5281361125
0 0.44265528125 0.4390625 0.44157113125 0.4479363703125 0.44974746874999993 0.4643494796875 0.4586442609375 0.45563394687500003 0.466371040625 0.44367396093749994 0.4652481234375 0.4390625 0.44265528125 0.4390625
0 0.44013348125 0.440472003125 0.43237921406249996 0.43983586093750004 0.42671107656249996 0.4477667765625 0.43526825625 0.461062659375 0.44210640625000003 0.4563761984375 0.44260045156250005 0.4459218359375 0.44013348125 0.440472003125
0 0.41812490156250004 0.4390625 0.42399021093749995 0.44439509375 0.430320571875 0.44386493125 0.43595898593750004 0.4390625 0.41812490156250004 0.4390625
1 0 0.4390625 0 1 0.12380606718750001 1 0.136641434375 0.98859543125 0.1510794171875 0.9729880609375 0.16486485625 1 0.1655047921875 1 0.16295096874999998 0.965566059375 0.1740608359375 0.9643785078124999 0.1833522140625 0.9588438140625 0.19134663125 0.9511037437500001 0.1951105609375 0.958758953125 0.2027653671875 0.973030296875 0.2159338765625 0.967813675 0.227537790625 0.9561717609375 0.228145040625 0.9383802578125 0.23030314375 0.920715984375 0.21994121562500002 0.9093710218750001 0.23000801875 0.9038999421875001 0.24110414375000003 0.8964143296875001 0.2573468734375 0.8788560359375002 0.267695059375 0.8839029328125001 0.28595194375 0.9011430265625 0.29993711093750003 0.914884209375 0.31973110625 0.9259534687500001 0.3493242671875 0.9273317343749999 0.3147421921875 0.88986155 0.2936512375 0.8765869125 0.283289309375 0.8652419515624998 0.300955946875 0.8488499609375001 0.3156340796875 0.824866375 0.32553270625 0.8015401796875 0.3271830203125 0.7880322046874999 0.3365876015625 0.7751603734375 0.3459784390625 0.755990478125 0.330850746875 0.75160096875 0.3332764875 0.7381566078125 0.345950953125 0.7433943484375 0.360951696875 0.7488229343749999 0.376051903125 0.740616315625 0.3720203359375 0.728741190625 0.3593458703125 0.7235034499999999 0.37042825156250003 0.7097197703125 0.3909701875 0.708256515625 0.3946928875 0.6970175328125 0.39092895781250003 0.6893623234375 0.39527265 0.666629903125 0.3951044734375 0.6487747859375 0.381513890625 0.6382144421875 0.3688256828125 0.6266786375 0.37459328125 0.605112521875 0.3863516296875 0.6050276578125 0.39650415 0.5796233125000001 0.39866225312500003 0.5619590390625 0.3848177765625 0.5534768437500001 0.38775130625 0.535876184375 0.3874561828125 0.5190601421875 0.37762952968749997 0.5161550078125 0.378885259375 0.49946619375 0.37056822968750003 0.477794096875 0.3755878890625 0.4687604921875 0.3820039671875 0.448297065625 0.38354310625 0.4390625 0 0.4390625
0 0.6796875 0.6375139875 0.6880138515625001 0.6381970625 0.6978267609375 0.6348041328125 0.7006333421875001 0.6182425484375 0.6993226406249999 0.6097391062499999 0.68381410625 0.608466821875 0.6796875 0.6137299234375 0.6796875 0.6375139875
0 0.8744931265625 0.470884234375 0.8821479312499999 0.4851555796875 0.8923554265625 0.4849434890625 0.8989121953125 0.46973905 0.8907496 0.4596240046875 0.8882688859375 0.447876109375 0.8789912515625 0.45970886718750004 0.8744931265625 0.470884234375
0 0.8486913812499999 0.48975730625 0.8380893015625 0.48678855781249997 0.8297140421875 0.49764585468749994 0.8378766375 0.5077608984374999 0.8452912921875001 0.5304084578125 0.849902621875 0.5118959515625 0.8458710546875 0.500020828125 0.8486913812499999 0.48975730625