1 0.459375 0.509375 0.459375 0 0 0 0 0.3782569328125 0.02165100625 0.3838884046875 0.04350725 0.3953270671875 0.0611313828125 0.405886246875 0.0695617921875 0.41779163593749996 0.096799953125 0.42076999062500003 0.1069985703125 0.429594490625 0.1161584859375 0.4383947109375 0.132400909375 0.455946590625 0.142754125 0.4663358125 0.153107340625 0.47672503749999995 0.1726542796875 0.48576805156249997 0.186775809375 0.4923425828125 0.205472453125 0.49277961562500006 0.234324221875 0.4911123578125 0.2682922046875 0.488784134375 0.286525053125 0.48452699531250004 0.31137661250000004 0.48432734375 0.3106906 0.4983613015625 0.31673440625 0.5070886828125001 0.338812865625 0.4997992125 0.34988590468749997 0.48600804999999997 0.360814025 0.4917273796875 0.3599734109375 0.5041966140625 0.3758631453125 0.5076902546875 0.40240561562500005 0.5036273515625 0.40915792343749996 0.509375 0.459375 0.509375
0 0.8766955687500001 0.5032774859375 0.8868011890624998 0.492274321875 0.8953820984374999 0.47842572812500006 0.883977828125 0.4762859578125 0.8634171515624999 0.4808171453125 0.863302859375 0.49359831875 0.8766955687500001 0.5032774859375
0 0.87599428125 0.483592265625 0.8836995640625 0.473469590625 0.8873871953125001 0.460443284375 0.87685844375 0.45457744843750003 0.8612102625 0.4598314015625 0.8563689875 0.47376741093749997 0.87599428125 0.483592265625
0 0.518146559375 0.3609609546875 0.5131084359375 0.3477306140625 0.499025734375 0.3436550421875 0.48730259374999996 0.350873865625 0.4917841921875 0.3584715421875 0.509943703125 0.36369242968750004 0.518146559375 0.3609609546875
0 0.459375 0.350489278125 0.46879037500000004 0.3523144078125 0.46903067343749993 0.342836528125 0.47778292499999997 0.3300459171875 0.4743623875 0.320599846875 0.459375 0.325631846875 0.459375 0.350489278125
0 0.559525909375 0.288872534375 0.551913325 0.2999339015625 0.56022724375 0.30855775625000004 0.5632767624999999 0.3142486953125 0.575463665625 0.3117237 0.5806759609375 0.3015428234375 0.5709300859375 0.2910123 0.559525909375 0.288872534375
0 0.55669123125 0.2475953515625 0.54612188125 0.2539045453125 0.538231040625 0.2621496171875 0.5280326828125 0.27221394375 0.5286576937499999 0.28570218125 0.547194184375 0.2773449 0.5614103703125 0.270184353125 0.5691156984375001 0.2600616796875 0.56962016875 0.252580621875 0.55669123125 0.2475953515625
0 0.502819503125 0.1554848109375 0.4980253515625 0.1644182171875 0.5107216484375 0.1725284171875 0.5221258640625 0.1746683265625 0.5265553484375001 0.16915213906249998 0.5247522984375 0.16349026718749998 0.5145019703125 0.160440946875 0.502819503125 0.1554848109375
0 0.6986132406250001 0.36236955625 0.6830057890625 0.3554484078125 0.6683258421875 0.3579151296875 0.66214526875 0.37088323437500004 0.6719839421875 0.3823525234375 0.6908672015625 0.38466711249999996 0.6987059921875 0.3633083203125 0.6986132406250001 0.36236955625
0 0.6980793875 0.40731438906250006 0.67943364375 0.419991121875 0.6837297546875 0.42571119843750005 0.684750046875 0.436037759375 0.6948149328125 0.43720969531250004 0.7075990593749999 0.42814240625 0.7126258421875 0.41608392812500006 0.6980793875 0.40731438906250006
0 0.7505258625 0.4094769171875 0.7459514921875 0.40094054375 0.7372259124999999 0.400736584375 0.7198674078125 0.401267428125 0.7212902015625 0.4107728828125 0.7413884734374999 0.4176928484375 0.7505258625 0.4094769171875
0 0.69825358125 0.3839031703125 0.6928557843750001 0.3922065171875 0.7003446484375 0.4032599078125 0.719310884375 0.395634765625 0.7287264796875 0.390235128125 0.729920975 0.37715054375 0.7157455374999999 0.3721361359375 0.702497590625 0.376509525 0.69825358125 0.3839031703125
1 1 0 0.569187503125 0 0.5661904671875 0.016474368750000003 0.5537773015624999 0.029296715625000004 0.5494812312499999 0.02357656875 0.5371088203125 0.024224034375 0.525385684375 0.031442929687499996 0.5264987296875 0.04270825625 0.5459385203125 0.050655579687499994 0.5408189796875 0.061775221874999994 0.5296003578125 0.061512987500000005 0.5280348531250001 0.0708425078125 0.5404592828125 0.0833089078125 0.5333105171875 0.099064175 0.526016890625 0.1007668796875 0.5185898515625 0.11370592187499999 0.5345683250000001 0.12438205937499999 0.5485989984375 0.1153439078125 0.5510513015624999 0.127577209375 0.5371134359374999 0.13755419687499998 0.5423370328125 0.1526619984375 0.5366202359375001 0.1703240734375 0.5651566640625 0.18223041874999998 0.5640549296875 0.1962538421875 0.5776852046875 0.22092433437499998 0.5844336171875 0.2388777109375 0.6021223921875001 0.2542769546875 0.6200894328125 0.2724925671875 0.620141490625 0.2856063609375 0.636902725 0.2916178078125 0.6342762265624999 0.302795725 0.622274828125 0.30719825 0.625880875 0.318521921875 0.6311045265625 0.3336297953125 0.6570958499999999 0.332364075 0.6703844953125 0.3158157296875 0.6938827796875 0.314491734375 0.6978598921875 0.32957054218750004 0.708203028125 0.3335587 0.70788406875 0.342917359375 0.7273759203125 0.3639784765625 0.7490824984375 0.38228150156249996 0.76580303125 0.400467903125 0.8006648046875 0.4134587734375 0.8321059937499999 0.41700357187500003 0.85297788125 0.42685756406250003 0.862990653125 0.41491563437499995 0.8715828765625 0.4263557875 0.8761164156250001 0.44706725468749997 0.8966171921874999 0.4531661140625 0.8957009640625 0.4690670640625 0.9126477562499999 0.476956115625 0.9197037609375001 0.46026201406249995 0.9296239796875 0.44738139062500004 0.95853133125 0.46304286875 0.9883956968749998 0.45062837031249997 0.9966982953125001 0.43396340625 1 0.434449003125 1 0
1 0 0.509375 0 0.99510141875 0.008781321875000001 0.9958114 0.013141123437499999 1 0.459375 1 0.459375 0.5165571250000001 0.336062671875 0.509375 0 0.509375
0 0.459375 0.509375 0.459375 0.5214055156249999 0.4607662484375 0.52253921875 0.47923099375 0.5206291640625 0.487729021875 0.5122416984375 0.48803276875 0.509375 0.459375 0.509375
0 0.5149865484375 0.5573704890625 0.4989857046875 0.5632409125 0.5009520015625 0.5726535359375 0.508764015625 0.5783000296874999 0.5256924515625 0.58181795 0.5305767671874999 0.5788099 0.53503109375 0.5609612484375 0.5149865484375 0.5573704890625
0 0.7992916624999999 0.7497882406249999 0.8162201 0.7533061609375 0.822718021875 0.745652496875 0.8219450265624999 0.7378288749999999 0.8120556078125001 0.732133825 0.8042870859375 0.7374161234375001 0.800441471875 0.7404484531250001 0.7992916624999999 0.7497882406249999
0 0.9165636140625001 0.7829711140625 0.9172496265625 0.76893715625 0.9159790265625001 0.7665657890625 0.91136041875 0.7617744984374999 0.8992389984375 0.754466165625 0.88954766875 0.761264628125 0.8863542609374999 0.760409428125 0.888011359375 0.7666926046875 0.89651906875 0.7793803546875 0.9165636140625001 0.7829711140625