0 0.010429953124999999 0.28818648750000003 0.005480084375 0.2974748203125 0.0066843578125 0.3029642609375 0.012067392187500001 0.30852646250000004 0.0162917453125 0.310162440625 0.0276921359375 0.307236109375 0.0357304765625 0.2964391359375 0.0313465375 0.2893319078125 0.010429953124999999 0.28818648750000003
0 0 0.1438938328125 0.0132971671875 0.135900428125 0.0065730703125 0.120159140625 0.0022803234374999997 0.11617834375 0 0.11707995625 0 0.1438938328125
0 0.040807778125 0.0051361484375 0.028248707812500003 0.004136253125 0.0220945625 0.00793514375 0.0159404171875 0.0117340359375 0.0204839421875 0.0243125125 0.034292882812499995 0.0323650640625 0.0436950859375 0.032528779687499995 0.053914 0.024894615624999998 0.0536632203125 0.0162969359375 0.052458945312500005 0.0108074953125 0.040807778125 0.0051361484375
0 0.055126312499999996 0.10225553125 0.044519834375 0.09660237499999999 0.0330738484375 0.0979654921875 0.0216962578125 0.1016734296875 0.0220382265625 0.11339753749999999 0.030578125 0.11979591875 0.045158178125 0.11848737499999999 0.05324211718750001 0.1092536140625 0.055126312499999996 0.10225553125
0 0.11461324531249999 0.1728190546875 0.10005598906249999 0.1749092078125 0.0961052140625 0.182652515625 0.0964015875 0.1928134078125 0.1049186875 0.1984301828125 0.11531998437499999 0.1970488765625 0.125516096875 0.1886331046875 0.1230619515625 0.1760910078125 0.11461324531249999 0.1728190546875
0 0.143777371875 0.20613770312500002 0.1261088453125 0.208954890625 0.133695246875 0.21846151093750002 0.133832034375 0.22315115312499997 0.13828436875 0.2326032015625 0.14766377343749998 0.2319853109375 0.1569291890625 0.2274593828125 0.1544294453125 0.21335407343749999 0.143777371875 0.20613770312500002
0 0.20022142812500002 0.27977308125 0.1947016078125 0.2695212359375 0.1799163734375 0.2637953171875 0.1642916296875 0.265085671875 0.1665861890625 0.2721565171875 0.164815984375 0.283062634375 0.1713120984375 0.29098785 0.1808510921875 0.29584120937499997 0.19120679062499998 0.2928966875 0.20022142812500002 0.27977308125
0 0.2867106953125 0.3453383125 0.2761270140625 0.3404667625 0.26570291875 0.3410664625 0.260639059375 0.34644675937499997 0.2629336203125 0.35351760468750004 0.26722636718750004 0.3574984046875 0.272495409375 0.359152571875 0.282942303125 0.35933447812499997 0.287029865625 0.3562808125 0.2867106953125 0.3453383125
1 0.6390625 0.4 0.6390625 0 0.10348650468750001 0 0.098657271875 0.05535969375000001 0.1117862921875 0.07589976875 0.10502463749999999 0.13046674375 0.11424847812500001 0.160313340625 0.14618190312499998 0.1811808453125 0.176983465625 0.2348394703125 0.2086889109375 0.24789090468750002 0.207374665625 0.274429165625 0.224317675 0.2825362890625 0.23117855937499998 0.30296721875 0.25416172187499997 0.3033674140625 0.28255473593749997 0.34604715625 0.348009409375 0.3706231921875 0.37312754843749996 0.3726229828125 0.3714485328125 0.38665553125 0.35707411875 0.4 0.392071340625 0.4 0.3967946515625 0.3964713921875 0.42395657187499997 0.39694435 0.4256018015625 0.4 0.6390625 0.4
0 0.9595144156250001 0.24805998749999997 0.9624660984375 0.24186170312500002 0.95912685 0.23477266718749998 0.945386303125 0.2290649375 0.9373479625 0.23986191250000002 0.9366908390625 0.25313104218750004 0.9409835859375001 0.2571118421875 0.9504085874999999 0.2580571640625 0.9575618265625 0.2527132484375 0.9595144156250001 0.24805998749999997
0 0.9964580671875 0.19011250625 0.9840357875000001 0.1938022546875 0.980472575 0.21483288437499998 0.9743640265625 0.22019499062499998 0.9714351406249999 0.22717488281249998 0.9770689499999999 0.241334765625 0.98247478125 0.24767857499999998 0.990877890625 0.249387315625 0.9939207671875 0.24631545937500002 0.989172059375 0.22670251718749998 0.988989675 0.2204496609375 0.99686843125 0.2041814359375 0.9964580671875 0.19011250625
0 0.9080707562500001 0.4 0.913427378125 0.3863129078125 0.9090890359374999 0.3807688953125 0.909951340625 0.37453422812500003 0.917807296875 0.357484396875 0.9142856640625 0.344142503125 0.8975478390625 0.3430698453125 0.890850559375 0.36404590312499996 0.8931907156250001 0.3726799640625 0.8996640328125001 0.3798235703125 0.8927689265625001 0.4 0.89364435 0.4 0.903003284375 0.3869126078125 0.9033850187500001 0.4 0.9080707562500001 0.4
0 0.867103003125 0.230045459375 0.8658531328125001 0.222992803125 0.8573588296875 0.21815763437500002 0.8490925078125 0.22113853749999998 0.8430295546875 0.2280638578125 0.838919190625 0.2303359171875 0.832993025 0.24195088125000003 0.830994840625 0.24504092812499997 0.8270212640625001 0.2520026296875 0.8433259296875001 0.2382247515625 0.843622303125 0.24838564375 0.8507299453125 0.24147851562499997 0.8588822781250001 0.23458957656249999 0.867103003125 0.230045459375
0 0.8263252671875 0.1207472015625 0.8314347218750001 0.11693011874999999 0.837611665625 0.113912834375 0.8373608875 0.10531515625000001 0.8246194359375 0.098062403125 0.8121287609374999 0.0994073296875 0.80820078125 0.10793224531250001 0.8136522062499999 0.1158392703125 0.819035240625 0.1214014734375 0.8263252671875 0.1207472015625
0 0.7578009 0.0625256765625 0.7650909265625 0.0618714046875 0.7731064703125 0.0502928234375 0.7634534890625 0.0415314265625 0.7519163109375 0.039768115625 0.741560609375 0.0427126375 0.739722009375 0.0512739359375 0.74410595 0.05838116249999999 0.7483758984375 0.061580353125 0.7578009 0.0625256765625
0 0.043899625 0.50419898125 0.031522940625 0.50945194375 0.0431513109375 0.5143416843749999 0.0639767015625 0.512360675 0.06565571406250001 0.4983281296875 0.051030065624999996 0.498073459375 0.043899625 0.50419898125
0 0.130244065625 0.4932030921875 0.120161940625 0.5055269 0.1350839640625 0.5159424625 0.1456676453125 0.5208140125 0.15590935781249998 0.5139614546875 0.15772515781250002 0.50461855 0.14284873125 0.49576620312499997 0.130244065625 0.4932030921875
0 0.22390534999999998 0.5182702781249999 0.23828022031249999 0.5099272671875 0.23057983124999998 0.4965126125 0.211798221875 0.4969667859375 0.21304809218749998 0.5040194421875 0.21543384531249998 0.514216715625 0.22390534999999998 0.5182702781249999
0 0.3015462859375 0.45946901718749994 0.305451465625 0.45016249375 0.2989325515625 0.441455671875 0.2759949859375 0.4426186921875 0.2794710234375 0.45439737031250005 0.28705742343749996 0.4639039921875 0.3015462859375 0.45946901718749994
0 0.3919407328125 0.515727725 0.39637026875000003 0.524398165625 0.40890653906249996 0.5246164546875 0.41821754999999994 0.5216537421874999 0.41998775625 0.5107476234374999 0.40304475 0.5026405015625001 0.3916899546875 0.507130046875 0.3919407328125 0.515727725
0 0.58604505 0.6909738078125001 0.5694668109375 0.6953724015625 0.5686273046875 0.702388675 0.569831578125 0.707878115625 0.5784626687500001 0.7174029265625 0.5867517890625 0.7152036296875 0.5939050265625 0.7098597140624999 0.596742721875 0.69975339375 0.58604505 0.6909738078125001
0 0.47245421875 0.555408965625 0.47227183437500003 0.5491561093749999 0.46271004531250004 0.5435211437499999 0.4522631515625 0.5433392359375 0.448289578125 0.5503009375 0.45056134062500003 0.5565901765625 0.46010033124999994 0.5614435359375001 0.4715919125 0.5616436328125001 0.47245421875 0.555408965625
0 0.8005349671875 0.9726822531250001 0.80700205 0.9838237109375001 0.8194266171875 0.9886354078124999 0.827681265625 0.9768312218750002 0.82121418125 0.9656897640625001 0.8051829375 0.9635724765625 0.8005349671875 0.9726822531250001
0 0.9273097390625 0.9390459609375 0.9344962703125 0.9327376015625 0.9353498171875 0.9198854718749999 0.9242079421875001 0.9169342515625001 0.9119443 0.9176397812499999 0.9084717296875 0.92493188125 0.9137634125 0.9378910125000001 0.9273097390625 0.9390459609375
0 0.9210887765625 0.9784576812499999 0.934125503125 0.9621414093750001 0.9469744796875 0.9393883734374999 0.9428313812500001 0.9236920281250001 0.930701846875 0.9289952453125 0.9249857562500001 0.943600846875 0.9194305890625 0.9637236765625001 0.9210887765625 0.9784576812499999
0 0.95917975 0.894566428125 0.9624377484375 0.8799180265625001 0.9620890734374999 0.867964034375 0.9463796859375 0.8768812015624998 0.9416780687500002 0.8841519015625 0.9394077265625 0.8905458640624999 0.9396759390625 0.8997412421875 0.95917975 0.894566428125
0 0.7378252390625 0.7179267796875 0.7313581515625 0.7067853203125 0.7154610140625 0.7092657250000001 0.713458884375 0.724855065625 0.7259102734375 0.7305863015625 0.736891225 0.7280202953125 0.7378252390625 0.7179267796875
0 0.6671211687499999 0.6523606875000001 0.6688061734375 0.66801423125 0.6811502796875 0.670067315625 0.6872686890625 0.66925478125 0.69453568125 0.665705034375 0.6917289140625 0.6537082421875 0.6853691125 0.6462449343750001 0.671903246875 0.6478486015625 0.6671211687499999 0.6523606875000001
0 0.6390625 0.641136415625 0.6435279 0.6436782328125 0.6544820328125 0.6401926890625 0.6617490234375001 0.636642940625 0.6589154328125 0.6237266109374999 0.646624971875 0.623512603125 0.6390625 0.6325831640625 0.6390625 0.641136415625
1 1 0.4 0.651337153125 0.4 0.6525856328125 0.4067156859375 0.6421947484375 0.429511525 0.6466865234375 0.4571618609375 0.6421994765625 0.47178886406250004 0.6392633296875 0.4974717203125 0.6484835421875 0.5187708953125 0.6439964953125 0.5333978953124999 0.6390625 0.5593975046875 0.6390625 0.580324221875 0.6554649593749999 0.5896609093749999 0.6421600203125 0.5967818046875 0.652555634375 0.6162633046874999 0.676948809375 0.6102545546875 0.6930068734375 0.613291378125 0.7046315328125 0.6327942796875 0.7090428453125 0.6576860046874999 0.7193311734375001 0.673489353125 0.7452216078125 0.6766973843749999 0.7518227984375 0.6924365296875 0.7412441640624999 0.708795603125 0.7489134749999999 0.7190389234375 0.762728015625 0.7293892484375 0.76048449375 0.73670275 0.7729895234375 0.7442730609374999 0.7822854703125 0.726053509375 0.7921983015625 0.7289833296875 0.7937492046875001 0.740039184375 0.8026207390625 0.74938436875 0.8205247359375001 0.7735919609374999 0.8343392765625 0.7839422890625001 0.855474453125 0.792581940625 0.8704912203124999 0.8020341281250001 0.885239771875 0.8022909390624999 0.9073894265625 0.8035956890625 0.8638190218750001 0.8680910453124999 0.8725832734375001 0.873758078125 0.921445359375 0.8222218546875 0.93966648125 0.8151865640625001 0.93419178125 0.8380680046875 0.9528688625000001 0.8466648578125 0.9666565828125 0.856095646875 0.986321321875 0.8564380578125 1 0.84684725 1 0.4