0 0 0.47301656562499994 0.0006919390625 0.47317083593750003 0.0053689078125 0.471035515625 0.007395062500000001 0.46036402968749995 0 0.45495568750000004 0 0.47301656562499994
0 0.07837269531249999 0.6152290093749999 0.0703098484375 0.6070752453125 0.0671030125 0.6127163984374999 0.054831687500000004 0.6211036953125 0.06230419375 0.6267422921875 0.06582336093749999 0.630704965625 0.075935240625 0.6393155687500001 0.085567190625 0.6279562671875001 0.07837269531249999 0.6152290093749999
0 0.081960496875 0.6525766578125001 0.09088025625 0.6505927640625 0.096581740625 0.6486858640625 0.1016928859375 0.644263796875 0.10357431718750001 0.634354559375 0.091424840625 0.63085128125 0.08279453125 0.6313106765625001 0.07842988906250001 0.643049821875 0.069075953125 0.6473204625 0.055490662499999996 0.6570038359375 0.0613711890625 0.6710271750000001 0.081960496875 0.6525766578125001
0 0.12021028125 0.614228115625 0.124708209375 0.5961625578125 0.121177603125 0.5866357234375 0.11240256562499999 0.5878573671875 0.10672395937500001 0.60089259375 0.10250404531249999 0.6118694890625 0.10603464843749999 0.621396325 0.12021028125 0.614228115625
0 0.0210872859375 0.5738544796875 0.026788771875 0.571947578125 0.0323340921875 0.5652387640625001 0.0288034890625 0.555711928125 0.0238256296875 0.553807584375 0.0169549015625 0.556248315625 0.016086549999999998 0.5608218093749999 0.0174233953125 0.5706540546875 0.0210872859375 0.5738544796875
0 0.3955919375 0.643050128125 0.40669401875 0.6351966625000001 0.4103350328125 0.6272687625 0.41616980468750003 0.6190354499999999 0.41468823437499996 0.6099654515624999 0.41072345312499997 0.6027253640625 0.3940417328125 0.60059515625 0.386302653125 0.60760938125 0.37768378281250004 0.6136329390624999 0.3737418796875 0.617521175 0.3728735265625 0.6220946703125 0.38153815468749996 0.6383277625 0.3955919375 0.643050128125
1 0.4390625 0 0 0 0 0.452324440625 0.003152271875 0.460212603125 0.0623305484375 0.497242059375 0.0866295015625 0.5042486140625 0.0819754109375 0.517512259375 0.0507067625 0.5359653328125 0.055718937499999996 0.5545621640625 0.10482710937499999 0.5321413078125 0.131464546875 0.538080203125 0.1379468546875 0.5601828703125 0.15289186562499998 0.571460065625 0.200263334375 0.5581861953125 0.2251411875 0.56214375625 0.24124400625 0.567322959375 0.24975247031249997 0.5787541390625 0.284875490625 0.584995890625 0.3010011859375 0.6013034203125 0.3331610671875 0.589405178125 0.37178037656249996 0.5884812765625 0.3825815671875 0.5765881453125 0.41917472031249997 0.5863357312499999 0.4390625 0.5772557546875 0.4390625 0
0 0.5153176109375 0.42108600156250003 0.49762281250000007 0.4242915375 0.49603083437500006 0.4326762765625 0.49839219687499997 0.442736940625 0.5146397375 0.4471538953125 0.52327005 0.4466945015625 0.5261645578125 0.43144952031250006 0.5153176109375 0.42108600156250003
0 0.6651526999999999 0.649943125 0.6543057515624999 0.63957960625 0.64361496875 0.6340179984375001 0.6285595453124999 0.6401955390625 0.6277026328125 0.650333196875 0.6422020328125 0.658332978125 0.6531593890625 0.6512417609375001 0.6651526999999999 0.649943125
0 0.8863339374999999 0.6436400250000001 0.8813331999999999 0.63060735625 0.863927853125 0.63228839375 0.85152324375 0.6470021015625 0.8562345296875 0.66155926875 0.865154290625 0.6595753765625 0.8732057000000001 0.6621649796875 0.87817211875 0.6585051609375 0.8863339374999999 0.6436400250000001
0 0.9851102859375 0.65771735 0.9913792359375 0.6471972906250001 0.97514313125 0.6483444984375 0.9603542796875001 0.641869215625 0.950855615625 0.646902103125 0.9494083625 0.6545245953125 0.9525047921875001 0.6663381765625 0.9637973531250001 0.6799791125 0.9750555999999999 0.6769275609375 0.9825052296875001 0.6714378328125 0.9851102859375 0.65771735
0 0.6052279171875 0.605596590625 0.617510678125 0.60277345625 0.6274663968749999 0.6065821453125 0.6315415859375 0.596367496875 0.621574428125 0.5869946453125 0.6106170734375 0.5940858625 0.587220790625 0.5991983000000001 0.6052279171875 0.605596590625
1 0.54695053125 0 0.5310195609375 0.0177945953125 0.515686125 0.031060796875 0.5056314390625001 0.05027100625000001 0.5046298 0.061170912499999994 0.5008555 0.075425225 0.4762785359375 0.0755073296875 0.4660562453125 0.0843514625 0.4492183625 0.07741934218749999 0.4390625 0.07657638125 0.4390625 0.1023459125 0.44312845625 0.10386963906249999 0.4558453953125 0.098759759375 0.45236054687499994 0.11148957343749999 0.4390625 0.11551829843750001 0.4390625 0.1213878625 0.4515265109375 0.13275555625 0.458130665625 0.14296765 0.45364417812499996 0.1665973703125 0.45106199843750006 0.19144617656250001 0.4455624328125 0.22041164218749998 0.4485370140625 0.24411579843750003 0.4501861890625 0.263551871875 0.447893459375 0.28687618125 0.4448427875 0.2973192484375 0.4390625 0.29917186562500003 0.4390625 0.305832615625 0.4486628421875 0.3053215859375 0.46739359531249997 0.30790863125 0.45673712968749997 0.3190395125 0.4779510921875 0.3197966484375 0.46876475937500006 0.334433365625 0.47623726718750004 0.3400719625 0.47626014375 0.3512002875 0.46573696406250004 0.35600475781249996 0.4716289296875 0.3755922578125 0.49213070625000005 0.3857248015625 0.5033889515625 0.38267324999999996 0.5191680015625 0.3726844640625 0.52812208125 0.3873930578125 0.5376779375 0.4101809828125 0.5432918921875001 0.43685714375 0.5240165546875 0.45401158124999996 0.5212667718749999 0.46849431406250003 0.5057657343749999 0.47139443906249995 0.49950822500000003 0.48747865937499996 0.485980128125 0.5249828484375 0.512103315625 0.494259353125 0.5431053921875 0.488459103125 0.5492639328125 0.49539378125000005 0.562137034375 0.49508581406249996 0.554329321875 0.4687150640625 0.57160138125 0.47336043749999995 0.5932838359375 0.4885233140625 0.622294075 0.5100870390625001 0.6537646453124999 0.5186925296875 0.6656246703124999 0.5237203046875 0.6793775640625 0.52440300625 0.6745787484375001 0.5384289015625 0.66042599375 0.556725434375 0.6701037 0.5676227828125 0.6882326734374999 0.5621305015625 0.702865359375 0.5638038703125 0.7017304328125 0.5810301859375 0.7225102203125 0.584074071875 0.75013785625 0.5735489 0.7631671250000001 0.5780428468750001 0.7622644546874999 0.5659238515625 0.774101603125 0.5598233046875001 0.7761735125 0.5714084671874999 0.7973760375 0.5666014406250001 0.81377974375 0.575820309375 0.8086686000000001 0.5802423765625 0.8209742390624999 0.5885475671875 0.8358963781250001 0.5886964406249999 0.8429347078125 0.596621784375 0.8631241546874999 0.5971505031250001 0.8705623453125 0.5860966125 0.8797829953124999 0.5881523843750001 0.8894492625 0.593485571875 0.8998391546875 0.5950075140625 0.9145936875 0.5847903078125001 0.9447274125 0.5835635546875 0.954248953125 0.589658990625 0.981031115625 0.5948356375 0.9870678078124999 0.6136608875 0.99768995625 0.5858375203125 1 0.5867885609375 1 0.0039723078125 0.9821832031250001 0 0.54695053125 0
1 0.4390625 0.7796875 0.0017501703125 0.7796875 0.005600503125 0.7869339 0.0194220328125 0.8210015765625001 0.040994078125 0.8536191890625 0.0764523078125 0.8805930921874999 0.1238809703125 0.8951400359375 0.13603044687500002 0.8986433140625 0.14568527343749998 0.8984123390625 0.1305423171875 0.933172940625 0.1409550890625 0.9458232078125001 0.1549745578125 0.933853084375 0.1669907453125 0.9436827749999999 0.16497603125 0.959918425 0.18577869687499998 0.9740906328125 0.2022584953125 0.949162278125 0.21761480781250003 0.9470244015624999 0.237392953125 0.9609681906249999 0.22592135 0.9313970171875001 0.2426145078125 0.9390913875000001 0.2612005359375 0.9424406828125 0.2854994875 0.9494472390625 0.281569025 0.9588996390625001 0.294164115625 0.9656803328125001 0.3052776359375 0.963391028125 0.3107125484375 0.9741369499999999 0.33660348125 0.97275876875 0.3525386953125 0.9675718968750001 0.367906446875 0.97099818125 0.37959886875 0.9656598828125 0.41396394531249997 0.959020390625 0.4390625 0.9682006109374999 0.4390625 0.7796875
0 0.0332664390625 0.8661975765625 0.0354373203125 0.8547638421875 0.022552776562499998 0.8495076453125 0.014234795312500001 0.8595708671875 0.018789917187499998 0.8693261218749999 0.0332664390625 0.8661975765625
0 0 0.8641049734375 0.0222518875 0.84546798125 0.0197458 0.8361695640625 0.012261853125 0.8249668046874999 0 0.8276462015625 0 0.8641049734375
0 0.6130229421875 0.78789706875 0.6074547421875 0.783477559375 0.5913633625 0.7838625171875 0.591230075 0.790188928125 0.5894933703125 0.7993359171875001 0.5944712296875 0.8012402609375 0.6071996078125 0.8016945421875 0.6143597859375001 0.7977293140625 0.6130229421875 0.78789706875
0 0.78968544375 0.83046256875 0.7927475546875 0.8255836625 0.7918563234375 0.8190288328124999 0.7819006078124999 0.8152201453125001 0.7712212640624999 0.8152227 0.7675688109375 0.8175864390625 0.764651425 0.8217030937500001 0.7658321078125001 0.826733428125 0.7664224468749999 0.82924859375 0.77463001875 0.836640109375 0.7719906453125001 0.8336681046875001 0.785309365625 0.836637553125 0.78968544375 0.83046256875
0 0.8206915015625 0.8977586796875 0.8272842171875 0.902406609375 0.8363601421875 0.90522463125 0.8429414203124999 0.9043083984375 0.8435088828125 0.895695240625 0.8405686187499999 0.8886835703125 0.833975903125 0.8840356421875001 0.8212475250000001 0.883581359375 0.8190652046875 0.8894509328125 0.8206915015625 0.8977586796875
1 1 0.7796875 0.8098314640625001 0.7796875 0.811242071875 0.7844196578125 0.80673270625 0.7969210546875 0.7925456343749999 0.7985251 0.791989609375 0.812702421875 0.8056092203125 0.8197115343749999 0.8116230328124999 0.8274084609375001 0.8123695375000001 0.8347255406249999 0.8220358046874999 0.840058728125 0.8059787421875001 0.8571361734374999 0.7752243437499999 0.9122516375 0.7979959671875 0.8879315468750001 0.8320487156249999 0.8716882296874999 0.8461139390625 0.88197475625 0.8629632624999999 0.8944710390624999 0.8822957953125 0.9051374140625 0.8928532921875 0.9170254328125 0.9200810687499998 0.9254794953125 0.94407913125 0.9284463875 0.9573978499999999 0.9314158359375 0.963567828125 0.9439146765625 0.975572578125 0.948180203125 0.9899272515625 0.9569422328125 0.9859967906249999 0.9663946328125 0.9773893578124999 0.9779823515625001 0.9873565124999999 0.987355203125 1 0.9896336234374999 1 0.7796875