0 0.1707469734375 0.0773300390625 0.1630535875 0.08402251875 0.1635618453125 0.09287478125000001 0.1697569125 0.10005424843749999 0.17912395781249998 0.101728340625 0.18537155156250001 0.09703288593750001 0.187334290625 0.086453575 0.1707469734375 0.0773300390625
0 0.0511573109375 0.0727856609375 0.0669998140625 0.08012789218750001 0.0778126515625 0.07980496249999999 0.0790744125 0.07300397656249999 0.075814765625 0.0673900921875 0.0707850984375 0.0597249328125 0.059464003125 0.0511955984375 0.046460559375 0.0517342453125 0.036576568749999996 0.058642443749999995 0.03853061875 0.065497684375 0.0511573109375 0.0727856609375
0 0.337522540625 0.13472191875 0.3331413296875 0.13515335781249999 0.319480740625 0.14502995937500002 0.322924421875 0.1554478078125 0.32618406875 0.161061690625 0.33629592656249996 0.1645170875 0.347529353125 0.1619271625 0.35112191406250004 0.15415479375000002 0.3498688421875 0.1435212265625 0.337522540625 0.13472191875
0 0.41592864531249996 0.10622885468750001 0.4148070796875 0.112274175 0.42244793906250006 0.1174566203125 0.42934398749999997 0.1208577640625 0.43661678437500007 0.11643228125 0.4429607375 0.10542153125 0.43895627656249997 0.09802634375 0.42651361562499995 0.09554233125 0.42129122656250007 0.100507759375 0.41592864531249996 0.10622885468750001
0 0.2544200765625 0.23489596562499998 0.2492502140625 0.22798646875 0.23545812187499998 0.22118418437499998 0.2300955375 0.226905278125 0.22939455937500003 0.2306836046875 0.233399021875 0.2380787921875 0.238989471875 0.2427212921875 0.2504069265625 0.2449353296875 0.25357890312500003 0.23942995625000002 0.2544200765625 0.23489596562499998
0 0.1798257171875 0.28341480625000004 0.1664542078125 0.274345525 0.1565263828125 0.2756940921875 0.149858203125 0.28265654375000004 0.152276675 0.29280441874999996 0.16532395312499998 0.2978254 0.176557378125 0.295235475 0.1807545609375 0.2900000734375 0.1798257171875 0.28341480625000004
0 0.13016012187499998 0.2497289078125 0.1385896328125 0.2622522875 0.1361186328125 0.263979334375 0.1338755015625 0.276069978125 0.14133233125 0.276448459375 0.147579925 0.27175300468749997 0.151496715625 0.2680289328125 0.1617049328125 0.26516903593749996 0.170887946875 0.26203916562499996 0.1645526828125 0.2556153609375 0.1566314328125 0.2519442453125 0.142742978125 0.2514572546875 0.1359871265625 0.24730044687500002 0.120749240625 0.242495184375 0.13016012187499998 0.2497289078125
0 0.062575934375 0.3531968859375 0.0694719828125 0.35659802812499997 0.07678861406250001 0.357732175 0.0852268140625 0.352821 0.083412959375 0.3452100953125 0.071811471875 0.338192090625 0.0665890859375 0.34315751875 0.0447355453125 0.333439784375 0.016538050000000002 0.33473279843750003 0.044218596875 0.3420220734375 0.062575934375 0.3531968859375
0 0.1409998046875 0.382567109375 0.15036685 0.38424120156249997 0.1582442671875 0.38235268906250003 0.16537686875 0.378682871875 0.1661742078125 0.36858925 0.156342740625 0.3636225234375 0.14506548125000002 0.36065281875 0.139378671875 0.3623256140625 0.13224606875 0.3659954296875 0.13582994375 0.3756576125 0.1409998046875 0.382567109375
0 0.5505212046875 0 0.5476888765625 0.0046016265625 0.5515531421875 0.012752478125 0.560823828125 0.0207418671875 0.5711722421875 0.0171263046875 0.5757900109375 0.00962390625 0.576911575 0.0035785859375 0.575250909375 0 0.5505212046875 0
0 0.5735398671875 0 0.5737395984375 0.0090839609375 0.58506069375 0.0176132953125 0.592929421875 0.033159334375 0.604863825 0.026791084375000003 0.60310249375 0.007305253124999999 0.59615495625 0 0.5735398671875 0
1 0.659375 0.55 0.659375 0.12718659999999998 0.65431063125 0.12541123125 0.6369346625000001 0.10894676249999999 0.6206277359375 0.0983118984375 0.600684409375 0.0898897734375 0.5917817890625 0.091508315625 0.589678853125 0.10284329218749999 0.5931225312499999 0.11326113906249999 0.5914401828125 0.122329121875 0.5706556828125 0.1184409890625 0.5567233953125 0.11239436875 0.524775371875 0.06435213125 0.517502575 0.0687776125 0.5281140015625 0.0985198265625 0.538821790625 0.12194674531250001 0.528008953125 0.12226967500000001 0.5131916546874999 0.11519741562500001 0.4965079765625 0.1123891765625 0.4805691109375 0.1113622390625 0.46392926875 0.114113628125 0.440577409375 0.1182678390625 0.42659259687500006 0.12409614218750001 0.41773381093750006 0.1312743125 0.41460567031249995 0.14233931718749998 0.3949075890625 0.10941167968750001 0.3951706015625 0.14276945624999998 0.3770849671875 0.14751786718749998 0.36906735468749996 0.150162046875 0.374745475 0.16592380625 0.3588066109375 0.16489686875 0.3533476671875 0.17693325625 0.3525941640625 0.19258650625 0.352357609375 0.199657465625 0.3427540078125 0.20505433125 0.32882171875 0.1990077125 0.319542346875 0.2084528765625 0.29116082187500003 0.204941928125 0.28137318906250003 0.20553483125 0.276238471875 0.2216195171875 0.29236136875 0.22745041875 0.2975312296875 0.23435991406249998 0.2869024234375 0.23948680625000002 0.2802342453125 0.24644925781250002 0.271095065625 0.2551387578125 0.26717827656250004 0.2588628296875 0.25776739531250004 0.25162910625 0.24303776875 0.2556761078125 0.23426665156249998 0.2739735359375 0.2403653609375 0.2874682984375 0.2389634046875 0.29502495 0.2362996859375 0.3093825890625 0.2272481765625 0.32919134687499996 0.21343870781250002 0.35725816875 0.22135127031250001 0.3783638375 0.2066654765625 0.3879704671875 0.19803455781249998 0.40551223125 0.206323871875 0.41879127499999996 0.21489357656250002 0.4305589875 0.2172595265625 0.4525817859375 0.2267142421875 0.46537513906249994 0.2348195265625 0.47385021875 0.2387714609375 0.493120328125 0.23610774218750002 0.5074779671874999 0.2491901703125 0.53549313125 0.2568195859375 0.55 0.659375 0.55
0 0.9385112421875 0 0.9384227984375 0.00013055625000000002 0.9356806765625001 0.0012733625 0.9500408 0.012514506249999998 0.968514103125 0.0220414421875 0.9739983453125 0.0197558328125 0.9754827703125001 0.0117546734375 0.975977578125 0.0090876203125 0.97713213125 0.0028644953125 0.9754688890625001 0 0.9385112421875 0
0 0.9498461125000001 0.29313110937500003 0.941238309375 0.2917968203125 0.9397023109375 0.2932572390625 0.9337748328125001 0.30475064218750003 0.943475396875 0.313832309375 0.953124390625 0.3163732328125 0.958773565625 0.3131986046875 0.9604744984375 0.3108491671875 0.9617939874999999 0.3037370234375 0.96261866875 0.299291934375 0.9522583609374999 0.293766340625 0.9498461125000001 0.29313110937500003
0 0.8723140796875001 0.2950929953125 0.8708296546875001 0.3030941546875 0.865778428125 0.316683209375 0.868242246875 0.32385918125 0.886447471875 0.32119365625 0.8925914578124999 0.3153519734375 0.895230434375 0.3011276890625 0.8889833078125001 0.29388788906249996 0.87555100625 0.2912831359375 0.8723140796875001 0.2950929953125
0 0 0.6596376546875 0.00425346875 0.6607577453125 0.009055270312499999 0.6580593125 0.011018009375 0.6474799984375 0.0033771484375 0.6422975546874999 0 0.6429366812499999 0 0.6596376546875
0 0.080442896875 0.6847840578125 0.074799921875 0.6920164828125 0.0867256359375 0.703082784375 0.1014027390625 0.7109107078125 0.11044555625000001 0.7085365015625 0.10527569375000001 0.7016270078125 0.1028133859375 0.6859195031249999 0.080442896875 0.6847840578125
0 0.1834803875 0.703199084375 0.18631945 0.7110799625 0.18710809687500002 0.718420896875 0.1992703671875 0.7224162390625001 0.2077085671875 0.7175050656249999 0.2110207390625 0.711244025 0.20044445781250003 0.7044959937499999 0.1834803875 0.703199084375
0 0.5211667140625 0.656592128125 0.525311371875 0.66323165 0.5341176328125 0.6679284046875 0.546937046875 0.6625857921875 0.5420475765625 0.6541649671875 0.5196332515625001 0.6474698921875 0.5211667140625 0.656592128125
0 0.58713015625 0.6256150500000001 0.56914088125 0.6240481671875 0.5693687484375001 0.6344117609375 0.570437790625 0.6402413625000001 0.5823196671875001 0.6457480359375001 0.5947184921875001 0.6426724203124999 0.5977502734375 0.6379227109375 0.5962168109375 0.6288004734375 0.58713015625 0.6256150500000001
0 0.39243826406250004 0.7534696453125 0.3789265625 0.7451560296874999 0.36620351093750003 0.744183346875 0.364801553125 0.7517399984375001 0.3668958 0.757839575 0.3728104765625 0.7665303734375 0.3792859359375 0.7721985109375 0.3880483625 0.7713356359375 0.39061571875 0.763293290625 0.39243826406250004 0.7534696453125
0 0.42744413281250004 0.7444585140625 0.434436540625 0.7415443609375 0.4466951703125 0.739224409375 0.45629877187499995 0.7338275453125 0.45345971093750004 0.7259466640625 0.44465344843750004 0.7212499109375 0.434121003125 0.720061509375 0.43108922187500004 0.7248112203125 0.428662059375 0.7320978984375 0.42744413281250004 0.7444585140625
0 0.200857134375 0.9051283421875 0.1873454328125 0.8968147265624999 0.1664207359375 0.8936822578125 0.1661403453125 0.8951935890625 0.1565367453125 0.9005904546875 0.1697680546875 0.9104154015624999 0.1696278578125 0.911171065625 0.18929079375 0.92110451875 0.2027148265625 0.918298878125 0.200857134375 0.9051283421875
0 0.28456421875000004 0.8074912640624999 0.2685815171875 0.8009046984375001 0.259258309375 0.804790234375 0.2607917734375 0.8139124703124999 0.2697820640625 0.8234131874999999 0.28003411875 0.8261129203124999 0.2848359203125 0.8234144875 0.29019850156250004 0.8176933921874999 0.28456421875000004 0.8074912640624999
1 0.659375 1 0.659375 0.7285295625 0.641282403125 0.7278520578125 0.632292109375 0.7183513406250001 0.630574615625 0.7044251390625 0.622425496875 0.6903904296875 0.609238021875 0.6861251140625 0.5963309375 0.68034846875 0.5956212703125 0.7015613468749999 0.5807514484375 0.7063640125 0.56291105625 0.6866069109375 0.5473489453125 0.67775335 0.5544203328124999 0.7033930093749999 0.5535179453125 0.737236478125 0.5522561828125 0.7440374640625 0.5446591578125 0.7444146484375 0.5035107453125 0.7343713859375 0.4742880453125 0.7353944265625 0.45168100312500004 0.7413299421875 0.43872139375 0.74742821875 0.4281889484375 0.74623981875 0.4240529796875 0.7221657421875001 0.4076058578125 0.7122865421875 0.3980196359375 0.682814303125 0.386882571875 0.6790889328125 0.3894325515625 0.7059156953125 0.39762550625 0.7255100328124999 0.39100116093750004 0.7380321140625 0.4024537640625 0.7632403359375 0.399930240625 0.776842309375 0.3900900828125 0.7893101343750001 0.37964530937499996 0.79924099375 0.3776825703125 0.8098203046875 0.361051415625 0.795137140625 0.34497235625 0.79486586875 0.3306633140625 0.7966458734375 0.318641240625 0.791894865625 0.30735529375000004 0.8063597156250001 0.31853619375000003 0.8156447140624999 0.3174146265625 0.821690034375 0.303570009375 0.8267626734375 0.2918196375 0.8379348890625 0.2936773265625 0.8511054234375 0.27619631093749997 0.858390803125 0.267144803125 0.8781995625000001 0.2542728671875 0.8954170984375001 0.25146895156250004 0.9105304015625 0.243398815625 0.9250495046874999 0.23723889374999999 0.94086421875 0.2333134140625 0.9620228421875 0.232559909375 0.9776760921874998 0.233953178125 0.9875539937500001 0.22726333125 1 0.659375 1
0 0.659375 0.7988034421875 0.677368575 0.8129496453125 0.690740084375 0.8220189265625001 0.69782885 0.81278948125 0.6857191046875 0.7969192140625 0.686700475 0.79162955625 0.659375 0.7971127875 0.659375 0.7988034421875
0 0.779950334375 0.8106374859375001 0.7684365171875001 0.8147387390624999 0.772905403125 0.8254265625 0.7841826624999999 0.8283962656250001 0.7917796859375 0.8280190828125 0.7962572609375 0.8212723499999999 0.7945836 0.8129057796874999 0.7907631703125 0.81031455625 0.7824213312499999 0.8089104359375 0.779950334375 0.8106374859375001
0 0.8506985859375 0.904563475 0.84845545625 0.9166541171875 0.85203933125 0.9263163015625 0.861870796875 0.9312830281250001 0.8676978046875 0.9288545671874999 0.8743221468750001 0.9163324875000001 0.867986884375 0.9099086843749999 0.8610908359374999 0.9065075406249999 0.852004184375 0.9033221171875001 0.8506985859375 0.904563475
0 0.9521410109375001 0.8504333468749999 0.947523240625 0.8579357453125 0.9502659421875 0.8721319187500001 0.9602376046875 0.87634298125 0.9715148625 0.8793126843750001 0.97818304375 0.8723502343749999 0.97343376875 0.86317374375 0.9671948640625001 0.8504346453125 0.9570830078125001 0.8469792500000001 0.9521410109375001 0.8504333468749999