1 0 0 0 0.5 0.327765175 0.5 0.34530025000000003 0.1654108515625 0.3315200140625 0.07797848125 0.3149239734375 0.07282178125 0.30657796875 0.0549177890625 0.2855425625 0.03661556875 0.2702087390625 0.0344602875 0.257749725 0.005481409375 0.24761669375 0 0 0
0 0.40076847187500003 0.080488715625 0.384094190625 0.0548211734375 0.376544521875 0.0549962828125 0.381759678125 0.07206009687500001 0.3897090796875 0.09044632968750001 0.391571828125 0.106271315625 0.4082035140625 0.1116368796875 0.40985844374999997 0.1021053109375 0.40503497656250004 0.087526971875 0.40076847187500003 0.080488715625
0 0.417463875 0.214461425 0.40486418593749995 0.202627365625 0.4005710359375 0.2074389 0.3987855296875 0.2161419984375 0.40282547031250004 0.2257493453125 0.411907490625 0.2312900609375 0.41629661875 0.2230808890625 0.417463875 0.214461425
0 0.4772482796875 0.2892974484375 0.48609578437500006 0.2813313671875 0.48003582031250003 0.2669203171875 0.47017032968750005 0.2564086625 0.46503236875000004 0.2638729390625 0.46236745937499996 0.2710027078125 0.46406498437499993 0.28177310312500004 0.4714227796875 0.2883931703125 0.4772482796875 0.2892974484375
0 0.4119289109375 0.18279948125 0.42431805 0.189841846875 0.4323554359375 0.1887545953125 0.434010365625 0.17922302031249998 0.4269750125 0.16663621875 0.41935605468750003 0.1583591453125 0.4162380671875 0.1706271125 0.4119289109375 0.18279948125
0 0.5021972 0.267307059375 0.5113138187499999 0.277073875 0.521371175 0.28079029843750003 0.523191328125 0.276313296875 0.5174884546875 0.2601616234375 0.5065170453125 0.25064574687499996 0.5005263234375 0.2446868921875 0.490042628125 0.2342588640625 0.47934491562500003 0.235008359375 0.4879346296875 0.248928684375 0.4948047578125 0.2564608953125 0.5021972 0.267307059375
0 0.609984890625 0.2180337703125 0.6085485265624999 0.208920384375 0.598134025 0.20694454375000002 0.5915330046875 0.2171451984375 0.5904963765625 0.2265931640625 0.5929080828125001 0.23388231093749998 0.602347240625 0.23768239375000003 0.6056304062500001 0.23046902187499999 0.609984890625 0.2180337703125
0 0.42947155937500003 0.41083768125000003 0.43805790624999996 0.40121460937500003 0.43456692031250005 0.3830714046875 0.42477071874999994 0.3810119390625 0.41845755 0.381019803125 0.41367668125 0.386743459375 0.4151130515625 0.395856890625 0.41703709062499994 0.4040581828125 0.42947155937500003 0.41083768125000003
0 0.36083681562500003 0.404045209375 0.363317815625 0.419786575 0.3713898453125 0.42292541874999995 0.38993761718750003 0.420416384375 0.387752371875 0.41055811093749994 0.3805251515625 0.40476652187499995 0.3756057515625 0.393585790625 0.3635017296875 0.3969154703125 0.36083681562500003 0.404045209375
0 0.425247653125 0.42410141250000005 0.41017491093749997 0.4126018453125 0.40262524375000003 0.412776975 0.3939349640625 0.40972176562499996 0.38801353125000004 0.412215103125 0.398078890625 0.432007425 0.4070649234375 0.4409456984375 0.42255604218750004 0.4430809296875 0.428930503125 0.4354493875 0.425247653125 0.42410141250000005
0 0.3973459640625 0.463414328125 0.40229200781249996 0.46274525781250003 0.4075951953125 0.4603355859375 0.406158825 0.45122215 0.40150058125 0.441698409375 0.39171401875 0.43507767968750005 0.388874246875 0.441714140625 0.3863052640625 0.44544626093749995 0.3873845375 0.45630028906250003 0.3973459640625 0.463414328125
1 0.9784357203125001 0.5 0.9790426906249999 0.48841831718749995 0.9681881453125001 0.4202135375 0.9656111656250002 0.4078697921875 0.9583493484375001 0.397852103125 0.9428690046875001 0.38302306875 0.9315751421874999 0.3794738796875 0.918618359375 0.36938042968749996 0.9158416046875001 0.3477559703125 0.8983918484375 0.3331933453125 0.8840679828125001 0.32243865 0.8616374468749999 0.3043190328125 0.843638684375 0.2982922375 0.8253440734375002 0.2863823953125 0.81014084375 0.274054303125 0.803862275 0.27828826875 0.793509159375 0.2686887375 0.776589625 0.2735159921875 0.764450909375 0.27261956718749997 0.7522776921875 0.2674970484375 0.7397472453124999 0.264115184375 0.7441364187499999 0.2559060078125 0.749370265625 0.2450441203125 0.7369971796874999 0.23064091250000002 0.7244667265625 0.22725901875 0.7235339828124999 0.2493852625 0.710028190625 0.2478276234375 0.702017496875 0.2370650796875 0.69677565 0.23185106718749998 0.6858468375 0.2426371765625 0.6722451578124999 0.2444771328125 0.6653057859375 0.2284927234375 0.6516694140625 0.226106590625 0.649073740625 0.241688525 0.65367069375 0.25883596249999996 0.6425420125000001 0.2603413859375 0.6368391390625 0.244189709375 0.6235945984375 0.2442890359375 0.6022166921875 0.24887323437500003 0.594770909375 0.2617266421875 0.5809772671875 0.270361825 0.5679591937499999 0.26789205312500003 0.5499417421875 0.2897909703125 0.5383253859374999 0.29220848906249997 0.5313059843750001 0.31177346250000004 0.5269168546875 0.3199826171875 0.520046725 0.31245040625 0.5071592265625 0.3108091140625 0.5107807921875 0.3297808140625 0.5010192375 0.3319474609375 0.5017414203125 0.3445421125 0.4928592734375 0.3482821328125 0.48238348750000004 0.3539300171875 0.4837080109375 0.334289221875 0.4690003625 0.33712493125 0.45387429375000005 0.3493250125 0.45970774062499997 0.3663051515625 0.4795346578125 0.38393084375000003 0.4779836125 0.40614071249999995 0.46513076093750005 0.4087255140625 0.46513871562500003 0.424801421875 0.447923421875 0.423745565625 0.43474808125 0.432297128125 0.42190318125 0.4509578375 0.4137778609375 0.4715185703125 0.41427348437500006 0.4866823328125 0.4039218953125 0.5 0.9784357203125001 0.5
0 0.096447240625 0.515949521875 0.09420596406250001 0.5067362125 0.088307603125 0.50436194375 0.086762221875 0.5045709953124999 0.078872140625 0.5045809296875 0.0750086875 0.50510355625 0.0704157359375 0.5110118046875 0.07318973125 0.5286121578125 0.08807721562500001 0.5329425953125 0.0937692109375 0.5290004500000001 0.096447240625 0.515949521875
0 0.0749506 0.5504915593749999 0.0657983 0.5475000765625 0.056689190625 0.5497896921875001 0.054947028125 0.5637714078125 0.0643056953125 0.57307930625 0.0769950953125 0.573477534375 0.080325828125 0.564567865625 0.0749506 0.5504915593749999
1 0 1 0.33398195625 1 0.343505025 0.81828901875 0.3303270578125 0.7337677109375 0.316082690625 0.71348945 0.31396140156249996 0.700030359375 0.27519730625 0.689413315625 0.2523237734375 0.654441534375 0.22051389375000002 0.6428837656249999 0.1938632890625 0.6189968078125 0.15001671249999998 0.61118206875 0.1392758421875 0.6031185375 0.11722777499999999 0.5934124109375001 0.08965089062500001 0.5886837453125 0.0694745578125 0.5808392 0.058863256249999996 0.5886189640625 0.046010681250000005 0.5871854203125 0.0286419484375 0.5821332453125 0.018520176562499997 0.5930189546875 0.006070748437500001 0.5841291578125001 0 0.5823633125 0 1
0 0.539327734375 0.5 0.53734358125 0.5023751484375001 0.5522742562499999 0.511986684375 0.5637014375 0.5093834937499999 0.562222503125 0.5 0.539327734375 0.5
0 0.40021245624999996 0.7789282015625 0.40180102812499996 0.7840002515625001 0.4055444953125 0.7877234078124999 0.4108333421875 0.7912375171875 0.41872342343749996 0.79122758125 0.42050877656249996 0.7825269625 0.419040190625 0.7732091296875 0.4117164328125 0.766798128125 0.410051065625 0.7712529609375001 0.4030968515625 0.7721936859375 0.40021245624999996 0.7789282015625
0 0.4167028390625 0.9035840765625001 0.4313071625 0.9111249843749999 0.4413521375 0.909766159375 0.4422448140625 0.90541585 0.4402867 0.8929920718750001 0.434465134375 0.8810909203125 0.42514965781249997 0.8770641203124999 0.4078673046875 0.8825741421875 0.3892027484375 0.889328528125 0.364716625 0.8841817625000001 0.3975055625 0.901951421875 0.4167028390625 0.9035840765625001
0 0.584890325 0.6788714812500001 0.5845303671875 0.691608834375 0.5860757484375 0.6913997843749999 0.5958807531250001 0.698532525 0.605109846875 0.6919971265625 0.6082774046875 0.68205214375 0.6022926625 0.6691156765625 0.5934667140625 0.668194821875 0.584890325 0.6788714812500001
1 1 1 1 0.5979596390624999 0.9938739640625001 0.594997065625 0.976462040625 0.584663790625 0.9635662734375 0.5779491484375 0.9446521593749999 0.5731060203125 0.9245622078124999 0.5758236734375 0.913048646875 0.5678646671875 0.9006760125 0.5494479859375 0.8881497890624999 0.5500850734375 0.87667941875 0.5474071625 0.85926749375 0.5370738890625 0.8431609796874999 0.5350231296875 0.8299820515625 0.53151895625 0.8160304328125001 0.528119309375 0.802611534375 0.53310670625 0.8025347374999999 0.5426335890625 0.7954605375 0.5478200984375 0.7932288468750001 0.558695871875 0.78241118125 0.5601592234374999 0.76646784375 0.5591437796875 0.7521130765625 0.5632003859375 0.744755715625 0.571597365625 0.73800786875 0.5788545046875 0.7287355828125 0.5801088062499999 0.72051915 0.5780481140625 0.70892879375 0.5796159890625 0.702704078125 0.575171090625 0.691440075 0.578809596875 0.6915696453125 0.5946528921875001 0.6936909359375 0.6081119859374999 0.6847018140625 0.6061558171875 0.67501679375 0.594777290625 0.6646886562500001 0.5993465859375 0.66268735 0.5816417078125 0.6559731078125 0.574090865625 0.6421414734375 0.5664454343750001 0.631410190625 0.578470984375 0.634553728125 0.6034230640625 0.6419206749999999 0.615115165625 0.6391226609375 0.632411878125 0.6318852843749999 0.6365630734375001 0.6258765234375 0.6585236703125 0.6225457890625 0.6674333375 0.6161674859375 0.6820422078125 0.6052730234375 0.6930324421874999 0.6053594046875 0.7035946390625 0.6051626234375 0.71736730625 0.5967062203125 0.7237981812500001 0.5907310625 0.7309507953125 0.5975316875 0.7490638374999999 0.5813915671875 0.7618210624999999 0.572891971875 0.7629708374999999 0.573064734375 0.7840952328125 0.5723448203125 0.8095699390625001 0.5551488499999999 0.825642159375 0.5604472828125 0.8492453484375 0.5490632921875 0.8571296390625001 0.5550912265625 0.8753472062500001 0.5535890359375 0.88083735625 0.5305714984375001 0.8850084218750001 0.5149977046875 0.8913447078125 0.5129291890625 0.9032557953125 0.52234063125 0.9379338734375 0.5311665796875 0.9388547265625 0.5376840421875 0.9601782374999999 0.535255571875 0.9848266796875 0.5345692609375 0.9954934015625 0.5374087734375 1 1 1