0 0.4390625 0.23452426875 0.438962290625 0.2345822953125 0.423368528125 0.2384396453125 0.41947470468750003 0.25556063125 0.42910882656249993 0.2559817390625 0.4390625 0.2513034375 0.4390625 0.23452426875
0 0.32342578906249997 0.26022414375 0.3146051546875 0.259568425 0.3053915140625 0.2647852921875 0.30066585468749996 0.27446715781250003 0.3092214484375 0.27775900625 0.3179049734375 0.27781435625 0.328590203125 0.26385405156249997 0.32342578906249997 0.26022414375
0 0.271123821875 0.346339215625 0.2807305171875 0.335249653125 0.272851359375 0.3311228109375 0.2655206109375 0.32939749687500003 0.254945009375 0.3324475140625 0.24899455312500002 0.3405628328125 0.248601521875 0.346435475 0.2573033359375 0.354164571875 0.271123821875 0.346339215625
0 0.3447965109375 0.2892564046875 0.35443063750000003 0.2896775109375 0.3663498890625 0.28112060625 0.373927384375 0.272536046875 0.3614413890625 0.2710176421875 0.34894684531250003 0.268309809375 0.343014078125 0.28145148125 0.3447965109375 0.2892564046875
0 0.26091395 0.38895878125 0.26552993125 0.39018721875 0.281114546875 0.3824929953125 0.2896335 0.3704373171875 0.295044675 0.363757346875 0.304514275 0.35206746093749997 0.30283645312499996 0.3415902625 0.28972485312499996 0.3518532796875 0.28282376249999996 0.3596028515625 0.27266865625 0.3682908875 0.26373833750000003 0.378545425 0.26091395 0.38895878125
0 0.3411224578125 0.45541536406249994 0.33039144375 0.45019122187500005 0.3208944046875 0.4503705375 0.3138470640625 0.45368281875000005 0.310885546875 0.46349586406250004 0.3183533703125 0.46582155625 0.3311136 0.468540690625 0.3400621625 0.4659599140625 0.3411224578125 0.45541536406249994
0 0.15151964843750002 0.3162012875 0.1527170484375 0.30625715468750003 0.1521594453125 0.3000187671875 0.1460444140625 0.296023059375 0.13709580625 0.2986038484375 0.12909783125000002 0.3015503859375 0.12343073281250001 0.3147033640625 0.13375957031250002 0.3219632265625 0.15151964843750002 0.3162012875
0 0.111986896875 0.22708194062499998 0.12822925624999998 0.2218108703125 0.140962021875 0.2130193453125 0.1485303703125 0.2005979125 0.1402398859375 0.19466996718750001 0.126300584375 0.2095687015625 0.11490232656249999 0.20901646093749998 0.1096373890625 0.2201336765625 0.111986896875 0.22708194062499998
0 0.10633775000000001 0.25884059375 0.110451046875 0.276851915625 0.12007603281250001 0.2734360984375 0.12521299375 0.265555390625 0.135916571875 0.2592688671875 0.1315473515625 0.24773055312499997 0.124216634375 0.2460052296875 0.10875996562500001 0.250462953125 0.10633775000000001 0.25884059375
0 0.1191620234375 0.28841788125 0.1214471328125 0.2794398734375 0.118449009375 0.27390533437500003 0.0996195203125 0.28637494218750004 0.09150276093750001 0.29639484843749997 0.0907258609375 0.311977 0.0988792328125 0.317304578125 0.1098570078125 0.31221884218749996 0.1199938421875 0.29585700625 0.1191620234375 0.28841788125
0 0.07224360468749999 0.299389521875 0.0811922140625 0.29680873124999996 0.09026876874999999 0.2909914421875 0.0960083796875 0.2804756546875 0.0891535640625 0.278514665625 0.085214 0.2764512390625 0.0745012921875 0.27890088749999997 0.0682857484375 0.28965235 0.069382621875 0.29445534375000004 0.07224360468749999 0.299389521875
0 0.754775234375 0.24350452812499998 0.7598812984375 0.2516290796875 0.7790367093749999 0.2501034453125 0.7995051999999999 0.23060435156249998 0.7918634390625 0.2256103859375 0.789978503125 0.2173566203125 0.7760773999999999 0.2181666671875 0.7628617265625 0.22197808281250003 0.756945103125 0.22928277968750002 0.754775234375 0.24350452812499998
0 0.7545903265625 0.1667806921875 0.753254134375 0.17516367500000002 0.761912484375 0.179864453125 0.7888579015625 0.1744926484375 0.77868044375 0.1726292671875 0.78239253125 0.1651606 0.7820267031249999 0.154069434375 0.7709924546875 0.1484543421875 0.76168334375 0.1551379125 0.7545903265625 0.1667806921875
0 0.8863600921875001 0.1791631421875 0.8897294671874999 0.170193790625 0.8807283984375001 0.1639923265625 0.8685293171874999 0.16751055625 0.8622699749999999 0.17331456875 0.8670333234375001 0.17993843437499998 0.8768796250000002 0.18509637031249998 0.8863600921875001 0.1791631421875
1 0.4390625 0.4890625 1 0.4890625 1 0.33966059843749996 0.9879788609375 0.344198359375 0.9790240203125 0.35717785625 0.9639003015625001 0.343145025 0.9473037 0.3511305546875 0.9408498859375001 0.3465937453125 0.9255894781249999 0.34619629218750003 0.9226763953125001 0.333440475 0.89335508125 0.3378979671875 0.869961953125 0.339846 0.856528696875 0.32372611562500003 0.83415215625 0.3253809640625 0.82497973125 0.3184291578125 0.8274807578125 0.300912853125 0.8127228656250001 0.2979711890625 0.7969483828125 0.2953227109375 0.78578900625 0.308138234375 0.7635838234375 0.3105434265625 0.74632490625 0.3251180640625 0.725330784375 0.33757089218749997 0.7258101890624999 0.3254361984375 0.709716103125 0.330877515625 0.68633453125 0.3376207890625 0.6844495953124999 0.329367025 0.6739294203125 0.3260029578125 0.6342824078125 0.3374372078125 0.6300678015625 0.3474500875 0.620918490625 0.350088759375 0.6200501453125 0.3415418078125 0.612396825 0.331752603125 0.5951147953125 0.3367367625 0.587359459375 0.354968653125 0.5728075953125 0.36716305 0.565154278125 0.35737384375 0.5475064171875 0.3512668390625 0.5476431046875 0.3376314625 0.5376254453125 0.3317231859375 0.52084593125 0.33416313125 0.507505128125 0.3564051640625 0.49730455781250005 0.344951303125 0.4925874375 0.357508396875 0.48462607343749997 0.3606042265625 0.4933537640625 0.39407644375 0.48436425468750005 0.39267021875 0.47811647031250004 0.403269471875 0.480858196875 0.41527494843749996 0.4669686484375 0.4208802359375 0.45646003281249997 0.42231140937499995 0.4444207515625 0.42178474218749995 0.4390625 0.43954249062499995 0.4390625 0.4890625
0 0.6789199187499999 0.28617511093750003 0.6657158015625 0.29478176718750004 0.6669384203125001 0.3096246421875 0.6677952109375 0.3133763546875 0.67237564375 0.3144546375 0.690502909375 0.30842695 0.7011597703125 0.298155640625 0.69825824375 0.290195059375 0.6789199187499999 0.28617511093750003
0 0.054723464062500005 0.61521265625 0.058081278125000003 0.6014480640625 0.052975215625 0.5933235140625 0.0366982171875 0.5932192484375001 0.027903178125 0.6021538453125 0.0325877890625 0.6156298484375 0.054723464062500005 0.61521265625
0 0.050645546875 0.6115901609375001 0.039131896875 0.6181097609374999 0.039166565625 0.6324954796875 0.042730409375 0.6338669484375 0.0508631328125 0.6315214625000001 0.0584817796875 0.6269249484375 0.061165720312500005 0.6149542265625 0.050645546875 0.6115901609375001
1 0.4390625 1 0.4390625 0.5706441734375 0.4305095328125 0.5716162203125 0.39844649374999996 0.5640682375 0.3747222078125 0.5693108265625 0.3677427625 0.55772775 0.34607476875 0.5719744484375 0.3277645890625 0.572456553125 0.32279521093749997 0.5506966265625 0.312617753125 0.548833246875 0.30817400781250004 0.5341195843750001 0.2951065796875 0.5290908640625 0.2785330921875 0.5466668718750001 0.2709144453125 0.5512633859375 0.254512315625 0.5695897359375 0.23703581406250002 0.5642330734375001 0.2117924171875 0.5723130624999999 0.2026777765625 0.5893374546875 0.186560578125 0.585188290625 0.1799238515625 0.5751058984374999 0.1580844984375 0.5886022546875 0.147724125 0.5811932921875 0.11655254687500001 0.5917827375 0.0960493859375 0.5968961125 0.09474786406249999 0.6196648125 0.08120103437500001 0.6267707828125 0.0671285734375 0.6268304875 0.033261496875000005 0.644595415625 0.0198744671875 0.647656490625 0.0166880109375 0.6621714234375 0.0045004859375 0.6704848953125 0 0.66996374375 0 0.9835311125 0.0036839296874999995 1 0.4390625 1
0 0.9215817953125001 0.712024146875 0.923774775 0.7073928781250001 0.9229179875 0.7036411656249999 0.9222325546875 0.700639796875 0.9176405640624999 0.6947662734375 0.9064580718750002 0.6979913171875 0.9029057843749999 0.7014150875 0.9036027734375001 0.7092116953125001 0.9058188671875002 0.71417090625 0.9136204296875 0.715119975 0.9215817953125001 0.712024146875
0 0.721450225 0.75614638125 0.72130198125 0.76498651875 0.7275844375 0.7687729859375001 0.7380930546875 0.7673418125 0.7452091859375 0.7652895109375001 0.7504519359375 0.759778684375 0.7529876343749999 0.7566480999999999 0.75349015 0.7541038875 0.7504172671875 0.745392965625 0.7422729890624999 0.7429432125 0.734814140625 0.7434948296874999 0.728040728125 0.7470478140625 0.721450225 0.75614638125
0 0.8224604718750002 0.8093904000000001 0.8190795421875 0.8135645140625 0.8221524265625 0.8222754343750001 0.8289374 0.8235176890625 0.834534421875 0.8243027859375001 0.8408053203125 0.823294015625 0.8469048625 0.8215349 0.8494405593749998 0.818404315625 0.8477269796875 0.8109008921875 0.8412731687499999 0.8063640812500001 0.8343168375 0.8043714859375001 0.8280459390624999 0.8053802578125 0.8224604718750002 0.8093904000000001
0 0.945756796875 0.8937959062499999 0.9369386453124999 0.8931400234375001 0.9243968484374999 0.8951575703125 0.9145736624999999 0.8995901125 0.9162872406249999 0.9070935359375 0.9242601609375001 0.9087929453125 0.9344260609374999 0.9058610890625001 0.9432326578125 0.90172173125 0.945756796875 0.8937959062499999
0 0.5968966124999999 0.6425122812499999 0.5904543546875 0.6427707125 0.5804598125 0.6464529125 0.5742004703125 0.652256925 0.5698029515625 0.6567242234374999 0.5682838453125 0.659561621875 0.5686381171875 0.6658575453125 0.5710140125 0.666771859375 0.5784728593749999 0.6662202421875 0.5866055796875 0.66387475625 0.5911744578125 0.6601578 0.5959031359375 0.652395946875 0.5989413484374999 0.64672115 0.5968966124999999 0.6425122812499999
0 0.5324393781250001 0.6307108671874999 0.531753946875 0.627709496875 0.5295494078124999 0.6275455265625001 0.527002153125 0.625880871875 0.518698075 0.627476015625 0.5109080703125 0.6313221875 0.5087150874999999 0.63595345625 0.5088980046875 0.6414990390625 0.5106115828125 0.6490024609375 0.5206176828125 0.6501155 0.5285790453125 0.647019671875 0.5368715671875 0.6406292875 0.5332961671875001 0.6344625781250001 0.5324393781250001 0.6307108671874999
0 0.6793117484375 0.7187139203124999 0.66947700625 0.7183512234375 0.6632176624999999 0.7241552359375 0.6579864687500001 0.7344613015625 0.6593573296875 0.7404640406249999 0.671910684375 0.743241734375 0.6815625125 0.73805885 0.6845891703125 0.7275888109374999 0.6842464546875 0.7260881265625001 0.6793117484375 0.7187139203124999