0 0.18842695468749998 0.0368137875 0.181600275 0.035097115625 0.173608390625 0.0458937921875 0.18219605781249998 0.06204542656249999 0.195749021875 0.0582203046875 0.19798891875 0.0508388734375 0.18842695468749998 0.0368137875
0 0.11862302656249998 0.0778377609375 0.1280780046875 0.0680018875 0.1254398203125 0.05465069375 0.12114763437500001 0.0507255015625 0.112566559375 0.0511763625 0.105451871875 0.060889275 0.10486927187499999 0.0671459484375 0.10779875781249999 0.0773688046875 0.11862302656249998 0.0778377609375
0 0.18073141718750002 0.30286355625 0.193795584375 0.2959510828125 0.192814696875 0.281475134375 0.176332246875 0.275077403125 0.17448075000000002 0.278287715625 0.1630738796875 0.28407543281250003 0.15634759375 0.289617228125 0.1582023859375 0.2947081625 0.1681527515625 0.30456213125 0.18073141718750002 0.30286355625
1 0.6 0.35 0.6 0 0.2637172734375 0 0.25814037343749996 0.013435085937499999 0.2511293765625 0.0387077109375 0.246549184375 0.046212103125 0.24616407968749998 0.0586844671875 0.25562565 0.0654510875 0.24607357031250002 0.0763297390625 0.2305654171875 0.0678054578125 0.20647619062499997 0.059732040625 0.21097246093750002 0.086475415625 0.22482331718749998 0.0961244484375 0.20844455625 0.10528642968749999 0.2064893703125 0.0929370265625 0.19838720625 0.0715714984375 0.178496359375 0.076767296875 0.18679601875000001 0.10434851406250001 0.18280501875 0.122198725 0.19568487031249998 0.1422755515625 0.2031040390625 0.1626392875 0.22904146875000003 0.1592011484375 0.22358737187500002 0.176090553125 0.21589667499999998 0.208662634375 0.2110185921875 0.20269286874999998 0.19902911875 0.2147372640625 0.1962099140625 0.23667661562500003 0.19280481249999998 0.2565713953125 0.20919345625000002 0.27231315624999997 0.2036422609375 0.29024534062499996 0.2127187234375 0.3094843234375 0.22286988124999998 0.33385522968750003 0.2135120015625 0.342648321875 0.2119502796875 0.35 0.6 0.35
0 0.6145867546875 0.002786665625 0.6059118734375 0.012581551562500001 0.6032835734375 0.0241341 0.6084562515624999 0.035276771875 0.618791725 0.032658378125 0.6259064109375 0.0229454671875 0.6254143187500001 0.011556868750000001 0.6229736296875 0.0044213640625000005 0.6145867546875 0.002786665625
1 0.646283325 0 0.6565244265625 0.019261403125 0.666973475 0.057106464062499994 0.6618040921875 0.0542650375 0.646101740625 0.047826315625 0.6452311328125 0.06551257656250001 0.632555365625 0.06825393125 0.6270979765625 0.0768420890625 0.610910121875 0.0756172640625 0.6103209296875 0.0652714453125 0.6 0.0689521078125 0.6 0.35 1 0.35 1 0.08404477187500001 0.999117428125 0.0832376625 0.9870209703124999 0.071421096875 0.9701468234374999 0.060893232812499996 0.9610736546875 0.0499554953125 0.9511232875000001 0.0401015265625 0.93805253125 0.030411503125 0.9264481640625 0.029983534375 0.9087034109375001 0.037141929687500005 0.8980667515625 0.017984921875 0.8858050671875001 0 0.83272758125 0 0.8225848718750001 0.003272640625 0.80074213125 0.004420284375 0.7870887718749999 0.0009869375 0.7736362031249999 0.012070528125 0.7646634296875 0.008391259375 0.7507220640625001 0.016387496874999997 0.732779815625 0.01733020625 0.7229331390625 0.02303595 0.7061593875 0.0197665515625 0.69758160625 0.028518660937500002 0.696901903125 0.0358181140625 0.682277540625 0.0428125609375 0.66120171875 0.0107142328125 0.6530292578125 0 0.646283325 0
0 0.1691329359375 0.3750886046875 0.15422026875 0.3783137265625 0.1525028578125 0.386949540625 0.1552600203125 0.396571053125 0.16214517343749998 0.4010924875 0.16856950937499998 0.40075494375 0.1717797390625 0.3957030875 0.175561146875 0.3845172328125 0.1691329359375 0.3750886046875
0 0.21026315156250003 0.35 0.2092782453125 0.35588816093750003 0.208021653125 0.36938295 0.21788856562499997 0.371306125 0.23107994375000002 0.36695064374999997 0.23394746406250003 0.3655791796875 0.23979286875 0.351843290625 0.2389767875 0.35 0.21026315156250003 0.35
0 0.4745270171875 0.3810171640625 0.4691346796875 0.3800796890625 0.4608748203125 0.3805136734375 0.45181918750000005 0.3993014203125 0.4536585890625 0.408971153125 0.462379265625 0.413396146875 0.47465288125000005 0.409088884375 0.4791235796875 0.400308409375 0.479576646875 0.38563503906249996 0.4745270171875 0.3810171640625
0 0.585374903125 0.44599930781249997 0.5807860921875 0.446240409375 0.571951178125 0.44304221562499996 0.5657630671875 0.4604585046875 0.5666847046875 0.4701764609375 0.5755196203125 0.4733746515625 0.5848114765625 0.47166564843750003 0.5872181796875 0.4654352140625 0.58789971875 0.4483082453125 0.585374903125 0.44599930781249997
0 0 0.8918004265625001 0.0024199140625 0.9002450609375 0.0087300125 0.901134315625 0.018935756249999998 0.889610921875 0.01697824375 0.8714018156249999 0.0086041484375 0.8730625984374999 0.0017228703125 0.8783073375000001 0 0.8886073437500001 0 0.8918004265625001
1 0.6 1 0.6 0.56502626875 0.5889704796874999 0.5446949515625 0.565675965625 0.5300485140625 0.5531661265625 0.517277028125 0.532053721875 0.5086199234375 0.512780715625 0.50963255 0.5049739234375 0.495393165625 0.499345359375 0.47737694218750004 0.48339681875 0.4721109125 0.4672159296875 0.459532309375 0.4545957328125 0.4577537953125 0.43222673437500003 0.46259148124999994 0.41329643593750004 0.4599237125 0.38679556875 0.46009530468750004 0.3730291359375 0.4608186109375 0.34469662031250003 0.4708528140625 0.346870978125 0.45730980312499997 0.3347077203125 0.45062409375 0.32369845 0.46096891093750003 0.3038503921875 0.458349359375 0.29364852343750003 0.4796389296875 0.2856210125 0.48738548593750003 0.27460786718749997 0.48796413125000004 0.26336624999999997 0.49099637500000004 0.247760415625 0.482049946875 0.24293925781249998 0.474978475 0.2269907171875 0.4697124453125 0.2165565015625 0.48368944062499997 0.20142311875000002 0.50890050625 0.18352869375 0.5147238921875 0.17125895625 0.528797328125 0.1675956609375 0.548522553125 0.158425790625 0.5685371031249999 0.1569407265625 0.584485490625 0.16520833906250001 0.6035838531250001 0.15431330625 0.6127018703125 0.14033003125000001 0.645177290625 0.12553547812500002 0.6569417890625 0.1113237328125 0.6918708078125 0.099857521875 0.7071228234375 0.07967838125 0.7374821890625001 0.0684406421875 0.750280603125 0.0608817015625 0.7824184828125 0.0538900640625 0.7986561937500001 0.0540159296875 0.8267279125 0.0528735734375 0.838995903125 0.0489856828125 0.870940903125 0.041765575 0.8896322109374999 0.0304135984375 0.9036574250000001 0.026636065625 0.9246094515625 0.018616309375 0.9518883546874999 0.0094425640625 0.9621367296875001 0.01644583125 0.9751975359374999 0.029526848437499996 0.981835025 0.0321593609375 1 0.6 1
0 0 0.6198715406249999 0.00861759375 0.617915309375 0.0151522875 0.606584796875 0.008724076562499999 0.597156165625 0.0004642171875 0.5975901484375 0 0.597812171875 0 0.6198715406249999
0 0.9050125515625 0.35 0.9027182093749999 0.3664433546875 0.9141921765625 0.37072368437500003 0.9237086265624999 0.3567949125 0.9243413484375 0.35 0.9050125515625 0.35
0 1 0.35 0.988329234375 0.35 0.98600221875 0.35474272500000004 0.9899094921875001 0.3716285921875 0.9980551171875 0.37242140468749996 1 0.3720866625 1 0.35
0 0.7272553125 0.52459963125 0.7388396390625 0.517886990625 0.7375714171875 0.5020832609375 0.72219793125 0.5004494125 0.715549 0.513006725 0.717274165625 0.5239032546875 0.7272553125 0.52459963125
0 0.7978958656249999 0.4525234546875 0.7821796734375 0.454569996875 0.7792017921875 0.4669344296875 0.7795483734374999 0.47302020625 0.7825340093750001 0.4801881203125 0.7946933875 0.47710765781250003 0.802606665625 0.47058789687499997 0.8020277328125001 0.45718954843750004 0.7978958656249999 0.4525234546875
0 0.8115364312500001 0.4237284296875 0.8083262015624999 0.42878028593749995 0.8109691296874999 0.4396285984375 0.813954765625 0.4467965109375 0.82703190625 0.4436678265625 0.8281742624999999 0.4313998359375 0.8188785296875001 0.42334266718749997 0.8115364312500001 0.4237284296875
1 0.6 1 1 1 1 0.42644475000000004 0.9938322718749999 0.42757914843750006 0.9796050187500001 0.42344347656250003 0.9542503859375 0.4211132484375 0.9323422046875001 0.4308099125 0.9181149546875 0.426674240625 0.8740584953124999 0.41922264531250003 0.8612175765625001 0.439430078125 0.8551320734375001 0.42632104843749996 0.83494518125 0.43714806875 0.8390848015625 0.46134650937499994 0.8348464515625 0.47743956093750006 0.8145453249999999 0.48949337656249997 0.789423040625 0.49447572656250005 0.7729071968750001 0.5051098640625 0.7677549609375001 0.5310173078125 0.7515818249999999 0.53797105 0.736090228125 0.5277978234375 0.72530943125 0.5356890421875 0.7139574546875 0.54971425625 0.7068438265625 0.5476464218749999 0.6983593734375 0.5603001765625001 0.7158007312500001 0.5691501609375 0.712133559375 0.5791092140625 0.701006178125 0.5809146609375 0.69102890625 0.5899844578125 0.665567790625 0.6084133749999999 0.6542158125 0.6224385874999999 0.644013946875 0.64372815625 0.633465496875 0.65893195 0.63209466875 0.6736535390625 0.629120665625 0.6957841453125 0.6 0.6757275921874999 0.6 0.700750203125 0.609508828125 0.71024334375 0.6151373890625 0.7282595656249999 0.6 0.7249249734375001 0.6 1