0 0.71822608125 0.2674049515625 0.712452725 0.2646931078125 0.7033343546874999 0.2674881140625 0.69630241875 0.282729621875 0.703726075 0.2937193890625 0.7116006703125 0.301523496875 0.7183997359375 0.2915519375 0.7242026984375001 0.2795553171875 0.71822608125 0.2674049515625
0 0.5397340296875 0.3303632078125 0.561955184375 0.332873434375 0.5668710781249999 0.319893896875 0.5589964828125 0.3120897875 0.5491148796875 0.3075897875 0.5375533640625 0.3095203328125 0.5343025765625 0.32342356250000004 0.5397340296875 0.3303632078125
0 0.50088060625 0.19886406406249998 0.46323736093749995 0.18387205 0.44934173906249997 0.1859802734375 0.45720152968749994 0.201138615625 0.46829730312500006 0.2097479625 0.50186190625 0.20824335781249997 0.50088060625 0.19886406406249998
0 0.4448323703125 0.2178368515625 0.4541688078125 0.21712613281249998 0.470180475 0.2127559390625 0.44755279375 0.1913686734375 0.43863768593749997 0.2036022015625 0.4448323703125 0.2178368515625
0 0.434871340625 0.1975862453125 0.440550465625 0.19190171250000002 0.43757696093750004 0.1784722984375 0.4248012765625 0.17629349375 0.4174422421875 0.18840856875 0.42318598749999997 0.2058288796875 0.434871340625 0.1975862453125
1 0 0 0 0.409375 0.232290328125 0.409375 0.22598746093750002 0.39731481875 0.23832701250000002 0.395325046875 0.254760009375 0.40247766250000006 0.2546693921875 0.409375 0.2799463 0.409375 0.2707864796875 0.39075323906250004 0.2669259046875 0.37634090625 0.273150196875 0.37586709375 0.2839188703125 0.3813500078125 0.2911836765625 0.3608385578125 0.272089471875 0.350737190625 0.2854547328125 0.336064015625 0.309603471875 0.31951952031249997 0.31813226562499997 0.3335764953125 0.33537290625 0.32596141875 0.32153649687499997 0.2986527109375 0.3334197046875 0.24732682499999997 0.3792942515625 0.258540915625 0.37491811875000003 0.22420939999999998 0.337522546875 0.19659320625 0.3406643015625 0.18164783281250002 0.349629228125 0.19987337968750002 0.364084821875 0.1956216421875 0.3697935546875 0.1752286453125 0.3871580328125 0.1613014796875 0.387187640625 0.1465930125 0.369540475 0.1353310484375 0.3627858203125 0.1232399109375 0.34691279375 0.11394378125 0.3558427078125 0.094356021875 0.348637115625 0.0854505421875 0.34079212812500004 0.06293796562500001 0.35814180156250003 0.056365034375 0.3563972703125 0.039690732812500004 0.341971284375 0.0292340078125 0.3563326484375 0.0165858921875 0.3523340640625 0 0 0
0 0.9764977328125 0.1288485046875 0.9795753406250001 0.1249871015625 0.9810906218750001 0.096073825 0.974625865625 0.0845016171875 0.9649593968750001 0.080294196875 0.9573627359374999 0.087051559375 0.95524068125 0.10204289062500001 0.9689184875000001 0.126953828125 0.9764977328125 0.1288485046875
0 0.5025734796875 0.658515853125 0.5161926765625 0.6475925828125 0.5111203109375 0.63438473125 0.501710390625 0.6326294109375 0.48887825781250005 0.6422569484375 0.48598655468749996 0.649891971875 0.4931635609375 0.6567605328124999 0.5025734796875 0.658515853125
0 0.3777979234375 0.8768670968750001 0.38158754687499996 0.8778144375 0.38969730625 0.8759612765625 0.38555769375 0.8540317109375 0.37431709999999996 0.8524157468750001 0.366994403125 0.852973175 0.3673618078125 0.8653033687499999 0.37087746718750003 0.8724506421874999 0.3777979234375 0.8768670968750001
0 0.3178291109375 0.9209782375 0.3306438296875 0.9200027390625 0.33575102968750004 0.9159065140625 0.3386775625 0.8909674124999999 0.3355641453125 0.8788462562500001 0.320662203125 0.877509009375 0.3129198515625 0.8916923609375 0.31134572656250004 0.89428381875 0.3178291109375 0.9209782375
0 0.42604134687500006 1 0.4296000359375 0.9927979125 0.4247842171875 0.9820421625 0.42256872031250003 0.9785033671875001 0.410284515625 0.9757310328125002 0.4020464828125 0.9763581390624999 0.39483464375 0.9867936562499999 0.40332654375 1 0.42604134687500006 1
0 0.5134784703124999 0.9567532249999999 0.49963755625 0.9479203109375 0.5041968265625 0.95622395625 0.5113389984375 0.9803965937499999 0.519413925 0.9958475140624999 0.5224513187500001 0.9807865046875002 0.53110900625 0.966533475 0.5257626765625 0.9595255593750001 0.5134784703124999 0.9567532249999999
0 0.50917241875 0.5628556765624999 0.507452603125 0.572873125 0.5121401453125001 0.5824028218749999 0.522593678125 0.5853145140625 0.5333211734375001 0.58202626875 0.522902475 0.5618105 0.50917241875 0.5628556765624999
0 0.544531628125 0.468713625 0.5388004750000001 0.45802755624999997 0.5348825765624999 0.4558541671875 0.5259857546875 0.4590030546875 0.5198349437500001 0.46194290625 0.5200740765625 0.473047046875 0.5229309468750001 0.482716103125 0.531168978125 0.48208899531250005 0.5401940749999999 0.48016615937499996 0.5443859375 0.47613961250000003 0.544531628125 0.468713625
0 0.06714866875 0.8795058671875001 0.0759172171875 0.875130928125 0.0829833640625 0.8721213984375 0.0783132375 0.8539396609375001 0.06956210625 0.8496625625 0.0604087359375 0.8503593468750001 0.0579018578125 0.861672525 0.0621871609375 0.87617610625 0.06714866875 0.8795058671875001
1 0 0.409375 0 0.7567941390625 0.012600548437500001 0.7637840875 0.024721645312500002 0.782634446875 0.044602512500000004 0.7786494171875 0.056595335937500005 0.7962737265625 0.0677076546875 0.7966636375 0.0843119953125 0.796635475 0.101575128125 0.7940855328125 0.1158182796875 0.7979445625 0.126948015625 0.7896824328125 0.14223478125 0.7946978343750001 0.15636707656249998 0.7886787734375 0.17533260625 0.7847634234375 0.175845703125 0.7896676296875 0.18339011562500002 0.80886638125 0.19411761249999998 0.8055781359375 0.200688078125 0.7890123609374999 0.2146572671875 0.7990713265625 0.22708716093749998 0.7944176734375 0.234444690625 0.77655616875 0.23067248437500001 0.766956790625 0.2373538078125 0.7602691078125 0.2516143796875 0.7554760968750001 0.253025396875 0.7689626625 0.26532701875 0.763082959375 0.2731976453125 0.7501256578125 0.2746260796875 0.7549601859375 0.27876569375 0.7768897562499999 0.28856043593749997 0.782323228125 0.30216221718749997 0.7800520000000001 0.305584434375 0.7686691453125001 0.30431910625 0.747756590625 0.30668029375 0.7438694015625 0.3181948515625 0.739285428125 0.329965959375 0.7371535546875 0.3459463453125 0.7223431015624999 0.3440396453125 0.6953002890625 0.3541257703125 0.6858817875 0.3434679390625 0.654561878125 0.33552128593749997 0.6403370109375001 0.343374496875 0.6360317484375 0.3520321875 0.6217787203125 0.35259753125 0.6007268109374999 0.3611095296875 0.59389976875 0.36687551875 0.5872817625 0.367551721875 0.5761079421875 0.3751658 0.560698540625 0.37664648437500003 0.5395769515625 0.3809840375 0.52812441875 0.39018965625 0.5014715171875 0.40067802031250005 0.4870791328125 0.39966924062500003 0.468618684375 0.40700935312500003 0.45940921562500003 0.40534178593750003 0.443470546875 0.40054338593749994 0.42406275937500004 0.401910109375 0.409375 0 0.409375
0 1 0.9716463984375 0.9949225984375 0.9724942234375 0.992013715625 0.9821696515625 0.995998128125 0.9902698937500001 1 0.9930262140625 1 0.9716463984375
1 1 0.409375 0.7296875 0.409375 0.7296875 1 0.9515306140625001 1 0.9504358765625 0.9895364656249999 0.953111890625 0.985130984375 0.9623392953125001 0.9833781203124999 0.9767006593750001 0.9707300062499999 0.98569519375 0.9742470859375001 0.9988423890625 0.9574896234375 1 0.957234521875 1 0.409375