0 0.020215140625 0.2276158421875 0.02657821875 0.2285834125 0.03814935 0.224147340625 0.043078990625 0.21038158906249999 0.042253976562500004 0.2058307234375 0.025031370312500002 0.206398153125 0.015110270312499998 0.21993595156249998 0.020215140625 0.2276158421875
0 0.31876385625000003 0.33850925468750004 0.31991887812500003 0.3448804640625 0.325518759375 0.3552908734375 0.337254896875 0.3517649734375 0.3394413015625 0.3365199890625 0.330881590625 0.3302619359375 0.31876385625000003 0.33850925468750004
1 0.4 0 0.07421645624999999 0 0.0738020921875 0.0044037109375 0.065139196875 0.011229190625 0.0646544140625 0.0290341421875 0.078205584375 0.03552014375 0.07975243125 0.057705403125 0.10602975781249999 0.06612654531249999 0.115961084375 0.0731242140625 0.12222097812499999 0.0871753125 0.107030003125 0.09212305 0.1085150328125 0.10031460625 0.10791683593750001 0.11066761875 0.09283927343750001 0.12306729218750001 0.099594175 0.1398489125 0.128336321875 0.14138717812499998 0.14621894062500002 0.1444604421875 0.1511072171875 0.1577719234375 0.15753211250000002 0.172733196875 0.18177780625 0.176774028125 0.20827172656249998 0.17956357812499998 0.2227510984375 0.1775169140625 0.24309853593750003 0.173707303125 0.2592279375 0.18076236875 0.2825970265625 0.1867941015625 0.309090946875 0.1895836515625 0.34140134375 0.1971520171875 0.3702053078125 0.2126839859375 0.397307646875 0.22565599062500002 0.4 0.22625024218749998 0.4 0
0 0.906675371875 0.5870307546875 0.9182410937500001 0.5833455015625 0.925170940625 0.5719365 0.9147979390625001 0.5643527374999999 0.899256184375 0.56860000625 0.8978740171874999 0.57597205625 0.906675371875 0.5870307546875
0 0.4 0.44807267656249994 0.4039660125 0.4458655453125 0.4251715984375 0.4428681296875 0.42481420156249994 0.4261188359375 0.4091998515625 0.42974723593749997 0.400828484375 0.43605669843749995 0.4 0.4363055828125 0.4 0.44807267656249994
0 0.5426514734375 0.4385650859375 0.544896015625 0.4232397671875 0.5217408109375 0.4281927453125 0.52180835625 0.443561703125 0.5426514734375 0.4385650859375
0 0.5970453875 0.373584846875 0.6071988078125 0.3597253859375 0.59400213125 0.35441413593750004 0.5721961062500001 0.3615973734375 0.5796721609375 0.372843403125 0.5970453875 0.373584846875
0 0.5574252765625001 0.34010483125 0.5506849171875 0.35541086875 0.5727289843750001 0.34204259531250003 0.5898687125000001 0.3246277578125 0.5930176984375001 0.3114935046875 0.5744060015625 0.321300878125 0.5574252765625001 0.34010483125
0 0.519604421875 0.24395267656250003 0.535089346875 0.246890046875 0.548718796875 0.2381892046875 0.5335152578125 0.23070882187500003 0.5129101578124999 0.22952040937499998 0.510021396875 0.23608020000000002 0.519604421875 0.24395267656250003
0 0.712349821875 0.527353871875 0.7309615171875 0.5175465 0.7423460078125 0.512861565625 0.7340567265625 0.5015701609375001 0.71191981875 0.5099857125 0.6969893468749999 0.5326008109375 0.712349821875 0.527353871875
0 0.742505675 0.46875392031249996 0.7367743109375 0.4521351109375 0.722682309375 0.46437935625 0.717267253125 0.4794980609375 0.7325709890625001 0.48143582343749997 0.742505675 0.46875392031249996
0 0.7738164703124999 0.43152068750000006 0.763938525 0.43701788593749996 0.756465240625 0.44714987500000003 0.7696699390624999 0.45363669062499995 0.7831614890624999 0.44557826875 0.7851441218749999 0.43402046875 0.7738164703124999 0.43152068750000006
0 0.7610390296875 0.42102400937500006 0.7501306640625 0.4133387921875 0.7389273921875 0.41902332812500004 0.730499234375 0.4325174234375 0.7288790468749999 0.4460745046875 0.7429891234375 0.44777340624999995 0.76074420625 0.4343936734375 0.7610390296875 0.42102400937500006
0 0.7114467671875 0.4024030515625 0.7043439375 0.4157098078125 0.7013983734375 0.42945423437499997 0.7235668515625 0.42427019843749997 0.7270076453125001 0.40646748125 0.7114467671875 0.4024030515625
0 0.9148224640624999 0.48950718593750003 0.9000055859374999 0.49775294218750005 0.908025275 0.5119978625 0.92920554375 0.5098628046875 0.9350083234375 0.495881028125 0.936209225 0.4875093796875 0.9148224640624999 0.48950718593750003
0 0.89840308125 0.48987164375000003 0.9083201484375 0.49862819218750004 0.9248247828124999 0.49219430624999994 0.9259013265625 0.4756384140625 0.9028267390625 0.4758242828125 0.89840308125 0.48987164375000003
1 1 0 0.5861175984375 0 0.5825698562499999 0.006425446875 0.583362290625 0.0257928125 0.5705388140625 0.0450343546875 0.5678989046874999 0.06796277187500001 0.56502093125 0.0970759890625 0.5545318421875 0.08420541718749999 0.532555346875 0.112942640625 0.551415765625 0.11950375625000001 0.5525030875 0.1255015265625 0.5414242218750001 0.1393703 0.5470312671875 0.1478049375 0.5478805796875 0.15998765937499998 0.5458978828125 0.17154539062500002 0.528973975 0.18316478593750002 0.538557021875 0.191037259375 0.5692212718749999 0.18772815468749998 0.557236315625 0.196598834375 0.5555592734375 0.2173405578125 0.568461140625 0.236021546875 0.5869591421875 0.24058353124999998 0.5964853984375 0.2556407140625 0.5872755265625 0.2723210375 0.602465603125 0.288628071875 0.6001205656249999 0.2981866625 0.621212440625 0.30955860625 0.630433084375 0.31543186875 0.6149589171875001 0.335048165625 0.6377278609375 0.3256783828125 0.655387428125 0.3406111375 0.668107978125 0.3582925375 0.649677496875 0.3690995140625 0.6580596328125 0.3853437140625 0.68329805625 0.374599575 0.6968464093750001 0.3593565203125 0.7189580484375 0.3613572015625 0.7267965234375 0.3746025171875 0.7362551843749999 0.37429075 0.7382485859375001 0.38528653749999997 0.7589212546875 0.40184390312499996 0.77754371875 0.4145901171875 0.8036989609375 0.43139773750000004 0.832018109375 0.4376471546875 0.8588307109375 0.44308430468750004 0.8817240671875 0.44189875624999997 0.8912395328125001 0.43440235625 0.8980474859375001 0.43446526875 0.9083553999999999 0.446336309375 0.9086042421875 0.4627048578125 0.9286656749999999 0.4608943859375 0.9353599875 0.475326646875 0.9553078796874999 0.48788551093750004 0.9535523968749999 0.470704709375 0.966137840625 0.45764812031249996 0.9898129812499998 0.453276415625 0.9971076890624999 0.463522859375 1 0.46241411093749996 1 0
0 0.4888343359375 0.4041375921875 0.480224965625 0.4166320828125 0.49902861875 0.430377903125 0.5104699375 0.4185083328125 0.507242253125 0.40293571874999995 0.4888343359375 0.4041375921875
0 0.3376916203125 0.883575571875 0.3370429046875 0.891601984375 0.34040027500000003 0.8927143624999999 0.353409003125 0.8948429328125 0.362262696875 0.88565674375 0.36701390312500004 0.87705044375 0.36309551875 0.872843478125 0.351533171875 0.8728908750000001 0.33992697031249997 0.8784987734375 0.3376916203125 0.883575571875
0 0.0322150453125 0.6839524375 0.042664065625000004 0.6951710125 0.05278003437499999 0.692947646875 0.0588373671875 0.6857436671875 0.0602312 0.6760249875 0.0569176828125 0.669352109375 0.048291946875000005 0.6681909453125 0.0364052421875 0.6722515484375 0.0322150453125 0.6839524375
0 0.3029958828125 0.8662626171875001 0.31362031562500003 0.8552391890625 0.33202896718749997 0.840735046875 0.3291800609375 0.8308226078125 0.3157067203125 0.831933596875 0.30489818125 0.8477438781250001 0.288400521875 0.8611844296875001 0.2881725625 0.871531784375 0.3029958828125 0.8662626171875001
1 0.4 0.61875 0.050504150000000005 0.61875 0.0007364281250000001 0.6669782140625 0.0645881171875 0.6246269484375 0.059047940624999996 0.640486015625 0.063895546875 0.6382138625 0.0794201296875 0.6368129296875 0.08138366875 0.6476439859374999 0.0870727875 0.6500137140625 0.089737590625 0.66471300625 0.08680966875 0.6833767171875 0.1029916625 0.6914045203125 0.1227589875 0.6901973453125 0.13175293593749998 0.681784803125 0.147137265625 0.6796102234375 0.161872878125 0.6854620578125 0.18122814062499998 0.6993890921875 0.1861808375 0.7209062328125 0.179334534375 0.7353629796875 0.1725846296875 0.756153871875 0.1601894578125 0.7690145375 0.1619688890625 0.784632446875 0.161337559375 0.8275691578125001 0.1843923234375 0.7806694171874999 0.198374128125 0.7707583671875 0.217957346875 0.774338046875 0.22532080625 0.768536390625 0.215012040625 0.7580914625 0.199952065625 0.7562528359374999 0.1947275578125 0.7506435484375 0.2101557421875 0.7429084671874999 0.23510372343750002 0.75287108125 0.2650395625 0.7613351890625 0.29049600781249996 0.76249774375 0.31567195 0.762113003125 0.330731921875 0.7639516296875 0.34396860937499996 0.755732846875 0.34509063125 0.761922021875 0.3317749296875 0.7987169546875 0.35904596875 0.7924817703125 0.3744302984375 0.790307190625 0.3766743421875 0.8026855421875 0.4 0.8053802796875 0.4 0.61875
0 0.17033189531249998 0.7263203734375 0.16482687812500002 0.7191637921874999 0.1471107984375 0.720081021875 0.13797659843750001 0.7277199171875 0.14036089375 0.7408719140625 0.151598884375 0.7448377234375 0.1618551046875 0.743388003125 0.167070921875 0.7315421421874999 0.17033189531249998 0.7263203734375
0 0.4 0.9864979453125 0.4085202234375 0.9878473359375001 0.419469015625 0.972810703125 0.420293146875 0.9425422875 0.4179613984375 0.9412849375000001 0.40010506250000005 0.9414285203125001 0.4 0.941537528125 0.4 0.9864979453125
0 0.4001236171875 0.697830090625 0.40199075625 0.702327 0.40469940937500004 0.7114657906249999 0.42432648281249996 0.7094849703125 0.43019970937499996 0.7070678453125 0.43233865937499993 0.6956569 0.43168125156250003 0.6862281640625 0.41792740625 0.685791859375 0.40604069843749996 0.6898524640625 0.4001236171875 0.697830090625
1 1 1 1 0.61875 0.5257243078125 0.61875 0.52596855 0.6260857984375 0.5191661 0.63498204375 0.5075160453125 0.6461504421875001 0.4950770203125 0.6645716078125 0.493087015625 0.694211346875 0.493884678125 0.7044137296875 0.4860127515625 0.7190154468750001 0.49441052812499997 0.730523965625 0.49534844375000003 0.7414999953125 0.4912021015625 0.7476403828125 0.49093028906249997 0.7635482375 0.5021682796875 0.7675140468749999 0.494945071875 0.7740893515625 0.50203671875 0.7841955484375001 0.5105308921875 0.8020382140625 0.502606421875 0.8047452843749999 0.49081611562500005 0.8151400359375 0.49842492031249996 0.8339013218750001 0.501089721875 0.8486006125 0.5209973 0.8481670859375001 0.5242669624999999 0.8604004656249999 0.5312622124999999 0.8641725156250001 0.5401246000000001 0.8724414734374999 0.543858875 0.8814352937500001 0.5281940390625 0.8820625796874999 0.5330941890625 0.8916850734375 0.5526774078125001 0.895264753125 0.5494164359375 0.900486521875 0.53752973125 0.9045471265625 0.5304467749999999 0.911896078125 0.5327872171875 0.9306085765625 0.5383360859375 0.9322046578125001 0.559269284375 0.9316261593749999 0.5699462640624999 0.9324973796875 0.5828147390625 0.933852303125 0.6001100609375 0.9306141328124999 0.613215190625 0.9390768515625 0.6081834796875001 0.9461358593749999 0.6042650984375 0.9419288921875001 0.5910722625 0.944587175 0.5866015625000001 0.9547407703124999 0.5904322390625 0.9700687374999999 0.6106203203125 0.9711825046874999 0.617142265625 0.9607389656249999 0.62353265 0.966976928125 0.6450707125 0.9639325156249999 0.6573256328125 0.9502982046875001 0.66348805625 0.966883521875 0.6904347375000001 0.9646615437499999 0.7099302484375001 0.979362225 0.7429429531249999 0.9873914156250001 0.783836278125 0.9982740375000001 0.782606 1 1 1
0 0.47327583593749994 0.700979021875 0.455331796875 0.71224360625 0.45589280781249997 0.71533819375 0.46079295781249996 0.7249606875 0.46443083593749995 0.727620359375 0.481261546875 0.7276217484374999 0.48913347187500006 0.7130200312499999 0.4855394484375 0.7047998578125 0.47327583593749994 0.700979021875
0 0.5967840609375 1 0.5972520734375 0.9960827890624999 0.5828408171875 0.9862177484375 0.5655454953125 0.98945591875 0.5648967765624999 0.9974823328125 0.5657416421875 1 0.5967840609375 1