0 0.0154224140625 0.20903577499999998 0.0140523265625 0.22299135625000002 0.0171798671875 0.2232093453125 0.0265624890625 0.22386331093749998 0.0380483359375 0.2238832578125 0.040406343750000004 0.21233837968749997 0.0301267953125 0.205376975 0.0154224140625 0.20903577499999998
0 0.2411192078125 0.2390625 0.2404051578125 0.23330379687499997 0.2280041875 0.227755759375 0.219500290625 0.234188578125 0.21713987812500002 0.2390625 0.2411192078125 0.2390625
0 0.131098109375 0.2390625 0.1245405640625 0.2314729796875 0.10359929999999999 0.23391645468750003 0.1029833375 0.2390625 0.131098109375 0.2390625
0 0.5769524703125 0.08580631718750001 0.5737339343750001 0.0894850625 0.587122825 0.0974438046875 0.600657303125 0.0991677703125 0.6061064515625 0.089399575 0.6021183828125001 0.0813154546875 0.596978609375 0.0778347515625 0.5803165921875 0.075892796875 0.5792012843750001 0.078937521875 0.5769524703125 0.08580631718750001
0 0.6281188156249999 0.175240290625 0.639659259375 0.172922196875 0.6526243890625001 0.1543104796875 0.6547094140625 0.1544558046875 0.640314409375 0.14486570781250002 0.6277860484375 0.1447730984375 0.621385378125 0.15057189531249998 0.6159180296875 0.1611194375 0.6208940171874999 0.1716142625 0.6281188156249999 0.175240290625
0 0.48008708593750005 0.2094175828125 0.475092903125 0.1997021046875 0.46265553437499995 0.1957127609375 0.45524874843749996 0.1998802015625 0.45607287812499997 0.20930502812500001 0.4620731796875 0.22065186250000002 0.46949816406249995 0.21570507499999997 0.48008708593750005 0.2094175828125
0 0.0688686671875 0.6108623609375 0.0634559125 0.6190718625 0.0652679625 0.6309073921875 0.077650734375 0.6372347765624999 0.089172978125 0.635696028125 0.0904338765625 0.6264165281249999 0.083336465625 0.617335071875 0.0688686671875 0.6108623609375
0 0.22062067968750002 0.64095483125 0.21526252499999998 0.6468262921875 0.2087708609375 0.6565218234375 0.2148803546875 0.6631925765625 0.21795329843750003 0.66574860625 0.227317721875 0.6671819203125 0.23474270625 0.6622351328125 0.23711891093749998 0.6499109078124999 0.23309444531249998 0.64338548125 0.22062067968750002 0.64095483125
0 0.1503978765625 0.875709228125 0.1450579171875 0.8808013421875 0.13562069999999998 0.8824854156249999 0.11985560625 0.8868508984375 0.123843675 0.8949350203125 0.12995316875000001 0.9016057734375 0.146651584375 0.9019890343749999 0.1613195671875 0.8998889281250001 0.1614469578125 0.8944334999999999 0.1617381359375 0.88196395 0.1503978765625 0.875709228125
0 0.22022289062499997 0.8368615578124998 0.21188278125 0.8362802546874999 0.20548211093750002 0.8420790515625001 0.20736695625 0.8507971937499998 0.2135492421875 0.854350559375 0.22605940468750002 0.855222515625 0.2323872796875 0.85254110625 0.23668472343750002 0.8473763296874999 0.23161774531249998 0.8407782390625 0.22022289062499997 0.8368615578124998
0 0.23563440156249998 0.9370738875000001 0.2253912515625 0.9285537890625001 0.20348026875 0.9278072125 0.19909183125000002 0.9368687234374999 0.1989280453125 0.9438828453125 0.2019281953125 0.9495562625 0.21646878906250003 0.9529115859375 0.22689392343749998 0.953638215625 0.23541601874999998 0.94642605 0.23563440156249998 0.9370738875000001
0 0.47362131874999996 0.49387908750000004 0.480664134375 0.5052985859375 0.4962836390625 0.5071678765625001 0.50059928125 0.5012237531249999 0.5018783765625 0.49116490625000003 0.49264134375 0.48427616406249996 0.48437402812499997 0.48057747343749996 0.47603392031249997 0.47999616874999995 0.47362131874999996 0.49387908750000004
0 0.6068992671875 0.5101940734375 0.6061115328125 0.499210553125 0.6042812859375 0.4881543703125001 0.5992507046875 0.47999758593749997 0.5835948015625 0.47968698750000005 0.5771941328125 0.4854857859375 0.5770667421875 0.4909412140625 0.5779636671875 0.49724865312500005 0.58096381875 0.5029220703125 0.5880976265625 0.5104448328125001 0.5984135687500001 0.51584754375 0.6068992671875 0.5101940734375
0 0.53312 0.3606378328125 0.5271015 0.35007034375 0.527392678125 0.33760079374999996 0.527702053125 0.324351896875 0.5156104578125 0.3055549609375 0.503100296875 0.3046830046875 0.5070337687500001 0.3151051671875 0.51380360625 0.33821486875 0.520664434375 0.3574278359375 0.51957251875 0.40418865000000004 0.5331615921874999 0.40357457500000005 0.53312 0.3606378328125
1 0.6796875 1 0.6796875 0.5970827062499999 0.652834846875 0.600044078125 0.643816196875 0.5838031734375 0.6293483984375 0.5773304625 0.6154863453125 0.589634740625 0.61005539375 0.5986235890625 0.6012057265624999 0.6198639984375001 0.6010419390624999 0.626878121875 0.5707362500000001 0.62788828125 0.55094669375 0.6257283375 0.52258044375 0.6331186000000001 0.49935396875000004 0.643989565625 0.483552478125 0.6499137421875 0.48424922031250006 0.6647939968750001 0.4714296796875 0.6771709390625 0.44836699218750004 0.68102778125 0.44604538437499996 0.6910139656250001 0.42733473593750004 0.687367990625 0.41934039843750004 0.6719790953125 0.3962777125 0.6758359375 0.38969505625 0.6894282046875 0.40617508750000003 0.699163628125 0.4047868015625 0.71389855625 0.37952989531250003 0.7222861546875 0.3701836703125 0.72007349375 0.35954015156249997 0.7286990265625 0.3406657171875 0.7320671734374999 0.3311375046875 0.7376479828125 0.318809328125 0.7289825578125 0.3051292609375 0.7334933671874999 0.3027166609375 0.7473762859375 0.313947728125 0.7583070875 0.32214225 0.7651231671875001 0.340046965625 0.75856496875 0.36409756875 0.7571188296875 0.356617990625 0.764403659375 0.3409802875 0.7633137140625 0.32724562343749997 0.7701625640625 0.3248876203125 0.7817074421875 0.31100736875 0.7947910671875 0.30670992343750003 0.7999558437500001 0.3115949171875 0.8143474031250001 0.30823079531249997 0.8242609234374999 0.32059536875 0.8313676546875 0.31181849375000004 0.8494906765625 0.30110218125 0.8612335984375001 0.29958650468750003 0.8814239546875001 0.291815746875 0.9011783328125 0.28828783593749996 0.9181059765625001 0.2814140046875 0.9441677937499999 0.2956452234375 0.9607720140625 0.3004392234375 0.9790603078124999 0.3062757375 0.997421265625 0.310083621875 1 0.6796875 1
0 0.0910604015625 0.823175265625 0.06839808281250001 0.8098864765624999 0.050620756249999996 0.8109892468750001 0.024812696875 0.7982618140625 0.0172967203125 0.8071053359375 0.04323216875 0.8143773390625 0.0658398921875 0.8300041703125001 0.0938785671875 0.8366421531250001 0.0910604015625 0.823175265625
0 0.783630503125 0.6712602125 0.785442553125 0.6830957421875 0.7884245046875 0.68954850625 0.795649303125 0.693174534375 0.8071169546875 0.6939738281250001 0.811505390625 0.6849123171875 0.8024321437499999 0.6710094515625 0.783630503125 0.6712602125
0 0.7219636125 0.7184826546874999 0.718745078125 0.7221614 0.7225511609375 0.738038990625 0.7349339328125 0.744366375 0.7433286390625 0.7426096375 0.74777166875 0.7312100859374999 0.74382 0.7215672718749999 0.7219636125 0.7184826546874999
0 0.75185073125 0.7353974734375 0.748559403125 0.7421936062500001 0.746219596875 0.7529591375 0.7533716015625 0.759702553125 0.7691002984375 0.7568957640625 0.7755191671875 0.75031761875 0.7663549265625 0.7403114890625 0.75185073125 0.7353974734375
0 0.7009801109375 1 0.709266234375 0.9939354843749999 0.6991140765625 0.9815186515625001 0.6833853796875 0.984325440625 0.6905191875 0.9918482031250001 0.6815212953125 1 0.7009801109375 1
0 0.8112520703125 1 0.8157118078125001 0.996671028125 0.8148694781250001 0.98802555 0.8025594984375001 0.978580778125 0.7847093796875 0.982800934375 0.7866124203125 0.9907397296875 0.7895397765625 0.9995305343750001 0.790207678125 1 0.8112520703125 1
0 0.8342898703125 0.9612769937500001 0.8341260828125 0.9682911171875 0.8391930609375 0.9748892062500001 0.848502890625 0.9786605609375 0.8581038953125001 0.969962365625 0.8572069703124999 0.9636549265625 0.8469092249999999 0.95747286875 0.8342898703125 0.9612769937500001
0 0.908986909375 0.6690689140625 0.9015437281249999 0.6747950484375 0.9043618921875 0.6882619359375 0.9167082671875001 0.6961480140625 0.9250847734375001 0.6951706234375 0.93479496875 0.681796346875 0.9287582703125 0.6720082046875 0.908986909375 0.6690689140625